# (k1,k2,k3) at z_eff=1.4829819053951014 SGC ks grid in /home/marina/eBOSS-QSO-DR16/bis-fits/input-s2rebin/models/k_eff-bisp.txt 
#  Minv(k1) Minv(k2) Minv(k3)
2.263156107678879810e-03 1.772030232259609508e-03 1.656722790022031530e-03
1.778862330908416315e-03 1.580538258472727851e-03 7.083596054323663353e-04
2.005492732257676582e-03 6.838908132877864407e-04 6.093427411509601786e-04
7.098776974528517997e-04 6.337773885927675292e-04 5.873848849529449481e-04
1.575849360776420500e-03 1.575849360776420500e-03 4.164876564369081389e-04
1.745073257557015842e-03 5.945933428904641004e-04 3.890845001974395020e-04
6.811939665814315068e-04 5.957425440693476420e-04 3.696335036385252153e-04
2.004441190635218584e-03 3.780766350899063136e-04 3.545333366002234175e-04
6.518040958391897429e-04 3.797738317711206457e-04 3.535563799978476830e-04
3.863624670784993704e-04 3.636598567156518799e-04 3.473491546276494951e-04
1.575849360776420283e-03 5.574463494846416001e-04 2.838478420587066658e-04
6.009294247489332290e-04 5.587492965840407328e-04 2.708999466250355294e-04
1.743848360415657705e-03 3.486821038709625648e-04 2.722596160934897657e-04
6.439181005819969925e-04 3.649089363233416110e-04 2.635839333056784689e-04
3.797742352772104607e-04 3.535566652267853197e-04 2.626999362012398228e-04
2.003134614244301420e-03 2.675737598107594565e-04 2.573603887371624576e-04
6.518047528966470138e-04 2.682844554684463601e-04 2.568967162069985487e-04
3.672321919363266381e-04 2.682843329124830439e-04 2.568968434808384534e-04
2.712272861399926921e-04 2.616249478129148106e-04 2.542191707717274068e-04
5.574463494846416001e-04 5.574463494846416001e-04 2.195894465709817599e-04
1.575849360776420500e-03 3.353340301209061609e-04 2.195894465709817599e-04
5.921263206562988246e-04 3.478997119983025309e-04 2.136586619954769159e-04
3.769985506385740959e-04 3.496530019626112882e-04 2.086966428868635586e-04
1.743412940452446561e-03 2.544946289403831924e-04 2.133486651406263650e-04
6.437086385938433838e-04 2.616907166414083490e-04 2.085133722400797304e-04
3.672324473395514118e-04 2.627000389091846194e-04 2.079576548499471780e-04
2.682843929305764037e-04 2.568968050405319057e-04 2.079576154930145345e-04
2.003287637685411283e-03 2.107854042543866476e-04 2.039254312536518585e-04
6.518045175318882981e-04 2.111734602957962895e-04 2.035577130960053839e-04
3.672323149330900200e-04 2.111733795759166430e-04 2.035576810056645013e-04
2.627000150944077002e-04 2.111733783008505985e-04 2.035576529546570751e-04
2.128408133317658978e-04 2.072758580579280789e-04 2.014701299841321891e-04
5.574463494846416001e-04 3.353340301209061609e-04 1.765912498961339275e-04
3.505804279291247741e-04 3.358185227504719675e-04 1.715286569549281221e-04
1.575849360776420283e-03 2.484440615002765597e-04 1.765912498961339275e-04
5.920751810722494918e-04 2.541445863365200111e-04 1.722044914906648374e-04
3.646648455373699416e-04 2.616135270194798728e-04 1.678576430733861430e-04
2.682844187878608705e-04 2.568968614144556640e-04 1.673538553156092676e-04
1.743244734869727483e-03 2.016308297756227844e-04 1.719667386318350709e-04
6.436964779165253898e-04 2.072037204651648102e-04 1.678219051516049456e-04
3.672323524605562348e-04 2.079576255613827928e-04 1.673538298238814526e-04
2.626999838609438056e-04 2.079576156024215655e-04 1.673538018891654159e-04
2.111733848726129927e-04 2.035576913718049831e-04 1.673538577752646582e-04
2.003190200671577624e-03 1.698669046310063242e-04 1.646692730845497295e-04
6.518040703936035666e-04 1.701993231745605188e-04 1.644129748168059819e-04
3.672325093446824761e-04 1.701993000009952928e-04 1.644130139171679004e-04
2.627000440898694393e-04 1.701993058961331321e-04 1.644130160378129771e-04
2.079576560675596689e-04 1.701992909931206058e-04 1.644129961810425066e-04
1.716269832771710562e-04 1.669999603534015435e-04 1.630023769778559230e-04
3.353340301209061609e-04 3.353340301209061609e-04 1.453524853459656880e-04
5.574463494846416001e-04 2.484440615002765597e-04 1.453524853459656880e-04
3.475885915547577269e-04 2.540113881990271275e-04 1.423980054740493697e-04
2.670661855201585284e-04 2.551055197606483574e-04 1.396022397974974879e-04
1.575849360776420283e-03 1.966507350124713878e-04 1.453524853459656880e-04
5.919798602906687452e-04 2.013403815184103903e-04 1.423418792955045292e-04
3.646474317706174220e-04 2.071415769210639148e-04 1.394912514299890486e-04
2.627000031312111536e-04 2.079576413806445733e-04 1.391619728081021985e-04
2.111733747096183878e-04 2.035576762812771161e-04 1.391619912665312383e-04
1.743115102988216638e-03 1.630544960360936710e-04 1.421721938443933704e-04
6.436439419040458111e-04 1.668487827836572695e-04 1.394678968232031008e-04
3.672323695506620952e-04 1.673538059152757530e-04 1.391619764798282348e-04
2.627000281166226255e-04 1.673538237643402374e-04 1.391619716682943595e-04
2.079576147109231832e-04 1.673538132829399845e-04 1.391619724982966590e-04
1.701993323239373045e-04 1.644130267960003681e-04 1.391619912335884059e-04
2.003043285920810823e-03 1.407929914770768070e-04 1.374326158368901856e-04
6.518039682481455675e-04 1.410056595344516387e-04 1.372642405988929468e-04
3.672325424620108002e-04 1.410056713160481162e-04 1.372642526592288852e-04
2.626999868314922005e-04 1.410056664763314625e-04 1.372642671838798171e-04
2.079575902929350982e-04 1.410056663840807383e-04 1.372642543408932416e-04
1.673538222897471390e-04 1.410056841308722421e-04 1.372642516296912918e-04
1.419420013385944818e-04 1.389549489193879972e-04 1.363508010190562678e-04
3.353340301209062151e-04 2.484440615002765597e-04 1.254039734145544519e-04
2.553716930348479933e-04 2.486752252230411313e-04 1.233768055986052053e-04
5.574463494846416001e-04 1.966507350124713878e-04 1.254039734145544519e-04
3.475326977569178971e-04 2.012247330278059453e-04 1.236892872394333980e-04
2.615676497389794004e-04 2.071126903865018649e-04 1.220088752609226735e-04
2.111733447655214353e-04 2.035576854088875132e-04 1.218129380846414930e-04
1.575849360776420283e-03 1.595590176992139561e-04 1.254039734145544519e-04
5.918882886073422844e-04 1.628465099581950218e-04 1.236534764944241754e-04
3.646304824698170383e-04 1.668071169564788617e-04 1.220032927721515647e-04
2.626999660608480441e-04 1.673538249577180450e-04 1.218129466097171986e-04
2.079576373289791303e-04 1.673538185054823809e-04 1.218129520431648628e-04
1.701992747768879576e-04 1.644129883006396333e-04 1.218129491702379637e-04
1.743057317124062583e-03 1.363688271211134550e-04 1.235509992166991772e-04
6.436284921039374992e-04 1.388361555304681806e-04 1.219889483148797190e-04
3.672324428234022926e-04 1.391619723206405921e-04 1.218129502434095988e-04
2.627000434734778987e-04 1.391619810873588733e-04 1.218129558076061768e-04
2.079576411793271763e-04 1.391619803567487480e-04 1.218129370908877212e-04
1.673538283994138124e-04 1.391619741981835808e-04 1.218129447085531037e-04
1.410056694031350916e-04 1.372642523828206216e-04 1.218129555388004201e-04
2.003135136464229311e-03 1.227553848614722806e-04 1.208341795186927193e-04
6.518038700520990044e-04 1.228763755771328508e-04 1.207379766425441600e-04
3.672322874222332546e-04 1.228763777952238774e-04 1.207379576364160813e-04
2.626999817882678988e-04 1.228763727531331090e-04 1.207379450898122565e-04
2.079576508802209647e-04 1.228763834048221396e-04 1.207379705322421035e-04
1.673538186711498552e-04 1.228763776345848243e-04 1.207379535086487937e-04
1.391619908017223829e-04 1.228763762883579834e-04 1.207379488610628752e-04
1.234273469569157353e-04 1.217107513125428311e-04 1.202237004419508503e-04
