# Pk covarinace for p=0.0, NGC Pk*A/Q0(0)
2.673206049627185166e+08 1.709456763378459588e+07 -4.752188183057137765e+06 -4.884777643931196071e+05 1.713974865762543923e+05 -9.484570062294411473e+05 -3.914079642790529761e+05 -7.022580779508090345e+05 -1.330886104947030544e+06 5.971488776071923785e+05 6.558316461822595447e+05 2.791730528731247759e+05 -1.136210071734420926e+05 -5.055421405442410614e+05 5.092157311896744068e+05 7.135106241557457543e+04 -1.703393949140975019e+05 2.507688661087201908e+05 1.481934904091722565e+05 -7.171367132040052093e+04 9.268464205856632907e+04 -3.125041145788094145e+05 -2.363518993689909985e+05 2.484100592689344194e+05 1.534354177052774467e+05 -6.307542872504067054e+04 -2.489025373478654656e+05 -1.787207472826322482e+05 2.053576815099884407e+05 -2.450090296122397194e+04 2.423509273879263201e+05 4.026071938237688737e+05 -1.103590406430602889e+04 -8.146843944969520089e+04 1.338412782041074242e+05 -8.832543236621637334e+03 -1.605974041451686026e+04 3.474874376503466920e+04 1.128358350534301862e+05 1.442831266542188532e+05 1.492385357055995883e+03 9.639587029405726935e+04 -2.183481388720611903e+03 1.207309082274827670e+05 -4.882844644064090971e+04
1.709456763378459588e+07 7.395372318126246333e+07 5.874433713989893906e+06 -1.110875982170251518e+05 5.658390645795472665e+05 8.385316698512445437e+05 4.905162157719081733e+05 -4.099041627639420913e+05 -4.056572974313682644e+05 3.023161195703937556e+05 7.996964599420239210e+03 -2.114381196548584849e+05 -1.477606587595304300e+05 -6.310669611024209298e+05 -2.068942428990011686e+05 4.556838395558475167e+04 -1.334307555845409224e+05 2.269850160591161984e+05 -1.333302264170067428e+04 -2.812563289764869842e+05 4.543230669657570979e+04 -1.812521902729829599e+05 -1.895235336174519325e+05 -1.049111043307250111e+04 -1.399588607009575935e+05 -1.617025149347380284e+04 1.499362391061142262e+05 -2.812236978869461836e+03 -5.841503319353603001e+04 -1.087617765980901604e+05 -8.572783568179840222e+04 -6.814038738617193303e+04 3.135738690971615870e+04 5.802692714140779572e+03 5.392112823233273957e+04 7.131662563765396771e+04 -5.302435876643990923e+04 1.036486760495007911e+04 -4.334251282936584175e+04 -1.087752365667421373e+02 -5.096560929531730653e+04 1.125734515338638084e+04 -2.661820308981492781e+04 5.160995670051131310e+04 3.622326759950379346e+04
-4.752188183057137765e+06 5.874433713989893906e+06 3.055738344585834816e+07 4.050087074761428870e+06 9.252523778907827800e+05 7.215790177488472546e+05 6.166591116188769229e+05 2.865352578193634399e+05 1.516450736601770041e+05 9.454555583069018030e+04 -2.577741938987934845e+05 5.082507441798936634e+04 -1.990006366645059315e+05 -2.459168932669544665e+04 -8.527764377870090584e+02 1.262645697381782156e+04 -1.188200585183282055e+04 -2.029105752535235079e+05 1.072936260621956026e+05 -5.266996840206983325e+04 2.216839344509231159e+04 -1.608901252005465212e+05 -7.346239470086802612e+04 3.273773261299556179e+04 1.014353175095770421e+05 4.029362594852217444e+04 1.174589870411393931e+05 -5.285081516122636094e+04 9.832653758127969922e+04 4.684614728463637584e+04 1.424405354232890822e+05 -1.944726488601057281e+04 -4.975216317620688642e+04 2.417395452376362664e+04 -1.593548328082283842e+04 -5.184296988433031947e+04 3.262732977372358800e+04 -4.705825594295511110e+04 6.999824321742795291e+04 6.617990361583599588e+04 5.170197947479558934e+03 6.023461491345566901e+04 -1.248627137244725236e+04 2.345331582703013919e+04 6.030536461952866375e+04
-4.884777643931196071e+05 -1.110875982170251518e+05 4.050087074761428870e+06 1.627738091081265174e+07 2.083746179201265797e+06 2.364126152766901068e+05 1.114790542376007797e+05 1.027982545418297232e+05 3.326908003482203349e+05 1.087324498218789377e+05 -2.586371689417880407e+04 1.020643422745427670e+05 -1.583123787246709689e+05 4.814931191347979620e+03 8.502443057141591271e+04 5.931931934253490908e+04 -8.619564236539744888e+04 -1.269574192621612310e+05 1.305204729783704970e+05 6.654837315965232847e+04 7.300565595080089406e+04 -4.641087687918631855e+04 6.123285013583891850e+04 3.098838275083779081e+04 1.581838179755892088e+04 8.959133221248388872e+04 1.387890374185641122e+05 3.954871060027922067e+04 -1.198916947520182839e+04 4.439375657205082825e+04 4.334538909895978577e+04 1.587486945919368009e+04 4.739467365934908594e+04 -3.960480814113363522e+03 4.485528062337315350e+04 1.684377308578520388e+04 4.066050720611162978e+04 -6.244466867352775444e+04 -1.850583847201396202e+04 -1.728836155627061316e+03 -2.123920794381996166e+04 -3.931110591892619141e+03 -3.133286002429624932e+04 4.630445865654158297e+03 -9.656770657081653553e+03
1.713974865762543923e+05 5.658390645795472665e+05 9.252523778907827800e+05 2.083746179201265797e+06 9.264311234792439267e+06 9.712580097328270786e+05 -1.141378111401626520e+05 -8.052271005014283583e+04 2.602455685625674960e+05 3.504226732252626680e+05 -5.073712954823861946e+04 1.785252224650971402e+04 1.729554570418837466e+04 1.748182406419635663e+04 1.009168658390439523e+05 4.441249787048625149e+04 -5.790445915522558789e+04 2.428771384663051140e+04 -1.014523145875253067e+04 -2.385841663475923633e+04 6.201220694028384969e+03 4.148754836182500003e+04 -9.469447480150200136e+03 2.827090117363933678e+04 6.726474794161719728e+03 3.222312724452350085e+04 3.243133356188724792e+04 6.257713097838937392e+04 1.036797430154423273e+04 -1.792161628807503075e+04 -1.326073052186908535e+04 2.995304495331629732e+04 2.997828738177820560e+04 5.539759993536223192e+04 2.113563922561187792e+04 1.545753726240266224e+04 -3.952879496305730299e+03 -1.814894516324060532e+04 1.474283744542106251e+04 1.930461215328843900e+04 -8.479635256735318762e+03 1.017407844860865953e+04 -1.347057181784604836e+04 -2.729872167258879563e+04 -1.218208322649403954e+03
-9.484570062294411473e+05 8.385316698512445437e+05 7.215790177488472546e+05 2.364126152766901068e+05 9.712580097328270786e+05 5.894201237590819597e+06 7.325284601927984040e+05 -3.130907043143524425e+04 -1.155080471857934172e+05 1.872252838131086610e+05 9.847300882697636553e+04 4.086115387609359459e+04 1.473839798113496363e+04 4.708975478276090871e+04 -1.288751061648368159e+04 -8.016566344758862397e+04 -4.387643560834812524e+04 -4.421563485597204999e+04 1.729477698346574834e+04 -7.188799327528123104e+04 6.615272494549762632e+04 2.423793678513930718e+04 -3.923130604680460237e+04 8.068720853874438944e+03 1.495961884287944770e+02 -2.008283503445098404e+03 3.498275871968258434e+04 -3.048985228623266084e+04 2.943471340877699276e+03 5.789612979540196829e+04 -1.020439582848177088e+04 -4.070727325109136291e+04 -2.377525886645037644e+03 1.691808363365533296e+04 1.458963873715143745e+04 2.509753091769657840e+04 3.063457338319727569e+03 -1.326188765913994575e+04 -8.313793755522767242e+03 -2.018707582594845007e+04 3.990480979512684826e+03 9.749714457800086166e+03 -4.598427304362367067e+03 -2.725528569335506859e+02 -1.132340108845025316e+04
-3.914079642790529761e+05 4.905162157719081733e+05 6.166591116188769229e+05 1.114790542376007797e+05 -1.141378111401626520e+05 7.325284601927984040e+05 4.144244017442685552e+06 6.926316233124798164e+05 2.077277164797514270e+05 7.057856856193688873e+04 -5.168032530358581425e+04 2.254978293389213286e+04 -4.979190863946157333e+04 7.434715846196994244e+04 6.250479857499603895e+03 -4.977725763330998598e+04 -8.663268117072351743e+03 -2.461124790140809637e+04 2.544961585004566587e+04 -8.189065551130486710e+03 1.103956192622370509e+04 -6.158975736993315513e+04 2.216775349045828989e+04 -2.831988372874130164e+03 5.324668300336009270e+04 1.654472465977138199e+04 5.510786407786828931e+04 2.306380828806368299e+04 -1.372465685170196048e+04 -3.086294173471819704e+02 5.053482502378662502e+03 2.806614052175664983e+04 -3.167746874960204764e+02 -2.231064206708237180e+04 -1.305908306395181398e+03 6.967256412654850465e+03 8.263559137433787328e+03 3.898446646690946636e+03 -4.637212207465248866e+03 2.110058785637447272e+03 -5.094854560649801897e+03 8.558379415670369781e+03 -5.998112018752360200e+03 2.863303045673627821e+03 1.661159718409039897e+03
-7.022580779508090345e+05 -4.099041627639420913e+05 2.865352578193634399e+05 1.027982545418297232e+05 -8.052271005014283583e+04 -3.130907043143524425e+04 6.926316233124798164e+05 2.770901344881789759e+06 4.956710747975740815e+05 4.128283090734027064e+04 3.169120862397933161e+04 2.251719895706773968e+03 3.144770865698610578e+03 8.548052444860554533e+04 9.997145176612482828e+03 -4.329201510733852956e+03 -1.692966624455719284e+04 2.761489407807968746e+04 1.864244878752575096e+04 3.653492397949786391e+04 2.587635216928766386e+04 -4.265326766717154533e+04 3.321832645506787230e+03 -1.267427599254418237e+04 7.647604555255674086e+02 4.837413758821523516e+03 -7.253527196974895560e+03 8.058640532567860646e+03 7.638793911095182921e+03 -3.449066940432336196e+03 -9.514258096577115793e+03 3.072229108531261227e+04 -1.236568142834356877e+04 -6.645518214830587567e+03 9.908992088578849007e+02 -4.821287573411926132e+03 1.923590746602443687e+04 8.343972587764837954e+03 -1.107613145207429989e+04 -7.964057824674468065e+03 -8.677024189969539293e+03 -5.150343084646391617e+03 6.017999553354557975e+03 -2.473871999792078714e+04 -1.472914955791099146e+03
-1.330886104947030544e+06 -4.056572974313682644e+05 1.516450736601770041e+05 3.326908003482203349e+05 2.602455685625674960e+05 -1.155080471857934172e+05 2.077277164797514270e+05 4.956710747975740815e+05 1.962963338464529486e+06 2.921655404653306468e+05 7.501044677894881170e+04 1.899747733304498979e+04 3.850050066205288022e+04 4.906169282239640779e+03 7.244785751468817762e+04 4.095744028558729769e+04 2.431874527018867866e+03 2.418197673446593762e+04 2.842996649828246518e+04 2.303142978036602653e+04 4.617547746597694641e+04 1.467000720537327470e+04 1.437953844357023081e+04 8.673335831727159530e+03 4.918927734687841621e+03 2.899784938670604242e+04 3.021116375217593668e+04 4.349085476557357470e+04 2.301462147985191405e+04 5.172258329636210874e+03 -1.216542465620318399e+04 1.490052063614713916e+04 7.259285270231815048e+03 -2.257725005416761178e+03 6.962618946221606166e+03 8.876048185495143343e+02 1.254862491647807838e+04 1.879340316360213137e+03 2.552046071674062205e+03 8.253993978137903468e+03 2.371559964432890047e+04 7.316859296424722743e+03 -5.140104479643067862e+03 4.589283586827466024e+03 -2.720143818187216766e+03
5.971488776071923785e+05 3.023161195703937556e+05 9.454555583069018030e+04 1.087324498218789377e+05 3.504226732252626680e+05 1.872252838131086610e+05 7.057856856193688873e+04 4.128283090734027064e+04 2.921655404653306468e+05 1.508620457280529197e+06 2.899420666516796919e+05 3.496209177670890494e+04 7.598657455131711322e+04 -1.766183940392532895e+04 3.490875210235197301e+04 4.023690639310119877e+04 -7.587475865701871044e+03 -8.175190870641877154e+03 1.522001666825023858e+04 1.444977306559475073e+04 3.839291750841499015e+04 1.771000970612301535e+04 -7.565768147092843492e+02 -1.193452621503752562e+04 -4.502568408445227760e+03 1.936851543246738220e+04 1.233205870847340520e+04 -8.557729900535374327e+03 4.019330592765282927e+04 1.973422586547767060e+04 3.830908635282777141e+03 1.338555162455464779e+04 1.243876185897165669e+04 -3.680864276752572096e+03 -3.060129784813267179e+03 -4.873722064657470582e+03 8.754816550423969602e+03 -1.792816594893826277e+03 1.484502904216025127e+04 9.121845728509851980e+00 4.177476327546076391e+03 3.954136032980874461e+03 4.842223971019267310e+02 1.720118068222185457e+02 1.719130033626887234e+04
6.558316461822595447e+05 7.996964599420239210e+03 -2.577741938987934845e+05 -2.586371689417880407e+04 -5.073712954823861946e+04 9.847300882697636553e+04 -5.168032530358581425e+04 3.169120862397933161e+04 7.501044677894881170e+04 2.899420666516796919e+05 1.188729485237425193e+06 1.505367881563169067e+05 1.626927111039583724e+04 1.904431297814919890e+04 4.619693913791466912e+04 4.065482914791706571e+04 3.547808179732629651e+04 5.333350964102878061e+04 2.578957094688838333e+04 2.904606707405135239e+03 3.249309814075233589e+04 2.255120036693618385e+04 2.758260244114745001e+04 2.138705961414357080e+04 -1.558704692820576747e+04 1.211225027368903829e+04 -3.206504246430657076e+03 1.385657805371346512e+04 -1.090870423096767445e+04 -9.087593921436372284e+02 3.216119546028799959e+03 6.462551643806214088e+03 1.271223567825106147e+04 6.801492392138171454e+03 -1.368683883701801096e+04 -2.388529710270417127e+03 -9.241959305798357036e+02 -7.333704460295331273e+02 -1.295412031691362813e+02 -1.402502854065569045e+04 3.994008670593993884e+03 2.331125843827518565e+03 1.309190010227637322e+04 -6.727148542161168734e+03 4.891897958371269851e+03
2.791730528731247759e+05 -2.114381196548584849e+05 5.082507441798936634e+04 1.020643422745427670e+05 1.785252224650971402e+04 4.086115387609359459e+04 2.254978293389213286e+04 2.251719895706773968e+03 1.899747733304498979e+04 3.496209177670890494e+04 1.505367881563169067e+05 8.806072420555376448e+05 1.050785963368082303e+05 1.003159047753409322e+04 1.892425031876298453e+04 -2.991970294487764477e+04 2.113145720970773982e+04 -2.554798464458531271e+03 1.565722186712197754e+03 1.037648482537557902e+04 1.553611162553786562e+04 2.350771450175619611e+04 1.380423586664975664e+04 1.453126915584638255e+03 1.602336715447986171e+04 1.477789739286463373e+04 -2.253056655105238860e+03 8.651909457573978216e+03 -7.750591635127111658e+03 1.687597776174654791e+04 3.176956861580568784e+03 7.172834416661533396e+03 1.301444272375821674e+04 7.540084558387351535e+03 9.335985275907263713e+03 2.181360982360128764e+04 2.813673372903825293e+04 7.078387412853345268e+03 9.324559390920552687e+03 2.692969183263979176e+03 5.447217423516013696e+03 5.618191548468935252e+03 1.210615032308623086e+03 -1.142049377435717906e+04 -6.576779352201394431e+03
-1.136210071734420926e+05 -1.477606587595304300e+05 -1.990006366645059315e+05 -1.583123787246709689e+05 1.729554570418837466e+04 1.473839798113496363e+04 -4.979190863946157333e+04 3.144770865698610578e+03 3.850050066205288022e+04 7.598657455131711322e+04 1.626927111039583724e+04 1.050785963368082303e+05 8.108718340918513713e+05 1.499829722820965399e+05 3.082167017711904191e+04 -4.534132048803890029e+03 3.466693196675301442e+04 4.677980626265313185e+04 1.767782059505295547e+04 2.800965855394403115e+04 -4.594556672762468224e+03 -5.590603570714844864e+03 -2.725664812953618457e+04 -6.622102629372764113e+02 -6.477221426382473510e+03 3.584599476437021167e+03 1.317723275316213574e+02 4.181317548576179433e+03 1.067428067510373148e+04 -2.885721666766053659e+03 8.509554214357765886e+03 -6.821387565613294100e+03 2.406626680382883933e+03 4.195246754054468511e+03 1.214407284537044916e+03 -6.794518569725667476e+03 6.853637794581703702e+01 -1.069102816488916142e+04 6.961802751514027477e+03 8.478124313836229703e+03 2.374530507118293826e+04 -1.083368385164617757e+04 -2.202743788262394901e+03 9.337734678795757191e+02 3.634061273638996227e+03
-5.055421405442410614e+05 -6.310669611024209298e+05 -2.459168932669544665e+04 4.814931191347979620e+03 1.748182406419635663e+04 4.708975478276090871e+04 7.434715846196994244e+04 8.548052444860554533e+04 4.906169282239640779e+03 -1.766183940392532895e+04 1.904431297814919890e+04 1.003159047753409322e+04 1.499829722820965399e+05 7.030949950351237785e+05 5.442869149758183630e+04 2.901518957552828579e+04 1.918639367503623725e+04 3.475278095506944851e+02 1.008024476944891649e+04 -5.728043983674739138e+03 8.994989454154847408e+02 -1.427308497504596744e+03 -8.046508874292152541e+03 2.003402040508545542e+04 3.777912271603116551e+03 5.841119742564182161e+03 -3.286323680961023001e+03 3.598123775498406758e+03 8.520647299266771597e+02 7.747601529410938383e+03 2.046643992965485813e+04 -2.241418043521551226e+03 -1.095049002613777884e+04 9.218747324070152899e+03 1.352948211440190607e+04 1.136466933834769588e+04 -2.046526695633054487e+03 -7.205455400081821608e+03 -5.648941722239245792e+03 -3.440236519231857528e+03 8.151888905451917708e+03 2.814772438393699190e+02 2.586323146458811152e+03 3.105002869736898447e+03 -3.621344413926674406e+03
5.092157311896744068e+05 -2.068942428990011686e+05 -8.527764377870090584e+02 8.502443057141591271e+04 1.009168658390439523e+05 -1.288751061648368159e+04 6.250479857499603895e+03 9.997145176612482828e+03 7.244785751468817762e+04 3.490875210235197301e+04 4.619693913791466912e+04 1.892425031876298453e+04 3.082167017711904191e+04 5.442869149758183630e+04 5.468890268955627689e+05 8.082911524437669141e+04 2.341737810345228354e+04 -1.594646441023257648e+04 6.656391981455290988e+03 2.035148641717958890e+04 1.324291308068716171e+04 -8.703990865980775197e+03 1.399674626755389681e+02 5.067385811141723025e+03 1.332278299214078652e+04 3.515852399429221350e+03 4.163577099862382966e+03 2.060312761627240616e+04 7.757680671780805824e+03 6.409999887439574195e+03 4.973711997587366568e+03 -4.086258162276943153e+02 7.755717686486541425e+02 -1.165676987624476533e+04 -9.181513511401875803e+03 -1.437847395100763606e+04 7.245675148702533079e+03 8.125263545846788475e+03 4.659284375612962322e+03 -3.384529624230997797e+03 -3.233200776408899628e+02 3.551713762206990850e+03 9.337989270692942227e+03 -6.950683170213201265e+02 -4.883307588437144659e+03
7.135106241557457543e+04 4.556838395558475167e+04 1.262645697381782156e+04 5.931931934253490908e+04 4.441249787048625149e+04 -8.016566344758862397e+04 -4.977725763330998598e+04 -4.329201510733852956e+03 4.095744028558729769e+04 4.023690639310119877e+04 4.065482914791706571e+04 -2.991970294487764477e+04 -4.534132048803890029e+03 2.901518957552828579e+04 8.082911524437669141e+04 4.555171163582801819e+05 9.100543665710592177e+04 -4.347797404196926436e+03 -5.684098932106385291e+03 2.254735902543337579e+04 3.543091221268138270e+03 1.354879067772904818e+04 -3.662877491233401997e+03 2.051559681228448972e+04 6.552656349756132840e+03 -6.361554597693320829e+03 8.430275988126484663e+03 7.016766005724448405e+03 1.342397830888117096e+04 6.562290475674085428e+03 9.791033475462360002e+03 3.850572288001666493e+03 1.620591495014542488e+04 2.626731306709963519e+03 -9.507822959081824592e+03 7.876395432102569885e+02 1.046811480935185728e+03 9.764517615469125303e+03 -1.054754311540450544e+03 -4.429456204742819864e+03 4.743316989475574701e+03 8.602392417395427401e+03 7.085939021707652500e+03 3.693768086293762735e+03 1.580400127260332283e+03
-1.703393949140975019e+05 -1.334307555845409224e+05 -1.188200585183282055e+04 -8.619564236539744888e+04 -5.790445915522558789e+04 -4.387643560834812524e+04 -8.663268117072351743e+03 -1.692966624455719284e+04 2.431874527018867866e+03 -7.587475865701871044e+03 3.547808179732629651e+04 2.113145720970773982e+04 3.466693196675301442e+04 1.918639367503623725e+04 2.341737810345228354e+04 9.100543665710592177e+04 3.866636837123595178e+05 6.823614041760553664e+04 9.567424304565820421e+03 1.754580809808264894e+04 3.026045100488742264e+03 1.890920201446879901e+03 6.334357431726258255e+03 1.001393778842906249e+04 1.462833677608280777e+04 6.463200650545987628e+03 2.199847706313532763e+04 -3.431931630395578850e+03 -1.528411469504521619e+03 -3.256640856071887356e+03 1.043532989645341877e+04 -1.256629348904952622e+03 4.628492635186045845e+03 9.083980626692560691e+03 1.894909086713340912e+03 2.024815013362004720e+03 -1.748431984141839621e+03 4.003548025043433881e+03 1.124993906434268138e+04 3.606236941310028215e+03 -1.485464799723707074e+03 -2.935874898033242516e+03 4.865311854497234378e+01 2.288215259262082782e+03 -1.905085697551146040e+03
2.507688661087201908e+05 2.269850160591161984e+05 -2.029105752535235079e+05 -1.269574192621612310e+05 2.428771384663051140e+04 -4.421563485597204999e+04 -2.461124790140809637e+04 2.761489407807968746e+04 2.418197673446593762e+04 -8.175190870641877154e+03 5.333350964102878061e+04 -2.554798464458531271e+03 4.677980626265313185e+04 3.475278095506944851e+02 -1.594646441023257648e+04 -4.347797404196926436e+03 6.823614041760553664e+04 3.237731608123090118e+05 3.651892437834906741e+04 2.254949181043231874e+04 6.063040778894042887e+03 -2.730584762620097081e+03 2.745472146607362902e+03 1.551917465647380050e+04 1.026950922744268428e+04 3.576461022109961505e+03 1.351415859507363621e+03 5.154077580784176462e+03 7.299727351889127021e+03 5.889455479161282710e+03 2.382500504836232267e+03 9.437834277725607535e+03 -5.406207636587861089e+03 5.819419847984676380e+03 -9.049453066693820347e+02 2.055736858127105734e+03 -3.648730142290416097e+03 1.746670584775021098e+03 2.043093368463575814e+02 5.744411389019021044e+03 4.412227911417054202e+03 -2.393307810809814782e+03 4.009525104708866820e+03 4.736923631465550898e+03 -1.785124063441675617e+03
1.481934904091722565e+05 -1.333302264170067428e+04 1.072936260621956026e+05 1.305204729783704970e+05 -1.014523145875253067e+04 1.729477698346574834e+04 2.544961585004566587e+04 1.864244878752575096e+04 2.842996649828246518e+04 1.522001666825023858e+04 2.578957094688838333e+04 1.565722186712197754e+03 1.767782059505295547e+04 1.008024476944891649e+04 6.656391981455290988e+03 -5.684098932106385291e+03 9.567424304565820421e+03 3.651892437834906741e+04 2.950005857789075235e+05 5.226857007482995687e+04 7.575129165360622210e+03 9.171245792269724916e+03 1.161132401546754227e+04 7.120550650526222853e+03 5.902172426695805370e+03 1.031851039441286412e+04 -3.413610237231128394e+03 2.305353146464545262e+03 -3.864332560961017407e+03 -6.951225045460191723e+03 4.668113730476004093e+03 4.267483487584355316e+03 -1.952787174855929152e+03 4.899271730183626460e+03 6.214835059477808500e+03 -1.087752381074353707e+03 -2.773813926942963008e+03 3.193099380235810713e+03 5.397696413718161239e+03 6.392769734126147341e+03 1.803774873072254650e+03 -1.034123768321177704e+04 -5.716528107990253375e+03 -3.206880272597789485e+02 -2.435466951097613219e+03
-7.171367132040052093e+04 -2.812563289764869842e+05 -5.266996840206983325e+04 6.654837315965232847e+04 -2.385841663475923633e+04 -7.188799327528123104e+04 -8.189065551130486710e+03 3.653492397949786391e+04 2.303142978036602653e+04 1.444977306559475073e+04 2.904606707405135239e+03 1.037648482537557902e+04 2.800965855394403115e+04 -5.728043983674739138e+03 2.035148641717958890e+04 2.254735902543337579e+04 1.754580809808264894e+04 2.254949181043231874e+04 5.226857007482995687e+04 2.704602246554188314e+05 4.200061072607925598e+04 3.934364637299519472e+03 1.494135114999598409e+04 1.576337327168053707e+04 6.463658257970540035e+03 7.422904921512967121e+03 -2.722032878726120089e+03 8.186582408735584067e+03 1.568033570982188030e+04 1.827197149972685338e+03 9.665659430961599355e+03 8.410009031403706103e+03 -5.691556250297450788e+03 -1.107202605891771782e+03 1.310843162848329257e+03 1.430656465857304056e+03 5.384487585887084606e+03 1.150439675129201987e+03 5.517446755090546503e+03 2.641066475111470027e+03 2.203966905190922716e+03 1.627273067365100360e+03 4.382418409604862063e+03 2.184522078939534367e+03 3.545428473160284284e+03
9.268464205856632907e+04 4.543230669657570979e+04 2.216839344509231159e+04 7.300565595080089406e+04 6.201220694028384969e+03 6.615272494549762632e+04 1.103956192622370509e+04 2.587635216928766386e+04 4.617547746597694641e+04 3.839291750841499015e+04 3.249309814075233589e+04 1.553611162553786562e+04 -4.594556672762468224e+03 8.994989454154847408e+02 1.324291308068716171e+04 3.543091221268138270e+03 3.026045100488742264e+03 6.063040778894042887e+03 7.575129165360622210e+03 4.200061072607925598e+04 2.276070059066475951e+05 3.377513117611861526e+04 4.689874930345871689e+03 1.142872470852592232e+04 9.787716941943474012e+03 1.830370350223707646e+04 6.219867456998636953e+03 3.205968296845562691e+03 1.031840513965126229e+04 8.177829645813607385e+03 -2.053032567585799825e+03 3.083833985990609563e+03 3.068235314912366903e+03 3.515486063914846000e+03 3.400274520377071440e+03 1.686843022640525305e+03 4.761330925001821925e+03 2.794346369684365072e+02 4.755852146257639106e+03 1.621917655853740143e+03 2.488404643166114056e+03 2.031669853028635544e+03 -1.358262701520981864e+03 -2.316429542890564790e+03 1.483934521248648025e+03
-3.125041145788094145e+05 -1.812521902729829599e+05 -1.608901252005465212e+05 -4.641087687918631855e+04 4.148754836182500003e+04 2.423793678513930718e+04 -6.158975736993315513e+04 -4.265326766717154533e+04 1.467000720537327470e+04 1.771000970612301535e+04 2.255120036693618385e+04 2.350771450175619611e+04 -5.590603570714844864e+03 -1.427308497504596744e+03 -8.703990865980775197e+03 1.354879067772904818e+04 1.890920201446879901e+03 -2.730584762620097081e+03 9.171245792269724916e+03 3.934364637299519472e+03 3.377513117611861526e+04 2.006550328094541037e+05 2.852997372678269312e+04 1.102210533229981411e+04 -1.581910756365990665e+03 -3.855799413289983590e+02 1.498795493472480075e+03 -4.834880012965182914e+02 9.900111362149291381e+03 8.420686799803928807e+03 -8.236211681150929508e+03 -1.771094338627147636e+03 1.509429978521215844e+03 4.383000728380699002e+03 -7.963083300978252055e+02 7.213131818996865832e+02 2.787338319505263826e+03 1.132162708780207140e+03 3.188693204378302198e+03 1.167734633219409261e+03 8.032695172114347315e+02 3.340605771736028146e+03 3.118016069686190690e+02 -2.501489483669568926e+03 7.210050015383114896e+02
-2.363518993689909985e+05 -1.895235336174519325e+05 -7.346239470086802612e+04 6.123285013583891850e+04 -9.469447480150200136e+03 -3.923130604680460237e+04 2.216775349045828989e+04 3.321832645506787230e+03 1.437953844357023081e+04 -7.565768147092843492e+02 2.758260244114745001e+04 1.380423586664975664e+04 -2.725664812953618457e+04 -8.046508874292152541e+03 1.399674626755389681e+02 -3.662877491233401997e+03 6.334357431726258255e+03 2.745472146607362902e+03 1.161132401546754227e+04 1.494135114999598409e+04 4.689874930345871689e+03 2.852997372678269312e+04 1.795263593192751287e+05 3.041320100174465915e+04 1.087075497788307985e+04 1.637670712750391431e+03 8.712443730907647478e+03 4.364438445194443375e+03 5.968810794114299824e+03 3.017242586951439080e+03 6.551513976247617848e+02 9.355924928338665268e+03 9.136351585299859153e+02 -4.922864877169424176e+02 -7.548197684926859665e+02 2.980874531107551320e+03 3.335299736204826331e+03 2.231590191574090568e+03 7.422328671745139218e+03 -1.739959755366478475e+03 3.442813019486214898e+02 2.316314988644194273e+03 1.233016715475841465e+03 -3.424228028163533963e+03 -1.608580910351046668e+03
2.484100592689344194e+05 -1.049111043307250111e+04 3.273773261299556179e+04 3.098838275083779081e+04 2.827090117363933678e+04 8.068720853874438944e+03 -2.831988372874130164e+03 -1.267427599254418237e+04 8.673335831727159530e+03 -1.193452621503752562e+04 2.138705961414357080e+04 1.453126915584638255e+03 -6.622102629372764113e+02 2.003402040508545542e+04 5.067385811141723025e+03 2.051559681228448972e+04 1.001393778842906249e+04 1.551917465647380050e+04 7.120550650526222853e+03 1.576337327168053707e+04 1.142872470852592232e+04 1.102210533229981411e+04 3.041320100174465915e+04 1.682508954681449977e+05 3.377152201112017065e+04 3.789596628730748307e+03 4.271792485494291213e+03 -1.993361595477900892e+02 4.754488039326919534e+03 5.372165873150524931e+03 5.892367398077128200e+03 2.241127796442950512e+03 1.748609188399763980e+03 3.012332928888344554e+02 5.890346593425293577e+03 1.441496117445143227e+03 -4.094812022779830386e+03 1.581394032898616388e+03 -1.541891165672334409e+03 2.920962055642314226e+03 5.589228172943458048e+03 4.876873637815533584e+03 1.194663388392316392e+03 1.056672760275552491e+03 4.633356349004989170e+03
1.534354177052774467e+05 -1.399588607009575935e+05 1.014353175095770421e+05 1.581838179755892088e+04 6.726474794161719728e+03 1.495961884287944770e+02 5.324668300336009270e+04 7.647604555255674086e+02 4.918927734687841621e+03 -4.502568408445227760e+03 -1.558704692820576747e+04 1.602336715447986171e+04 -6.477221426382473510e+03 3.777912271603116551e+03 1.332278299214078652e+04 6.552656349756132840e+03 1.462833677608280777e+04 1.026950922744268428e+04 5.902172426695805370e+03 6.463658257970540035e+03 9.787716941943474012e+03 -1.581910756365990665e+03 1.087075497788307985e+04 3.377152201112017065e+04 1.603884031159528531e+05 3.176927806141719338e+04 8.929553809060837011e+03 4.517278496812077719e+03 3.771147219901685730e+03 2.532414721345293856e+03 3.413307119997078644e+03 7.650374724102074651e+03 8.085633085224443448e+02 -3.546711358465963713e+02 4.593923188031151767e+03 3.353339112799087161e+03 -3.201950686512574521e+03 4.133437165078245016e+03 1.959992198613268215e+02 4.433640627463948476e+03 3.143692714442765464e+03 4.042078925937574695e+03 -4.097888634482509588e+03 3.271471599223861631e+03 -7.399504243520049158e+02
-6.307542872504067054e+04 -1.617025149347380284e+04 4.029362594852217444e+04 8.959133221248388872e+04 3.222312724452350085e+04 -2.008283503445098404e+03 1.654472465977138199e+04 4.837413758821523516e+03 2.899784938670604242e+04 1.936851543246738220e+04 1.211225027368903829e+04 1.477789739286463373e+04 3.584599476437021167e+03 5.841119742564182161e+03 3.515852399429221350e+03 -6.361554597693320829e+03 6.463200650545987628e+03 3.576461022109961505e+03 1.031851039441286412e+04 7.422904921512967121e+03 1.830370350223707646e+04 -3.855799413289983590e+02 1.637670712750391431e+03 3.789596628730748307e+03 3.176927806141719338e+04 1.499503940487523796e+05 2.311536290455597555e+04 1.661279972224432868e+03 2.658947456163632978e+03 6.677137770207431458e+03 4.938334251903747827e+03 8.789315041682775700e+03 7.595300819832907109e+03 6.638215514358337259e+02 2.232651243359443640e+02 -2.241016932367268964e+03 -3.953884421802357338e+03 -1.336192857698074249e+03 2.619796307250320297e+03 3.870941373830647080e+03 1.568530630632264547e+03 3.124611039787556820e+03 6.550412426344092864e+02 -7.071068916447221682e+02 -2.340624533326386427e+03
-2.489025373478654656e+05 1.499362391061142262e+05 1.174589870411393931e+05 1.387890374185641122e+05 3.243133356188724792e+04 3.498275871968258434e+04 5.510786407786828931e+04 -7.253527196974895560e+03 3.021116375217593668e+04 1.233205870847340520e+04 -3.206504246430657076e+03 -2.253056655105238860e+03 1.317723275316213574e+02 -3.286323680961023001e+03 4.163577099862382966e+03 8.430275988126484663e+03 2.199847706313532763e+04 1.351415859507363621e+03 -3.413610237231128394e+03 -2.722032878726120089e+03 6.219867456998636953e+03 1.498795493472480075e+03 8.712443730907647478e+03 4.271792485494291213e+03 8.929553809060837011e+03 2.311536290455597555e+04 1.287636483179367206e+05 2.212384845558367670e+04 3.031525611588292577e+03 4.345148369167807687e+03 -1.137848392685838519e+02 7.156045695654766860e+03 8.122125991693021206e+03 -2.240865039136519499e+03 1.002042588165348889e+03 4.173728515528837306e+03 1.034619221980291059e+03 2.259601476655336683e+03 2.649250162722174537e+03 1.538020182877282423e+03 -1.058451981657181250e+03 6.950137235922853506e+03 4.191059435230641611e+03 2.991266190962147320e+01 1.429350685179010270e+03
-1.787207472826322482e+05 -2.812236978869461836e+03 -5.285081516122636094e+04 3.954871060027922067e+04 6.257713097838937392e+04 -3.048985228623266084e+04 2.306380828806368299e+04 8.058640532567860646e+03 4.349085476557357470e+04 -8.557729900535374327e+03 1.385657805371346512e+04 8.651909457573978216e+03 4.181317548576179433e+03 3.598123775498406758e+03 2.060312761627240616e+04 7.016766005724448405e+03 -3.431931630395578850e+03 5.154077580784176462e+03 2.305353146464545262e+03 8.186582408735584067e+03 3.205968296845562691e+03 -4.834880012965182914e+02 4.364438445194443375e+03 -1.993361595477900892e+02 4.517278496812077719e+03 1.661279972224432868e+03 2.212384845558367670e+04 1.176722135738939833e+05 2.103404700688577941e+04 4.579786422651857720e+03 -1.296314467700179648e+03 6.972658219743062546e+03 4.610569305183005781e+03 -3.006528397554151297e+02 -1.420168090104459679e+03 2.477573835546214468e+03 3.149310821699551184e+02 1.669654585245994440e+03 3.590103554772160805e+03 -2.423855004133869443e+03 2.708610981149752206e+03 1.694582000656517039e+03 2.484862819781723829e+03 3.496276027140770111e+03 1.926407764554297955e+03
2.053576815099884407e+05 -5.841503319353603001e+04 9.832653758127969922e+04 -1.198916947520182839e+04 1.036797430154423273e+04 2.943471340877699276e+03 -1.372465685170196048e+04 7.638793911095182921e+03 2.301462147985191405e+04 4.019330592765282927e+04 -1.090870423096767445e+04 -7.750591635127111658e+03 1.067428067510373148e+04 8.520647299266771597e+02 7.757680671780805824e+03 1.342397830888117096e+04 -1.528411469504521619e+03 7.299727351889127021e+03 -3.864332560961017407e+03 1.568033570982188030e+04 1.031840513965126229e+04 9.900111362149291381e+03 5.968810794114299824e+03 4.754488039326919534e+03 3.771147219901685730e+03 2.658947456163632978e+03 3.031525611588292577e+03 2.103404700688577941e+04 1.094026767629030801e+05 1.783948896068697650e+04 1.227100810655983196e+03 4.648251694272181339e+03 -3.936047472906728217e+03 2.689791476219647393e+03 -2.158583806242029013e+01 -3.207077043358338869e+03 -3.274673455104683853e+03 -2.929220529217272997e+03 5.473071351773863171e+03 -4.753111997796041805e+02 1.872911193801414356e+03 2.492252287096348027e+03 -3.184748866497431550e+02 2.153470431377743353e+03 1.938966529204446260e+03
-2.450090296122397194e+04 -1.087617765980901604e+05 4.684614728463637584e+04 4.439375657205082825e+04 -1.792161628807503075e+04 5.789612979540196829e+04 -3.086294173471819704e+02 -3.449066940432336196e+03 5.172258329636210874e+03 1.973422586547767060e+04 -9.087593921436372284e+02 1.687597776174654791e+04 -2.885721666766053659e+03 7.747601529410938383e+03 6.409999887439574195e+03 6.562290475674085428e+03 -3.256640856071887356e+03 5.889455479161282710e+03 -6.951225045460191723e+03 1.827197149972685338e+03 8.177829645813607385e+03 8.420686799803928807e+03 3.017242586951439080e+03 5.372165873150524931e+03 2.532414721345293856e+03 6.677137770207431458e+03 4.345148369167807687e+03 4.579786422651857720e+03 1.783948896068697650e+04 1.033398573196880898e+05 1.997414638065785039e+04 4.637311229518201799e+03 6.510065961422507826e+03 5.168367152930438351e+03 1.792873635652648545e+03 9.651180115339228678e+02 1.833598715903464608e+03 1.042974300914733703e+03 3.220149195166712161e+03 3.635649304319014391e+03 -6.079143173756773422e+01 6.914027966334787152e+02 1.944432301855684727e+03 3.266678683249082269e+02 4.950554239915138169e+03
2.423509273879263201e+05 -8.572783568179840222e+04 1.424405354232890822e+05 4.334538909895978577e+04 -1.326073052186908535e+04 -1.020439582848177088e+04 5.053482502378662502e+03 -9.514258096577115793e+03 -1.216542465620318399e+04 3.830908635282777141e+03 3.216119546028799959e+03 3.176956861580568784e+03 8.509554214357765886e+03 2.046643992965485813e+04 4.973711997587366568e+03 9.791033475462360002e+03 1.043532989645341877e+04 2.382500504836232267e+03 4.668113730476004093e+03 9.665659430961599355e+03 -2.053032567585799825e+03 -8.236211681150929508e+03 6.551513976247617848e+02 5.892367398077128200e+03 3.413307119997078644e+03 4.938334251903747827e+03 -1.137848392685838519e+02 -1.296314467700179648e+03 1.227100810655983196e+03 1.997414638065785039e+04 9.313817479354690295e+04 1.616720112335628073e+04 8.637193769749404964e+03 3.451161888310502491e+03 5.593894785639195106e+03 3.702271084946293740e+03 6.344719076502446114e+03 2.923089346273058709e+03 -5.826209531803361870e+02 1.816313637833661232e+03 2.816733128289994966e+03 2.675648685551450853e+03 4.383061707736801509e+03 1.340267694001069003e+03 5.016643289487373636e+02
4.026071938237688737e+05 -6.814038738617193303e+04 -1.944726488601057281e+04 1.587486945919368009e+04 2.995304495331629732e+04 -4.070727325109136291e+04 2.806614052175664983e+04 3.072229108531261227e+04 1.490052063614713916e+04 1.338555162455464779e+04 6.462551643806214088e+03 7.172834416661533396e+03 -6.821387565613294100e+03 -2.241418043521551226e+03 -4.086258162276943153e+02 3.850572288001666493e+03 -1.256629348904952622e+03 9.437834277725607535e+03 4.267483487584355316e+03 8.410009031403706103e+03 3.083833985990609563e+03 -1.771094338627147636e+03 9.355924928338665268e+03 2.241127796442950512e+03 7.650374724102074651e+03 8.789315041682775700e+03 7.156045695654766860e+03 6.972658219743062546e+03 4.648251694272181339e+03 4.637311229518201799e+03 1.616720112335628073e+04 8.775587336743497872e+04 1.096629221092577063e+04 5.153767521249505990e+03 5.710588875227329481e+03 5.218539307344176450e+03 3.304335293261993684e+03 3.238998524003588500e+03 3.117128564642501715e+03 2.115706944461638159e+03 4.241709495827616593e+03 1.589125846279415782e+03 3.001992617115474332e+03 4.410052145501971381e+02 2.641359762133604818e+03
-1.103590406430602889e+04 3.135738690971615870e+04 -4.975216317620688642e+04 4.739467365934908594e+04 2.997828738177820560e+04 -2.377525886645037644e+03 -3.167746874960204764e+02 -1.236568142834356877e+04 7.259285270231815048e+03 1.243876185897165669e+04 1.271223567825106147e+04 1.301444272375821674e+04 2.406626680382883933e+03 -1.095049002613777884e+04 7.755717686486541425e+02 1.620591495014542488e+04 4.628492635186045845e+03 -5.406207636587861089e+03 -1.952787174855929152e+03 -5.691556250297450788e+03 3.068235314912366903e+03 1.509429978521215844e+03 9.136351585299859153e+02 1.748609188399763980e+03 8.085633085224443448e+02 7.595300819832907109e+03 8.122125991693021206e+03 4.610569305183005781e+03 -3.936047472906728217e+03 6.510065961422507826e+03 8.637193769749404964e+03 1.096629221092577063e+04 8.245217930829770921e+04 2.014286640749502112e+04 1.057472520917162365e+04 9.265498660080254922e+03 3.201961658409306892e+03 2.485742520890243668e+03 3.655090068047177283e+03 -1.298460319378047188e+03 2.587971449363903957e+03 5.229446241251592255e+03 2.130137034781181228e+03 2.678832092647947320e+03 1.382847980341580978e+03
-8.146843944969520089e+04 5.802692714140779572e+03 2.417395452376362664e+04 -3.960480814113363522e+03 5.539759993536223192e+04 1.691808363365533296e+04 -2.231064206708237180e+04 -6.645518214830587567e+03 -2.257725005416761178e+03 -3.680864276752572096e+03 6.801492392138171454e+03 7.540084558387351535e+03 4.195246754054468511e+03 9.218747324070152899e+03 -1.165676987624476533e+04 2.626731306709963519e+03 9.083980626692560691e+03 5.819419847984676380e+03 4.899271730183626460e+03 -1.107202605891771782e+03 3.515486063914846000e+03 4.383000728380699002e+03 -4.922864877169424176e+02 3.012332928888344554e+02 -3.546711358465963713e+02 6.638215514358337259e+02 -2.240865039136519499e+03 -3.006528397554151297e+02 2.689791476219647393e+03 5.168367152930438351e+03 3.451161888310502491e+03 5.153767521249505990e+03 2.014286640749502112e+04 7.680004963930287340e+04 1.246940416152957368e+04 3.203281577376190853e+03 5.291033870331765684e+03 3.533011445164004726e+03 3.031015772358291088e+03 1.588095516475347722e+03 3.898265732785686851e+03 4.645319306202017287e+03 2.936091352459963673e+03 1.513411817494888510e+03 2.186927227589848826e+03
1.338412782041074242e+05 5.392112823233273957e+04 -1.593548328082283842e+04 4.485528062337315350e+04 2.113563922561187792e+04 1.458963873715143745e+04 -1.305908306395181398e+03 9.908992088578849007e+02 6.962618946221606166e+03 -3.060129784813267179e+03 -1.368683883701801096e+04 9.335985275907263713e+03 1.214407284537044916e+03 1.352948211440190607e+04 -9.181513511401875803e+03 -9.507822959081824592e+03 1.894909086713340912e+03 -9.049453066693820347e+02 6.214835059477808500e+03 1.310843162848329257e+03 3.400274520377071440e+03 -7.963083300978252055e+02 -7.548197684926859665e+02 5.890346593425293577e+03 4.593923188031151767e+03 2.232651243359443640e+02 1.002042588165348889e+03 -1.420168090104459679e+03 -2.158583806242029013e+01 1.792873635652648545e+03 5.593894785639195106e+03 5.710588875227329481e+03 1.057472520917162365e+04 1.246940416152957368e+04 7.108177018280907942e+04 1.226908470911154654e+04 2.828398878292746758e+03 2.711120358932721047e+03 2.542853062315818988e+03 6.096845219071527026e+03 4.740903241647431969e+03 4.641029259353288580e+03 7.511760085393627833e+02 2.921631224564470131e+02 -2.884466466400116857e+01
