# Tk at z_eff=1.4677 NGC raw output of classy 
#  dict_keys(['k (h/Mpc)', 'd_g', 'd_b', 'd_cdm', 'd_ur', 'd_ncdm[0]', 'd_tot', 'phi', 'psi'])
1.043377881430805103e-05 -6.617382710251910449e-04 -4.964229450834492692e-04 -4.964229568678451025e-04 -6.617342619919190216e-04 -4.963930867294251035e-04 -4.965263054187532858e-04 5.853145802917526508e-01 5.849311188121729677e-01
1.313534929037202208e-05 -1.048636415136024441e-03 -7.867768128904240174e-04 -7.867768424904801475e-04 -1.048626345877476601e-03 -7.867281220431365492e-04 -7.869405378527683697e-04 5.853140547766081392e-01 5.849306713901648580e-01
1.653642501444182178e-05 -1.661604935424962435e-03 -1.246955935208361819e-03 -1.246956009554471599e-03 -1.661579647036607720e-03 -1.246875327850297628e-03 -1.247215195441710211e-03 5.853132504739975150e-01 5.849299907730234338e-01
2.081812567090954053e-05 -2.632532671779605395e-03 -1.976288709169320579e-03 -1.976288895900396927e-03 -2.632469166634664962e-03 -1.976152320492089581e-03 -1.976699040541358195e-03 5.853119607843342287e-01 5.849288971315114161e-01
2.620846743303251739e-05 -4.169938717170395756e-03 -3.132198234912891323e-03 -3.132198703874287515e-03 -4.169779267783986151e-03 -3.131960384907929787e-03 -3.132847139120915978e-03 5.853099005563114909e-01 5.849271473661298293e-01
3.299450565562448486e-05 -6.603022826245655286e-03 -4.964178935155808339e-03 -4.964180112816862951e-03 -6.602622571244368480e-03 -4.963747491895634592e-03 -4.965203796536096260e-03 5.853066464000966640e-01 5.849243850073374551e-01
4.153762161945203773e-05 -1.045032030134950170e-02 -7.867641191833175951e-03 -7.867644148713165073e-03 -1.044931596199727246e-02 -7.866820572479959334e-03 -7.869256498493426913e-03 5.853014789971113796e-01 5.849199959648467839e-01
5.229276740221896000e-05 -1.652561617824050214e-02 -1.246923976021900929e-02 -1.246924718261143740e-02 -1.652309756536164340e-02 -1.246759551297096057e-02 -1.247177730747244320e-02 5.852932893475830678e-01 5.849130374564449619e-01
6.583269373569511308e-05 -2.609858933370374015e-02 -1.976208414269889010e-02 -1.976210276691012582e-02 -2.609227950612592883e-02 -1.975861513801772593e-02 -1.976604941556216535e-02 5.852803324271912411e-01 5.849020254363689331e-01
8.287845107072927249e-05 -4.113152030346448051e-02 -3.131996625869980233e-02 -3.132001296112472966e-02 -4.111573681386589824e-02 -3.131230105205504849e-02 -3.132610955588312207e-02 5.852598207912047545e-01 5.848845803948017341e-01
1.043377881430805848e-04 -6.461043820864444120e-02 -4.963672764398513459e-02 -4.963684463943571212e-02 -6.457105357551268243e-02 -4.961913802719471883e-02 -4.964611174224270451e-02 5.852273856076877223e-01 5.848569659671256638e-01
1.313534929037203224e-04 -1.009630712024248839e-01 -7.866371191329173118e-02 -7.866400454075832271e-02 -1.008651747580214253e-01 -7.862217756200184926e-02 -7.867770906332141601e-02 5.851761686709240351e-01 5.848132910916827853e-01
1.653642501444183466e-04 -1.564670760888082213e-01 -1.246605552419057100e-01 -1.246612853329879533e-01 -1.562252324128271808e-01 -1.245604662221719561e-01 -1.246805769421806820e-01 5.850954640606507162e-01 5.847442962403250899e-01
2.081812567090955408e-04 -2.393134528189439780e-01 -1.975410836038060947e-01 -1.975428980175198967e-01 -2.387217942948449134e-01 -1.972965613369932203e-01 -1.975675296882599685e-01 5.849687162003195384e-01 5.846355086305328186e-01
2.620846743303253501e-04 -3.584470564506150869e-01 -3.130002223397205241e-01 -3.130047035929365840e-01 -3.570218309570226678e-01 -3.123976019121612047e-01 -3.130294179674392163e-01 5.847706809275360351e-01 5.844644866870278843e-01
3.299450565562450925e-04 -5.193091463656688278e-01 -4.958698413467255151e-01 -4.958808013788259528e-01 -5.159594329051566675e-01 -4.943771638160262549e-01 -4.958862810610789595e-01 5.844637016789282491e-01 5.841968720405573690e-01
4.153762161945206348e-04 -7.135451931655129032e-01 -7.854013256978010782e-01 -7.854277248695729075e-01 -7.059741295744214051e-01 -7.816957792438467001e-01 -7.853602002124713266e-01 5.839934666038344435e-01 5.837811033937552185e-01
5.229276740221899117e-04 -9.014896472644201575e-01 -1.243553728173464323e+00 -1.243615822077208666e+00 -8.854093644294822596e-01 -1.234356981865005976e+00 -1.243346835170014986e+00 5.832854473961354147e-01 5.831421738816493505e-01
6.583269373569515916e-04 -1.000045582541217781e+00 -1.967940347484613772e+00 -1.968081179184839824e+00 -9.691048102760680960e-01 -1.945178456829108171e+00 -1.967343352030979764e+00 5.822440270325417444e-01 5.821760029297777805e-01
8.287845107072932399e-04 -9.255770969113641389e-01 -3.111941280016952138e+00 -3.112243833564972029e+00 -8.746006071398583215e-01 -3.055936735337365651e+00 -3.110562688002061815e+00 5.807545546799830483e-01 5.807474983221005971e-01
1.043377881430806661e-03 -7.501470403065084724e-01 -4.915744574780817722e+00 -4.916346786959090664e+00 -6.836184423010225331e-01 -4.779337440617166699e+00 -4.913011301192699243e+00 5.786789129160823109e-01 5.786939934702045596e-01
1.313534929037204037e-03 -7.621340084397194570e-01 -7.753844939674162440e+00 -7.754936078771824448e+00 -6.974028829440214183e-01 -7.426914486261055437e+00 -7.748890809461261853e+00 5.758222639746697347e-01 5.758232883367366828e-01
1.653642501444184225e-03 -8.659740168442839892e-01 -1.220656838205600003e+01 -1.220839665050039891e+01 -8.168131421814062154e-01 -1.144180577967112100e+01 -1.219753239001033762e+01 5.718745920333410115e-01 5.718694633637639857e-01
2.081812567090956384e-03 -6.738911985752176204e-01 -1.916637038947757787e+01 -1.916945845579150998e+01 -6.537639699718046371e-01 -1.743751912549269889e+01 -1.914955847764112207e+01 5.664648218319024986e-01 5.664667604620825525e-01
2.620846743303254910e-03 -7.724870400723330421e-01 -2.999150989864990535e+01 -2.999726294463834364e+01 -7.525686092710827113e-01 -2.625067495181725974e+01 -2.996111682101541263e+01 5.591944159893339483e-01 5.591921746098384993e-01
3.299450565562452118e-03 -7.132432694899124570e-01 -4.672523196543033919e+01 -4.673654903521178028e+01 -6.808321939700172631e-01 -3.901251622425598242e+01 -4.667102276046040288e+01 5.495990703336346428e-01 5.495976918238160147e-01
4.153762161945208191e-03 -6.657268529033260052e-01 -7.239548781716779047e+01 -7.241840741883692090e+01 -6.354819021552498004e-01 -5.715869522622145382e+01 -7.230087239923165043e+01 5.372028256035913385e-01 5.372019970039080272e-01
5.229276740221901719e-03 -6.572620338800331252e-01 -1.114032428677649165e+02 -1.114522717713679469e+02 -6.641101613690161276e-01 -8.221931541895983742e+01 -1.112430073013489391e+02 5.215126225691021356e-01 5.215120719480467182e-01
6.583269373569518301e-03 -6.346859101731506803e-01 -1.699845060301450701e+02 -1.700927230226301958e+02 -6.432251529368624432e-01 -1.156813880341715617e+02 -1.697235644319027301e+02 5.020330037060194428e-01 5.020328755237153384e-01
8.287845107072935869e-03 -5.723236979319710205e-01 -2.566588766879855825e+02 -2.569035479457840552e+02 -5.546427211717174233e-01 -1.586179420318116229e+02 -2.562601288718992123e+02 4.782657690216656210e-01 4.782657411781907619e-01
1.043377881430807008e-02 -5.380659927704766199e-01 -3.824533764448138413e+02 -3.830126173673252765e+02 -5.214152597045224047e-01 -2.098957565065565518e+02 -3.819023464666469181e+02 4.497176248724554237e-01 4.497176182498703323e-01
1.313534929037204514e-02 -4.974713773472299039e-01 -5.604008096980849132e+02 -5.616760632085267844e+02 -4.820703959675223804e-01 -2.647282778883161996e+02 -5.597812970260539487e+02 4.159158515092044595e-01 4.159158489144890725e-01
1.653642501441474066e-02 -4.502210319996358123e-01 -8.034724571572953664e+02 -8.063291581017889484e+02 -4.362768638696800649e-01 -3.221561673267017341e+02 -8.031857497799028351e+02 3.765327151049843724e-01 3.765327134876625403e-01
2.081812550581494531e-02 -3.963249727546380163e-01 -1.119989846511789892e+03 -1.126152038582548812e+03 -3.840435565639748194e-01 -3.633628650404573932e+02 -1.121028407393024509e+03 3.315912610452678710e-01 3.315912599224415391e-01
2.620834159861067797e-02 -3.371175643100327579e-01 -1.507439351695279129e+03 -1.519871723789162388e+03 -3.266660506210619097e-01 -3.833471022696527370e+02 -1.511825039838916609e+03 2.821577201546769387e-01 2.821577194134527455e-01
3.297707069353843917e-02 -2.765166038518492297e-01 -1.953581627987969114e+03 -1.975970501733196897e+03 -2.679402051734475765e-01 -3.761971709868562357e+02 -1.963976966307191788e+03 2.315162929915365875e-01 2.315162925349166234e-01
4.095687481729270302e-02 -2.242299499227627946e-01 -2.440664091839776120e+03 -2.473613126344944249e+03 -2.172727853583632796e-01 -3.512295186993978291e+02 -2.457283325643111766e+03 1.877892883316484574e-01 1.877892880571618295e-01
4.769128111748335841e-02 -1.939632443429723796e-01 -2.864551367181458772e+03 -2.901797942138016424e+03 -1.879437426721916049e-01 -3.298995884074139440e+02 -2.882491197225492215e+03 1.624647521516332516e-01 1.624647519623417247e-01
5.257408315740727534e-02 -1.779429830100975052e-01 -3.197863003010234479e+03 -3.234893441092568992e+03 -1.724198609591475473e-01 -3.169988796904598871e+02 -3.213847534187942074e+03 1.490565143386871072e-01 1.490565141894235335e-01
5.659956586758269070e-02 -1.673105356544938582e-01 -3.489512861039726886e+03 -3.524726559741755409e+03 -1.621168890302948362e-01 -3.077000658822238393e+02 -3.502432320686958974e+03 1.401563039250384446e-01 1.401563038002744122e-01
6.019323165754984079e-02 -1.591126726842901351e-01 -3.757695171703022424e+03 -3.790687912389656958e+03 -1.541731054395946710e-01 -2.999162036954349446e+02 -3.767338682887598679e+03 1.332933281379191370e-01 1.332933280305649559e-01
6.354465018369143126e-02 -1.521429990719783132e-01 -4.008055158100498375e+03 -4.039086578951083993e+03 -1.474194941201909526e-01 -2.926416944740796566e+02 -4.014734229931315440e+03 1.274582257264413598e-01 1.274582256325721974e-01
6.675411010677707868e-02 -1.458046111162153990e-01 -4.241656625624133085e+03 -4.271440935719906520e+03 -1.412776492985515497e-01 -2.852797961389705961e+02 -4.246055306101181486e+03 1.221514617124136448e-01 1.221514616295860944e-01
6.988172453642764459e-02 -1.397729380307542457e-01 -4.457791054545260522e+03 -4.487373840815867879e+03 -1.354330615673832450e-01 -2.775851844515004814e+02 -4.460873466799152993e+03 1.171012983506697774e-01 1.171012982771989230e-01
7.296696933989939293e-02 -1.338693397880568459e-01 -4.655239203934250327e+03 -4.685891666214311044e+03 -1.297126211093978243e-01 -2.694765868164445237e+02 -4.658164336672551144e+03 1.121582474763551801e-01 1.121582474109947686e-01
7.603765997589209680e-02 -1.280069695167299904e-01 -4.833058472243252254e+03 -4.866167643642091207e+03 -1.240321707078012453e-01 -2.608169143764433784e+02 -4.837086560058990472e+03 1.072495282905396308e-01 1.072495282323335797e-01
7.911454529889075382e-02 -1.221619459985445327e-01 -4.991118040309154821e+03 -5.028065325337250215e+03 -1.183685622307532187e-01 -2.516223361887212207e+02 -4.997505350281855499e+03 1.023551281358373033e-01 1.023551280840034605e-01
8.221385964216429421e-02 -1.163561491330865338e-01 -5.130510221140624708e+03 -5.172538754594259444e+03 -1.127429857636644134e-01 -2.421044002425013275e+02 -5.140392549329188114e+03 9.749340000455980482e-02 9.749339995840611284e-02
8.534883475414022092e-02 -1.106444125177025589e-01 -5.253825248123727761e+03 -5.301903858710703389e+03 -1.072085674653882742e-01 -2.324108364127185098e+02 -5.268095985670917798e+03 9.271019336665212163e-02 9.271019332557065007e-02
8.853064283441744453e-02 -1.051036668585915990e-01 -5.365314002061980318e+03 -5.420005865390736290e+03 -1.018398426101937149e-01 -2.226781013468234960e+02 -5.384505528626459636e+03 8.806991694739928211e-02 8.806991691083813911e-02
9.176900992719827510e-02 -9.982127286082798090e-02 -5.470805169894712890e+03 -5.532157744342300248e+03 -9.672145285241656731e-02 -2.131758560842808379e+02 -5.494989151838733051e+03 8.364572259275719623e-02 8.364572256020016972e-02
9.507262892646779762e-02 -9.488288091564175963e-02 -5.577363212147848571e+03 -5.644843835168053374e+03 -9.193638494896794189e-02 -2.041771019833906848e+02 -5.606090316032023111e+03 7.950932565606777525e-02 7.950932562703004469e-02
9.844944571560064472e-02 -9.036220564981825576e-02 -5.692813962792830353e+03 -5.765290548526826569e+03 -8.755605861998413952e-02 -1.958518007924969311e+02 -5.725093303535759333e+03 7.572250985147595259e-02 7.572250982551385901e-02
1.019068621252263857e-01 -8.630797779810192583e-02 -5.824766867731972525e+03 -5.900578932213805274e+03 -8.362769054702694216e-02 -1.883074480066440515e+02 -5.859126325477657701e+03 7.232608906355143807e-02 7.232608904026563423e-02
1.054518826547446858e-01 -8.273603681720366476e-02 -5.979645604854899830e+03 -6.056751081264716049e+03 -8.016662550581854507e-02 -1.816236934737801221e+02 -6.014260764933044811e+03 6.933340893776943070e-02 6.933340891680388196e-02
1.090912221330706533e-01 -7.962334889393080095e-02 -6.161514694473884447e+03 -6.237727410866730679e+03 -7.715054723742514886e-02 -1.758066216707318858e+02 -6.194419553433544934e+03 6.672521390101734950e-02 6.672521388206280324e-02
1.128313855953949896e-01 -7.690649867492373171e-02 -6.370983123548248841e+03 -6.444281577690469021e+03 -7.451801175082213569e-02 -1.707512203024832331e+02 -6.400345982847951745e+03 6.444846487664758483e-02 6.444846485944499825e-02
1.166787279874305638e-01 -7.448626297217464387e-02 -6.604429494925569088e+03 -6.673302590649408558e+03 -7.217288059720371185e-02 -1.662527248830567714e+02 -6.628863851146846173e+03 6.242013353171874807e-02 6.242013351606207072e-02
1.206394989759898007e-01 -7.223780814569855102e-02 -6.853749406299923066e+03 -6.917527353624396710e+03 -6.999420068779602100e-02 -1.620398444581109914e+02 -6.872613866425193919e+03 6.053574026167326400e-02 6.053574024740412951e-02
1.247198766315051471e-01 -7.002688491627201417e-02 -7.106931689796383580e+03 -7.166032054349967439e+03 -6.785189621066256560e-02 -1.578187482590469415e+02 -7.120556054295885588e+03 5.868289425857791536e-02 5.868289424557976419e-02
1.289259927523367377e-01 -6.773026176663951570e-02 -7.349624326556877350e+03 -7.405641204333895075e+03 -6.562656643798565892e-02 -1.533185771631593468e+02 -7.359396430342182612e+03 5.675840567608773229e-02 5.675840566427459155e-02
1.332639519395265038e-01 -6.525780414283251230e-02 -7.567727490985082113e+03 -7.623296854948465807e+03 -6.323087803643187566e-02 -1.483388637497752711e+02 -7.575979447864842768e+03 5.468678193656505149e-02 5.468678192587064085e-02
1.377398460901775312e-01 -6.257093075462516474e-02 -7.750612700820493956e+03 -7.809023535182672276e+03 -6.062744699777388585e-02 -1.427906002664722678e+02 -7.760277851966359776e+03 5.243569621811375314e-02 5.243569620848062551e-02
1.423597656850012216e-01 -5.969289930755639073e-02 -7.894344738987146229e+03 -7.958920588273946123e+03 -5.783880678952629806e-02 -1.367271338835648748e+02 -7.908405870941536705e+03 5.002457103463775479e-02 5.002457102600504912e-02
1.471298090529082336e-01 -5.670669904351594709e-02 -8.004003492199150060e+03 -8.077344774682174830e+03 -5.494536474066364501e-02 -1.303389201087099707e+02 -8.024812464739711686e+03 4.752285241275622935e-02 4.752285240505384201e-02
1.520560906705344939e-01 -5.373963527724420070e-02 -8.094244364298339860e+03 -8.177501357201786959e+03 -5.207046659925984589e-02 -1.239263283664521254e+02 -8.122864418611858127e+03 4.503710976803153299e-02 4.503710976117646092e-02
1.571447494749977913e-01 -5.093544449660088874e-02 -8.187297805128076106e+03 -8.279683933613694535e+03 -4.935337945453020098e-02 -1.178375836364643305e+02 -8.223057150392307449e+03 4.268767546715455941e-02 4.268767546105324551e-02
1.624019581183401839e-01 -4.841870331437386071e-02 -8.308151515861820371e+03 -8.406911746341118487e+03 -4.691480548235411885e-02 -1.123661452816579640e+02 -8.348602415503639349e+03 4.057889368357146809e-02 4.057889367812553966e-02
1.678339340610477959e-01 -4.625959564160653237e-02 -8.477452183096262161e+03 -8.578410679074180734e+03 -4.482274910526343886e-02 -1.076565316825270457e+02 -8.518851304684640127e+03 3.876952080175164600e-02 3.876952079686713654e-02
1.734469533822585174e-01 -4.445022436670912486e-02 -8.704019224023264542e+03 -8.802678919970550851e+03 -4.306955699993278430e-02 -1.036993836604560499e+02 -8.742308752041439220e+03 3.725304114144959572e-02 3.725304113704484138e-02
1.792473681711116706e-01 -4.290309076476173100e-02 -8.979699273553231251e+03 -9.072648373335925498e+03 -4.157045484986630207e-02 -1.003561249800792865e+02 -9.011771680370811737e+03 3.595618005020798785e-02 3.595618004621770752e-02
1.852416283549576936e-01 -4.148138954022924374e-02 -9.280749625415846822e+03 -9.366916776981919611e+03 -4.019289137104985199e-02 -9.726118215391704780e+01 -9.305578140588189854e+03 3.476443065443524799e-02 3.476443065081494255e-02
1.914363088159334592e-01 -4.002816751950424162e-02 -9.570921818380089462e+03 -9.652212993008201011e+03 -3.878479168307446406e-02 -9.404713371667112654e+01 -9.590158203654644240e+03 3.354641286589324367e-02 3.354641286261583061e-02
1.978381426500226969e-01 -3.842232010055884883e-02 -9.813793870909577890e+03 -9.894665284731650900e+03 -3.722881779629421545e-02 -9.048445916262474498e+01 -9.831412248333392199e+03 3.220066152286175931e-02 3.220066151991007181e-02
2.044540614366398001e-01 -3.663783140613063177e-02 -9.991481886969631887e+03 -1.007737180866727067e+04 -3.549976086442514084e-02 -8.643868497879410029e+01 -1.001237033239780976e+04 3.070537165014580738e-02 3.070537164750589826e-02
2.112912434186454136e-01 -3.474904424262911101e-02 -1.011409857026551072e+04 -1.020922747404041183e+04 -3.366965022411856634e-02 -8.214609556420430181e+01 -1.014207423353883132e+04 2.912277294065518038e-02 2.912277293830648622e-02
2.183571705513595307e-01 -3.289132497360854057e-02 -1.021674289672200939e+04 -1.032218070749326216e+04 -3.186964219770450218e-02 -7.789694890478216394e+01 -1.025280488319210235e+04 2.756618791533648263e-02 2.756618791325140400e-02
2.256596954756984463e-01 -3.119860400928588934e-02 -1.034488198793816082e+04 -1.045787954718131550e+04 -3.022950276721762461e-02 -7.399272140701403089e+01 -1.038659811872635692e+04 2.614774662718153883e-02 2.614774662532715413e-02
2.332071196186495665e-01 -2.974975134838572788e-02 -1.053532658093034661e+04 -1.065048431230983442e+04 -2.882565122668747856e-02 -7.067564541138753498e+01 -1.057785647561901169e+04 2.493348556869328173e-02 2.493348556703514629e-02
2.410082838404624950e-01 -2.853328639742165260e-02 -1.079689733077642813e+04 -1.090886342975881234e+04 -2.764696320380224948e-02 -6.789644514516895413e+01 -1.083539498633624680e+04 2.391386322233146969e-02 2.391386322084020771e-02
2.490726733524173120e-01 -2.744722375233307754e-02 -1.109982730184417051e+04 -1.120623754946838380e+04 -2.659462597215686910e-02 -6.540499603521152494e+01 -1.113210100507790230e+04 2.300349935561333756e-02 2.300349935426848277e-02
2.574105390470100008e-01 -2.635686838711364180e-02 -1.138966522171064389e+04 -1.149259369298777528e+04 -2.553813311741919348e-02 -6.288711758842811150e+01 -1.141751934191995679e+04 2.208960960486687844e-02 2.208960960365630513e-02
2.660330379459330818e-01 -2.517577832997795056e-02 -1.162059426976504074e+04 -1.172537261093804045e+04 -2.439372839116804234e-02 -6.014532163026818523e+01 -1.164879645064196484e+04 2.109982438876423574e-02 2.109982438768034235e-02
2.749523962221981921e-01 -2.391050768872284363e-02 -1.178448346056772243e+04 -1.189628136739274123e+04 -2.316776566679937255e-02 -5.718758949704779582e+01 -1.181770760367647199e+04 2.003951258436217214e-02 2.003951258339749589e-02
2.841820992472194329e-01 -2.265246400238230678e-02 -1.192066400116228397e+04 -1.204096132932217188e+04 -2.194880404003077962e-02 -5.423508008081825693e+01 -1.196029219360623028e+04 1.898529215559466299e-02 1.898529215473835491e-02
2.937371144283142943e-01 -2.151163969253622535e-02 -1.209145695579943822e+04 -1.221703903220315806e+04 -2.084341715219788227e-02 -5.154904462964704948e+01 -1.213461984512410527e+04 1.802924155841945444e-02 1.802924155765763328e-02
3.036341543436755219e-01 -2.052646396982417756e-02 -1.233040877620313222e+04 -1.245594920508338873e+04 -1.988884022187139070e-02 -4.922557349269742133e+01 -1.237229612301331508e+04 1.720354678168679527e-02 1.720354678100598569e-02
3.138919900014220388e-01 -1.964465622861165037e-02 -1.261648350802446839e+04 -1.273893762000539937e+04 -1.903441990518361937e-02 -4.717483007993412514e+01 -1.265430396485295751e+04 1.646443095840989870e-02 1.646443095779950155e-02
3.245318271633457763e-01 -1.877449537796806872e-02 -1.289225667571172562e+04 -1.301337179645174547e+04 -1.819128672497375906e-02 -4.510396871127689167e+01 -1.292752661394230381e+04 1.573510987997905897e-02 1.573510987943308251e-02
3.355777628968756310e-01 -1.786099638152847946e-02 -1.311303959647825832e+04 -1.323753042029861172e+04 -1.730616502692549491e-02 -4.296331398919795674e+01 -1.314999047067863103e+04 1.496952493596381481e-02 1.496952493547749202e-02
3.470573453133869446e-01 -1.693390720905227007e-02 -1.329374189383172961e+04 -1.342459640441966440e+04 -1.640787517936170142e-02 -4.075366080082540776e+01 -1.333508224256048925e+04 1.419260598447316321e-02 1.419260598404188493e-02
3.590022675081622761e-01 -1.606222435012258365e-02 -1.349006648473731548e+04 -1.362565071191360948e+04 -1.556327050087690476e-02 -3.867762558363645553e+01 -1.353434799614037183e+04 1.346207124289914084e-02 1.346207124251663778e-02
3.714492380842650543e-01 -1.528053764086634812e-02 -1.374042661561265595e+04 -1.387669019041971296e+04 -1.480586433382792728e-02 -3.682691008553887002e+01 -1.378397984242175517e+04 1.280691754849904579e-02 1.280691754815886998e-02
3.844410869336386538e-01 -1.455065698175995494e-02 -1.401836035050145256e+04 -1.415379073457766208e+04 -1.409865485184768133e-02 -3.508973016050387628e+01 -1.405977706535535799e+04 1.219516749068602114e-02 1.219516749038344026e-02
3.980281886988606965e-01 -1.381981687914810020e-02 -1.427256645333732740e+04 -1.440979832978225568e+04 -1.339051712397395025e-02 -3.333819438271243030e+01 -1.431417535663921080e+04 1.158264111789138878e-02 1.158264111762321094e-02
4.122703216106688995e-01 -1.308375755524344118e-02 -1.449465333101728902e+04 -1.463652151683430020e+04 -1.267732293101346379e-02 -3.159249773811742301e+01 -1.453899403257252379e+04 1.096577022248722624e-02 1.096577022225037404e-02
4.272391328473755800e-01 -1.237994713763771772e-02 -1.472776626156577731e+04 -1.487338097671262949e+04 -1.199537581328433827e-02 -2.990769869983670759e+01 -1.477403706040936231e+04 1.037590677750630484e-02 1.037590677729752740e-02
4.430214643753784820e-01 -1.172359808511432532e-02 -1.499767013124019286e+04 -1.514442250955770214e+04 -1.135941456164901893e-02 -2.834230944389287998e+01 -1.504349717284781582e+04 9.825806310556481002e-03 9.825806310372485822e-03
4.597239247053869216e-01 -1.109053085665612746e-02 -1.527891233006970469e+04 -1.542705185701347000e+04 -1.074601242700845213e-02 -2.682011319478858979e+01 -1.532444638889727139e+04 9.295216494699779647e-03 9.295216494538094745e-03
4.774793064618576555e-01 -1.045818062039747219e-02 -1.554128022000742931e+04 -1.569304372400200373e+04 -1.013330565597440718e-02 -2.530672125412279883e+01 -1.558849190250341235e+04 8.765242168101138390e-03 8.765242167959718528e-03
4.964558102285431818e-01 -9.842301212846195010e-03 -1.581113818756597539e+04 -1.596628198047151636e+04 -9.536557785719879110e-03 -2.382502270012174961e+01 -1.585978498234009203e+04 8.249070697218250856e-03 8.249070697095097632e-03
5.168706622410320639e-01 -9.253411040107701463e-03 -1.611365099579239904e+04 -1.627074894645554741e+04 -8.965960558463888230e-03 -2.241374796457850849e+01 -1.616237068986206395e+04 7.755507549070167830e-03 7.755507548963283711e-03
5.390108467112463275e-01 -8.670295005939077093e-03 -1.641938052567571867e+04 -1.657950494262207212e+04 -8.400958369295597611e-03 -2.100960666419620537e+01 -1.646905467622027936e+04 7.266789628072705017e-03 7.266789627980577322e-03
5.632658120542870517e-01 -8.092704926500377330e-03 -1.673549376086757547e+04 -1.689918072741266951e+04 -7.841310630778038082e-03 -1.960855950292397765e+01 -1.678651790834048370e+04 6.782702355760362838e-03 6.782702355681628943e-03
5.901812496498822780e-01 -7.524490740658813792e-03 -1.708348782851747819e+04 -1.725009752634873075e+04 -7.290747348850119131e-03 -1.824817462526535650e+01 -1.713516216655505559e+04 6.306469926480168069e-03 6.306469926413433257e-03
6.205519319481119789e-01 -6.952770778946673266e-03 -1.745171866736496668e+04 -1.762216342444183101e+04 -6.736787404608611529e-03 -1.686765657037092581e+01 -1.750470302078278473e+04 5.827300420439123288e-03 5.827300420383326775e-03
6.555914446248338745e-01 -6.375614143744061726e-03 -1.786144033681109795e+04 -1.803571656849775900e+04 -6.177559602251721585e-03 -1.547344367863819947e+01 -1.791551804144045309e+04 5.343572927157062488e-03 5.343572927111207675e-03
6.972641270728331397e-01 -5.781305133960611305e-03 -1.832092349210062093e+04 -1.849976161844037051e+04 -5.601712320324189059e-03 -1.403030091702856197e+01 -1.837644989318896478e+04 4.845469847865141629e-03 4.845469847828382838e-03
7.489860481473911147e-01 -5.157770827834316611e-03 -1.885984042128967121e+04 -1.904387532928266228e+04 -4.997547622556478344e-03 -1.252107498504836691e+01 -1.891693801854242702e+04 4.322871339204754394e-03 4.322871339176324011e-03
8.172246958700447594e-01 -4.484159015349333498e-03 -1.952061482652986524e+04 -1.971107101217546733e+04 -4.344861080009036064e-03 -1.088582728302969471e+01 -1.957968125820407658e+04 3.758301157928445844e-03 3.758301157907682072e-03
9.152789718252951623e-01 -3.733376895278263472e-03 -2.038633580298608285e+04 -2.058520728743926520e+04 -3.617401627753941400e-03 -9.077463630838691344e+00 -2.044798523765040227e+04 3.129049821532025634e-03 3.129049821518226342e-03
1.070301791652423562e+00 -2.892002045403549697e-03 -2.159448768715707047e+04 -2.180511097325543233e+04 -2.802163520079623774e-03 -7.037303442965161082e+00 -2.165975060309898981e+04 2.423873056909477131e-03 2.423873056901655696e-03
1.317123541579720447e+00 -2.053103337689201387e-03 -2.321649690213841677e+04 -2.344291163690000394e+04 -1.989324805849014902e-03 -4.994845571124725936e+00 -2.328662600400911833e+04 1.720768581289136307e-03 1.720768581285469752e-03
1.655384394845416107e+00 -1.401056641591080093e-03 -2.502573672471255486e+04 -2.526979402320224472e+04 -1.357533672672080758e-03 -3.405727651405023870e+00 -2.510132053077463570e+04 1.174269496883059141e-03 1.174269496881475772e-03
2.083952600795073273e+00 -9.491558872549753570e-04 -2.686869433962615585e+04 -2.713076678160554002e+04 -9.196710696774359648e-04 -2.307091863954364719e+00 -2.694987352939118136e+04 7.955179467817278128e-04 7.955179467810511622e-04
2.623540688615224159e+00 -6.403449758387456860e-04 -2.872912135486636907e+04 -2.900945205807316597e+04 -6.204532668210372467e-04 -1.556328837365840156e+00 -2.881601118402753855e+04 5.366945428750267196e-04 5.366945428747386471e-04
3.302842041669530104e+00 -4.304026976387455229e-04 -3.060424610440549804e+04 -3.090309777402279724e+04 -4.170327922660873850e-04 -1.049447213199090623e+00 -3.069699203214734735e+04 3.607357116162364179e-04 3.607357116161139573e-04
4.158031777399895823e+00 -2.883142280718932037e-04 -3.249148572533159677e+04 -3.280917566321557388e+04 -2.793582795966758942e-04 -7.018883677550227240e-01 -3.259029185157585744e+04 2.416470875951359776e-04 2.416470875950842883e-04
5.234651867616397780e+00 -1.925389001638981655e-04 -3.438878188407464768e+04 -3.472573848568163521e+04 -1.865582021511802066e-04 -4.698078676172656176e-01 -3.449395575051631022e+04 1.613750231216849111e-04 1.613750231216630644e-04
6.590036258038080241e+00 -1.282174603941089541e-04 -3.629416777737093071e+04 -3.665101771280183311e+04 -1.242349112405282145e-04 -3.130700471760481940e-01 -3.640619292952716205e+04 1.074653807893285649e-04 1.074653807893193898e-04
8.296364109889083238e+00 -8.516348624694243411e-05 -3.820578862800901697e+04 -3.858349934386606765e+04 -8.251841967263205289e-05 -2.076531271808405854e-01 -3.832544346017465432e+04 7.138065097725141751e-05 7.138065097724758214e-05
1.044450360343646445e+01 -5.643204894150922926e-05 -4.012169368066117750e+04 -4.052180607428279473e+04 -5.467954029426308797e-05 -1.378446311735204155e-01 -4.025024683801975334e+04 4.730007873190166543e-05 4.730007873190005945e-05
