# Bispectrum monopole for NGC EZmock_shuffled
# Subtracted SN: kindep
# k1-eff  k2-eff  k3-eff  B0  B0-BSN  Std_dev  Std_dev(-BSN)
5.738000000000000045e-03 5.738000000000000045e-03 5.738000000000000045e-03 4.971849554548878670e+09 4.732706829968606234e+08 9.765942457835310364e+10 9.765965261856198120e+10
5.738000000000000045e-03 5.738000000000000045e-03 1.037300000000000028e-02 1.274731714403954124e+10 8.248738272487545967e+09 5.136579184500804901e+10 5.136585902956203461e+10
5.738000000000000045e-03 5.738000000000000045e-03 1.525999999999999926e-02 1.555142868420424080e+10 1.105284981265221596e+10 1.028907119958828430e+11 1.028901485261421967e+11
5.738000000000000045e-03 1.037300000000000028e-02 1.037300000000000028e-02 1.329472099424045753e+10 8.796142122688432693e+09 3.297574186989344788e+10 3.297618499999738312e+10
5.738000000000000045e-03 1.037300000000000028e-02 1.525999999999999926e-02 1.344075110596714020e+10 8.942172234415124893e+09 2.401559277545566177e+10 2.401553344915904999e+10
5.738000000000000045e-03 1.037300000000000028e-02 2.019699999999999968e-02 1.093180716706562996e+10 6.433228295513603210e+09 5.033574703567931366e+10 5.033536730833900452e+10
5.738000000000000045e-03 1.525999999999999926e-02 1.525999999999999926e-02 1.225071121692436981e+10 7.752132345372324944e+09 2.331338795412696075e+10 2.331440215578889084e+10
5.738000000000000045e-03 1.525999999999999926e-02 2.019699999999999968e-02 1.416045132417937088e+10 9.661872452627353668e+09 1.825788977152534485e+10 1.825869540977657700e+10
5.738000000000000045e-03 1.525999999999999926e-02 2.516699999999999840e-02 1.529467500199434853e+10 1.079609613044234467e+10 3.860789508077678680e+10 3.860860845919585419e+10
5.738000000000000045e-03 2.019699999999999968e-02 2.019699999999999968e-02 1.248024231674956894e+10 7.981663445197548866e+09 1.855895333390869141e+10 1.855836219051051712e+10
5.738000000000000045e-03 2.019699999999999968e-02 2.516699999999999840e-02 1.379535550596206474e+10 9.296776634410024643e+09 1.466353037952086258e+10 1.466378418399689102e+10
5.738000000000000045e-03 2.019699999999999968e-02 3.013700000000000059e-02 1.488587513831081963e+10 1.038729626675878716e+10 3.042643728293226242e+10 3.042531012215967941e+10
5.738000000000000045e-03 2.516699999999999840e-02 2.516699999999999840e-02 1.317546930897843552e+10 8.676890437426395416e+09 1.547919007271364594e+10 1.547939514721059608e+10
5.738000000000000045e-03 2.516699999999999840e-02 3.013700000000000059e-02 1.354950405867099190e+10 9.050925187118997574e+09 1.165240220242152405e+10 1.165232603184618759e+10
5.738000000000000045e-03 2.516699999999999840e-02 3.511100000000000332e-02 1.369993699686946487e+10 9.201358125317438126e+09 2.376385439712414551e+10 2.376459390935887909e+10
5.738000000000000045e-03 3.013700000000000059e-02 3.013700000000000059e-02 1.146947697575042534e+10 6.970898104198390961e+09 1.322633483006750870e+10 1.322554441911865807e+10
5.738000000000000045e-03 3.013700000000000059e-02 3.511100000000000332e-02 1.275752955630792999e+10 8.258950684755902290e+09 1.008061281730167961e+10 1.008009860659964371e+10
5.738000000000000045e-03 3.013700000000000059e-02 4.009599999999999970e-02 1.341714110495683670e+10 8.918562233404802322e+09 2.059423239390252304e+10 2.059378595013002396e+10
5.738000000000000045e-03 3.511100000000000332e-02 3.511100000000000332e-02 1.087798936792779922e+10 6.379410496375766754e+09 1.163932125399492645e+10 1.163846360669024277e+10
5.738000000000000045e-03 3.511100000000000332e-02 4.009599999999999970e-02 1.176785662169213295e+10 7.269277750140103340e+09 8.930598187654598236e+09 8.930485621022809982e+09
5.738000000000000045e-03 3.511100000000000332e-02 4.509300000000000114e-02 1.205002803549778748e+10 7.551449163945766449e+09 1.664486633475233078e+10 1.664489040485148811e+10
5.738000000000000045e-03 4.009599999999999970e-02 4.009599999999999970e-02 1.014496311753869438e+10 5.646384245986675262e+09 1.078234403555066681e+10 1.078187873104700470e+10
5.738000000000000045e-03 4.009599999999999970e-02 4.509300000000000114e-02 1.123203631650532913e+10 6.733457444953295708e+09 7.664141557046787262e+09 7.664393584462225914e+09
5.738000000000000045e-03 4.009599999999999970e-02 5.009299999999999864e-02 1.234428317799477959e+10 7.845704306442777634e+09 1.455564246701832581e+10 1.455489709030978012e+10
5.738000000000000045e-03 4.509300000000000114e-02 4.509300000000000114e-02 9.781480746212551117e+09 5.282901874660523415e+09 9.978887816877725601e+09 9.979062043071620941e+09
5.738000000000000045e-03 4.509300000000000114e-02 5.009299999999999864e-02 1.074895075417936516e+10 6.250371882627344131e+09 7.174228869558924675e+09 7.173363056661269188e+09
5.738000000000000045e-03 4.509300000000000114e-02 5.507800000000000196e-02 1.108477834986191559e+10 6.586199478309884071e+09 1.234971878699396133e+10 1.234929184646633339e+10
5.738000000000000045e-03 5.009299999999999864e-02 5.009299999999999864e-02 9.231934203649490356e+09 4.733355332097477913e+09 8.880227525426239014e+09 8.879872093959623337e+09
5.738000000000000045e-03 5.009299999999999864e-02 5.507800000000000196e-02 1.025260556577642632e+10 5.754026694224400520e+09 6.717863954294713974e+09 6.717981592056982040e+09
5.738000000000000045e-03 5.009299999999999864e-02 6.006700000000000234e-02 1.122142787352245331e+10 6.722849001970445633e+09 1.212777741961265182e+10 1.212828631684424400e+10
5.738000000000000045e-03 5.507800000000000196e-02 5.507800000000000196e-02 8.982125945302822113e+09 4.483547073750805855e+09 8.796839665494161606e+09 8.796789177423267365e+09
5.738000000000000045e-03 5.507800000000000196e-02 6.006700000000000234e-02 1.013462524266638756e+10 5.636046371114366531e+09 6.155164986021245956e+09 6.155462518059904099e+09
5.738000000000000045e-03 5.507800000000000196e-02 6.505900000000000571e-02 1.005344860741720772e+10 5.554869735865189552e+09 1.093789434277703667e+10 1.093705649111276245e+10
5.738000000000000045e-03 6.006700000000000234e-02 6.006700000000000234e-02 8.618420647142953873e+09 4.119841775590920448e+09 8.262268766702479362e+09 8.262124814978896141e+09
5.738000000000000045e-03 6.006700000000000234e-02 6.505900000000000571e-02 9.870432147699018478e+09 5.371853276147003174e+09 5.972728617486070633e+09 5.972156138165325165e+09
5.738000000000000045e-03 6.006700000000000234e-02 7.005400000000000515e-02 9.901556014265455246e+09 5.402977142713448524e+09 9.498157336978454590e+09 9.497747880436904907e+09
5.738000000000000045e-03 6.505900000000000571e-02 6.505900000000000571e-02 8.535988992498600960e+09 4.037410120946580887e+09 8.066664929275805473e+09 8.066641405352869987e+09
5.738000000000000045e-03 6.505900000000000571e-02 7.005400000000000515e-02 9.412800598392345428e+09 4.914221726840335846e+09 5.729868288103190422e+09 5.729701021877665520e+09
5.738000000000000045e-03 6.505900000000000571e-02 7.505299999999999472e-02 9.741893662778665543e+09 5.243314791226657867e+09 9.659883552132915497e+09 9.659999317357795715e+09
5.738000000000000045e-03 7.005400000000000515e-02 7.005400000000000515e-02 8.311846557349737167e+09 3.813267685797728062e+09 7.900496774941108704e+09 7.900237470000865936e+09
5.738000000000000045e-03 7.005400000000000515e-02 7.505299999999999472e-02 9.326240646708677292e+09 4.827661775156638145e+09 5.590744711032279015e+09 5.590641291981283188e+09
5.738000000000000045e-03 7.005400000000000515e-02 8.005400000000000016e-02 9.998714105529350281e+09 5.500135233977333069e+09 8.751559435501304626e+09 8.751018422403535843e+09
5.738000000000000045e-03 7.505299999999999472e-02 7.505299999999999472e-02 8.237128816526762962e+09 3.738549944974745750e+09 7.524578251802495956e+09 7.524134562285891533e+09
5.738000000000000045e-03 7.505299999999999472e-02 8.005400000000000016e-02 9.179502942550447464e+09 4.680924070998418808e+09 5.372528911322471619e+09 5.371904853286499977e+09
5.738000000000000045e-03 8.005400000000000016e-02 8.005400000000000016e-02 8.012006208151632309e+09 3.513427336599614620e+09 7.208728125543161392e+09 7.208499841661069870e+09
1.037300000000000028e-02 1.037300000000000028e-02 1.037300000000000028e-02 1.358675338139776039e+10 9.088174509845754623e+09 4.011200325337747192e+10 4.011216972789263153e+10
1.037300000000000028e-02 1.037300000000000028e-02 1.525999999999999926e-02 1.346036361105147934e+10 8.961784739499444962e+09 1.954078149405718613e+10 1.954109058833403397e+10
1.037300000000000028e-02 1.037300000000000028e-02 2.019699999999999968e-02 1.167979523001066399e+10 7.181216358458640099e+09 2.201021185845992279e+10 2.200952673847819519e+10
1.037300000000000028e-02 1.037300000000000028e-02 2.516699999999999840e-02 1.434910891484627151e+10 9.850530043294263840e+09 5.190662059335460663e+10 5.190656217987336731e+10
1.037300000000000028e-02 1.525999999999999926e-02 1.525999999999999926e-02 1.358124496442370224e+10 9.082666092871675491e+09 1.552804550987696838e+10 1.552776747595322037e+10
1.037300000000000028e-02 1.525999999999999926e-02 2.019699999999999968e-02 1.439379848500682449e+10 9.895219613454822540e+09 9.838139601004043579e+09 9.837670430784627914e+09
1.037300000000000028e-02 1.525999999999999926e-02 2.516699999999999840e-02 1.511337877393175316e+10 1.061479990237973213e+10 1.190128493673457909e+10 1.190081141708037758e+10
1.037300000000000028e-02 1.525999999999999926e-02 3.013700000000000059e-02 1.730764466344718552e+10 1.280906579189517021e+10 2.788963360341251755e+10 2.788878605010062027e+10
1.037300000000000028e-02 2.019699999999999968e-02 2.019699999999999968e-02 1.411523131836705208e+10 9.616652446815019608e+09 1.159061031196587181e+10 1.159010971729142570e+10
1.037300000000000028e-02 2.019699999999999968e-02 2.516699999999999840e-02 1.415005908611088562e+10 9.651480214558876038e+09 7.646914758061023712e+09 7.646344921547648430e+09
1.037300000000000028e-02 2.019699999999999968e-02 3.013700000000000059e-02 1.440919250902477264e+10 9.910613637472766876e+09 9.169370889368265152e+09 9.167697834489595413e+09
1.037300000000000028e-02 2.019699999999999968e-02 3.511100000000000332e-02 1.515216046721574020e+10 1.065358159566374016e+10 2.131311663425914001e+10 2.131302425674589157e+10
1.037300000000000028e-02 2.516699999999999840e-02 2.516699999999999840e-02 1.351486450888408279e+10 9.016285637332061768e+09 9.494553748880834579e+09 9.494165854026756287e+09
1.037300000000000028e-02 2.516699999999999840e-02 3.013700000000000059e-02 1.352111783937319374e+10 9.022538967821174622e+09 6.092726943380493164e+09 6.092795422015910149e+09
1.037300000000000028e-02 2.516699999999999840e-02 3.511100000000000332e-02 1.437718126686548615e+10 9.878602395313457489e+09 7.038483832172169685e+09 7.037696533743603706e+09
1.037300000000000028e-02 2.516699999999999840e-02 4.009599999999999970e-02 1.430478571307828522e+10 9.806206841526243210e+09 1.762941347163007736e+10 1.762849912976776123e+10
1.037300000000000028e-02 3.013700000000000059e-02 3.013700000000000059e-02 1.285829217341941833e+10 8.359713301867401123e+09 7.261051171767574310e+09 7.260480799445366859e+09
1.037300000000000028e-02 3.013700000000000059e-02 3.511100000000000332e-02 1.268823619243387222e+10 8.189657320881861687e+09 5.093471392060232162e+09 5.092629601500290871e+09
1.037300000000000028e-02 3.013700000000000059e-02 4.009599999999999970e-02 1.317383601984679222e+10 8.675257148294765472e+09 6.165074543500075340e+09 6.164607519239897728e+09
1.037300000000000028e-02 3.013700000000000059e-02 4.509300000000000114e-02 1.425223237063351822e+10 9.753653499081499100e+09 1.379296639812107849e+10 1.379315418212986755e+10
1.037300000000000028e-02 3.511100000000000332e-02 3.511100000000000332e-02 1.199809287061103439e+10 7.499513999059052467e+09 6.129725830659959793e+09 6.129572772402426720e+09
1.037300000000000028e-02 3.511100000000000332e-02 4.009599999999999970e-02 1.193865283849716568e+10 7.440073966945137978e+09 4.085512394684565544e+09 4.085385697133365631e+09
1.037300000000000028e-02 3.511100000000000332e-02 4.509300000000000114e-02 1.262008864454551315e+10 8.121509772993485451e+09 5.092354375944606781e+09 5.092296939029733658e+09
1.037300000000000028e-02 3.511100000000000332e-02 5.009299999999999864e-02 1.313234505969651604e+10 8.633766188144506454e+09 1.273418127245580101e+10 1.273330124050444412e+10
1.037300000000000028e-02 4.009599999999999970e-02 4.009599999999999970e-02 1.129834565760315132e+10 6.799766786051110268e+09 5.098949336236890793e+09 5.099037996772558212e+09
1.037300000000000028e-02 4.009599999999999970e-02 4.509300000000000114e-02 1.138471998871042633e+10 6.886141117158381462e+09 3.456296624515626431e+09 3.455701797701232433e+09
1.037300000000000028e-02 4.009599999999999970e-02 5.009299999999999864e-02 1.200178843935283279e+10 7.503209567800806046e+09 4.316464343742667198e+09 4.315042197416914940e+09
1.037300000000000028e-02 4.009599999999999970e-02 5.507800000000000196e-02 1.338779196113131332e+10 8.889213089579301834e+09 1.060892828695798683e+10 1.060929311157468224e+10
1.037300000000000028e-02 4.509300000000000114e-02 4.509300000000000114e-02 1.082428511582760429e+10 6.325706244275587082e+09 4.481735795780178070e+09 4.481479796599607468e+09
1.037300000000000028e-02 4.509300000000000114e-02 5.009299999999999864e-02 1.074139634721025658e+10 6.242817475658232689e+09 3.053788202721889496e+09 3.053401758839858055e+09
1.037300000000000028e-02 4.509300000000000114e-02 5.507800000000000196e-02 1.149921820087812424e+10 7.000639329326091766e+09 3.790287237733714581e+09 3.790089320084602833e+09
1.037300000000000028e-02 4.509300000000000114e-02 6.006700000000000234e-02 1.157937572558445168e+10 7.080796854032431602e+09 9.637413553422246933e+09 9.637223058469320297e+09
1.037300000000000028e-02 5.009299999999999864e-02 5.009299999999999864e-02 1.047134580174287033e+10 5.972766930190850258e+09 3.994478911309472084e+09 3.994233574032669544e+09
1.037300000000000028e-02 5.009299999999999864e-02 5.507800000000000196e-02 1.066797356885426521e+10 6.169394697302257538e+09 2.955147883708399296e+09 2.954172274125801086e+09
1.037300000000000028e-02 5.009299999999999864e-02 6.006700000000000234e-02 1.107279052637716293e+10 6.574211654825136185e+09 3.526933845991103649e+09 3.526115745671289444e+09
1.037300000000000028e-02 5.009299999999999864e-02 6.505900000000000571e-02 1.134302253582448959e+10 6.844443664272474289e+09 8.727088831461772919e+09 8.726650788323631287e+09
1.037300000000000028e-02 5.507800000000000196e-02 5.507800000000000196e-02 1.030648056062306023e+10 5.807901689071033478e+09 3.582429775561015129e+09 3.582309055816826820e+09
1.037300000000000028e-02 5.507800000000000196e-02 6.006700000000000234e-02 1.031608170494439125e+10 5.817502833392377853e+09 2.738924920023410797e+09 2.738066913738899708e+09
1.037300000000000028e-02 5.507800000000000196e-02 6.505900000000000571e-02 1.055512999442855453e+10 6.056551122876549721e+09 3.188467800145801067e+09 3.187506270031334400e+09
1.037300000000000028e-02 5.507800000000000196e-02 7.005400000000000515e-02 1.105938199593618393e+10 6.560803124384142876e+09 7.699521035152866364e+09 7.700068615490726471e+09
1.037300000000000028e-02 6.006700000000000234e-02 6.006700000000000234e-02 9.790367786505746841e+09 5.291788914953742981e+09 3.332257676186492443e+09 3.332068207099866390e+09
1.037300000000000028e-02 6.006700000000000234e-02 6.505900000000000571e-02 9.956914463794710159e+09 5.458335592242696762e+09 2.484273489910824299e+09 2.483592096453630447e+09
1.037300000000000028e-02 6.006700000000000234e-02 7.005400000000000515e-02 1.021796987145865059e+10 5.719390999906631470e+09 2.844259580868317604e+09 2.844320811208899021e+09
1.037300000000000028e-02 6.006700000000000234e-02 7.505299999999999472e-02 1.024277557123763275e+10 5.744196699685602188e+09 7.104775989534222603e+09 7.104738089600692749e+09
1.037300000000000028e-02 6.505900000000000571e-02 6.505900000000000571e-02 9.697569000995748520e+09 5.198990129443734169e+09 2.966513113242534161e+09 2.965955756086943150e+09
1.037300000000000028e-02 6.505900000000000571e-02 7.005400000000000515e-02 9.813972548944587708e+09 5.315393677392571449e+09 2.297468606077933311e+09 2.296881397206881046e+09
1.037300000000000028e-02 6.505900000000000571e-02 7.505299999999999472e-02 1.003524692814014244e+10 5.536668056588115692e+09 2.736137199039847851e+09 2.735247694421168327e+09
1.037300000000000028e-02 6.505900000000000571e-02 8.005400000000000016e-02 1.017010075486791039e+10 5.671521883315883636e+09 6.393104785680620193e+09 6.393487852126708031e+09
1.037300000000000028e-02 7.005400000000000515e-02 7.005400000000000515e-02 9.478450765423311234e+09 4.979871893871299744e+09 2.868263785531943321e+09 2.868008307899272442e+09
1.037300000000000028e-02 7.005400000000000515e-02 7.505299999999999472e-02 9.551449873595428467e+09 5.052871002043404579e+09 2.186164868748309135e+09 2.186076233776083469e+09
1.037300000000000028e-02 7.005400000000000515e-02 8.005400000000000016e-02 9.962591523894596100e+09 5.464012652342572212e+09 2.412041240511143684e+09 2.410738634321524620e+09
1.037300000000000028e-02 7.505299999999999472e-02 7.505299999999999472e-02 9.205088652600080490e+09 4.706509781048053741e+09 2.570034722727769852e+09 2.569973961566528797e+09
1.037300000000000028e-02 7.505299999999999472e-02 8.005400000000000016e-02 9.471848827509880066e+09 4.973269955957850456e+09 1.968508382360289574e+09 1.967070397229294777e+09
1.037300000000000028e-02 8.005400000000000016e-02 8.005400000000000016e-02 9.052638442801332474e+09 4.554059571249311447e+09 2.418273230617119312e+09 2.418048667941342354e+09
1.525999999999999926e-02 1.525999999999999926e-02 1.525999999999999926e-02 1.471045372781248665e+10 1.021187485626045036e+10 2.243209978194243622e+10 2.243270067108444214e+10
1.525999999999999926e-02 1.525999999999999926e-02 2.019699999999999968e-02 1.460441253027777672e+10 1.010583365872576714e+10 1.145419738124847412e+10 1.145447598867311287e+10
1.525999999999999926e-02 1.525999999999999926e-02 2.516699999999999840e-02 1.561151646172734451e+10 1.111293759017531967e+10 1.013993023502435684e+10 1.013937817936052513e+10
1.525999999999999926e-02 1.525999999999999926e-02 3.013700000000000059e-02 1.596111990004030991e+10 1.146254102848829651e+10 1.209517830690033531e+10 1.209448507811657524e+10
1.525999999999999926e-02 1.525999999999999926e-02 3.511100000000000332e-02 1.643821048829275513e+10 1.193963161674072456e+10 2.966450125032931519e+10 2.966421790419978714e+10
1.525999999999999926e-02 2.019699999999999968e-02 2.019699999999999968e-02 1.459028273473786736e+10 1.009170386318583298e+10 9.877320540591733932e+09 9.877733480918788910e+09
1.525999999999999926e-02 2.019699999999999968e-02 2.516699999999999840e-02 1.462266788769847107e+10 1.012408901614645004e+10 6.134685827273190498e+09 6.135252888945243835e+09
1.525999999999999926e-02 2.019699999999999968e-02 3.013700000000000059e-02 1.499836988804899025e+10 1.049979101649699211e+10 5.808857783222085953e+09 5.808003110659944534e+09
1.525999999999999926e-02 2.019699999999999968e-02 3.511100000000000332e-02 1.541052158618485260e+10 1.091194271463281631e+10 6.906822680436477661e+09 6.906566587166454315e+09
1.525999999999999926e-02 2.019699999999999968e-02 4.009599999999999970e-02 1.448115403699418831e+10 9.982575165442161560e+09 1.736484416385737610e+10 1.736464895023540115e+10
1.525999999999999926e-02 2.516699999999999840e-02 2.516699999999999840e-02 1.355166708749532509e+10 9.053088215943296432e+09 7.449217453024995804e+09 7.450055699748064995e+09
1.525999999999999926e-02 2.516699999999999840e-02 3.013700000000000059e-02 1.388150301893416977e+10 9.382924147382175446e+09 4.752470148597082138e+09 4.752751650319608688e+09
1.525999999999999926e-02 2.516699999999999840e-02 3.511100000000000332e-02 1.426220245484456253e+10 9.763623583292530060e+09 4.372612927338509560e+09 4.371794236705221176e+09
1.525999999999999926e-02 2.516699999999999840e-02 4.009599999999999970e-02 1.483937438019929314e+10 1.034079550864730072e+10 5.477900374342953682e+09 5.477801890339311600e+09
1.525999999999999926e-02 2.516699999999999840e-02 4.509300000000000114e-02 1.510736473190316963e+10 1.060878586035111618e+10 1.391726686606326485e+10 1.391683934813293266e+10
1.525999999999999926e-02 3.013700000000000059e-02 3.013700000000000059e-02 1.322739680772382736e+10 8.728817936171808243e+09 6.077061327220381737e+09 6.078083362258028984e+09
1.525999999999999926e-02 3.013700000000000059e-02 3.511100000000000332e-02 1.311084079878328705e+10 8.612261927231281281e+09 4.060614409696627140e+09 4.059945713635602474e+09
1.525999999999999926e-02 3.013700000000000059e-02 4.009599999999999970e-02 1.358176908663457870e+10 9.083190215082567215e+09 3.815785595602631569e+09 3.814962198728673935e+09
1.525999999999999926e-02 3.013700000000000059e-02 4.509300000000000114e-02 1.415263550984377480e+10 9.654056638291765213e+09 4.690879199685662270e+09 4.690812255292491913e+09
1.525999999999999926e-02 3.013700000000000059e-02 5.009299999999999864e-02 1.373262124294671822e+10 9.234042371394695282e+09 1.162892118614504433e+10 1.162863612687694550e+10
1.525999999999999926e-02 3.511100000000000332e-02 3.511100000000000332e-02 1.255326201378894997e+10 8.054683142236942291e+09 4.915155220136735916e+09 4.914492278084525108e+09
1.525999999999999926e-02 3.511100000000000332e-02 4.009599999999999970e-02 1.255297522381626129e+10 8.054396352264250755e+09 3.239282208307814121e+09 3.239331003234197140e+09
1.525999999999999926e-02 3.511100000000000332e-02 4.509300000000000114e-02 1.291699266802429771e+10 8.418413796472267151e+09 3.037672238600413322e+09 3.036897976912000179e+09
1.525999999999999926e-02 3.511100000000000332e-02 5.009299999999999864e-02 1.300734892445489311e+10 8.508770052902885437e+09 3.889620537482855797e+09 3.889999442781340122e+09
1.525999999999999926e-02 3.511100000000000332e-02 5.507800000000000196e-02 1.291063312244208717e+10 8.412054250890055656e+09 1.003157011306919098e+10 1.003199698627820396e+10
1.525999999999999926e-02 4.009599999999999970e-02 4.009599999999999970e-02 1.213618155556303596e+10 7.637602684011015892e+09 4.065385751721466541e+09 4.065827009427503109e+09
1.525999999999999926e-02 4.009599999999999970e-02 4.509300000000000114e-02 1.190894100031143570e+10 7.410362128759418488e+09 2.822488879375829220e+09 2.822788174327333927e+09
1.525999999999999926e-02 4.009599999999999970e-02 5.009299999999999864e-02 1.218836853647533798e+10 7.689789664923318863e+09 2.707353531318346500e+09 2.706178885050151348e+09
1.525999999999999926e-02 4.009599999999999970e-02 5.507800000000000196e-02 1.260561532104987335e+10 8.107036449497852325e+09 3.304138129284868717e+09 3.304766258667289257e+09
1.525999999999999926e-02 4.009599999999999970e-02 6.006700000000000234e-02 1.276544947700065613e+10 8.266870605448637009e+09 8.658706255715749741e+09 8.658969531111679077e+09
1.525999999999999926e-02 4.509300000000000114e-02 4.509300000000000114e-02 1.151258376146396065e+10 7.014004889911951065e+09 3.450619619681741238e+09 3.450230242251459599e+09
1.525999999999999926e-02 4.509300000000000114e-02 5.009299999999999864e-02 1.140821389964387131e+10 6.909635028091835976e+09 2.489240581136013985e+09 2.488253392499567986e+09
1.525999999999999926e-02 4.509300000000000114e-02 5.507800000000000196e-02 1.167067520876414108e+10 7.172096337212128639e+09 2.320858182300436020e+09 2.320054593561712265e+09
1.525999999999999926e-02 4.509300000000000114e-02 6.006700000000000234e-02 1.195865410140291405e+10 7.460075229850910187e+09 2.982616526632481098e+09 2.982264005402185917e+09
1.525999999999999926e-02 4.509300000000000114e-02 6.505900000000000571e-02 1.218909806015494347e+10 7.690519188602931023e+09 7.621092129366239548e+09 7.621496510747974396e+09
1.525999999999999926e-02 5.009299999999999864e-02 5.009299999999999864e-02 1.122564850716194153e+10 6.727069635609932899e+09 3.170004709532291412e+09 3.168511401919101715e+09
1.525999999999999926e-02 5.009299999999999864e-02 5.507800000000000196e-02 1.107512424110982513e+10 6.576545369557809830e+09 2.133201116055065632e+09 2.132435247763680458e+09
1.525999999999999926e-02 5.009299999999999864e-02 6.006700000000000234e-02 1.131846340752392197e+10 6.819884535971921921e+09 2.150539534239086151e+09 2.149528425024245262e+09
1.525999999999999926e-02 5.009299999999999864e-02 6.505900000000000571e-02 1.154670104391300392e+10 7.048122172361005783e+09 2.646503206248982906e+09 2.646592792285956383e+09
1.525999999999999926e-02 5.009299999999999864e-02 7.005400000000000515e-02 1.196965275582491302e+10 7.471073884272882462e+09 6.411292252782825470e+09 6.411022411958891869e+09
1.525999999999999926e-02 5.507800000000000196e-02 5.507800000000000196e-02 1.087312327880272293e+10 6.374544407250713348e+09 2.777185142415375233e+09 2.777423034127982140e+09
1.525999999999999926e-02 5.507800000000000196e-02 6.006700000000000234e-02 1.077133561586649132e+10 6.272756744314459801e+09 1.901435132720850468e+09 1.901195621444142342e+09
1.525999999999999926e-02 5.507800000000000196e-02 6.505900000000000571e-02 1.095033318815317917e+10 6.451754316601166725e+09 1.956851178854330301e+09 1.956216847607493639e+09
1.525999999999999926e-02 5.507800000000000196e-02 7.005400000000000515e-02 1.122169123172936630e+10 6.723112360177353859e+09 2.459838238769675732e+09 2.460198035934445381e+09
1.525999999999999926e-02 5.507800000000000196e-02 7.505299999999999472e-02 1.110766541579226112e+10 6.609086544240257263e+09 6.130229543044408798e+09 6.130854373132474899e+09
1.525999999999999926e-02 6.006700000000000234e-02 6.006700000000000234e-02 1.039019163246449089e+10 5.891612760912470818e+09 2.541688461154585838e+09 2.541195998114595890e+09
1.525999999999999926e-02 6.006700000000000234e-02 6.505900000000000571e-02 1.045013733174862671e+10 5.951558460196582794e+09 1.787585082427225113e+09 1.787016527890463114e+09
1.525999999999999926e-02 6.006700000000000234e-02 7.005400000000000515e-02 1.072120052397500229e+10 6.222621652422977448e+09 1.737566901490490913e+09 1.737642456425205946e+09
1.525999999999999926e-02 6.006700000000000234e-02 7.505299999999999472e-02 1.098326211501286697e+10 6.484683243460844040e+09 2.141032759920809031e+09 2.141813393967253447e+09
1.525999999999999926e-02 6.006700000000000234e-02 8.005400000000000016e-02 1.097455511635553169e+10 6.475976244803524017e+09 5.502229540218496323e+09 5.502820474405556679e+09
1.525999999999999926e-02 6.505900000000000571e-02 6.505900000000000571e-02 1.021311372974145889e+10 5.714534858189434052e+09 2.356989532886004448e+09 2.356398944455949306e+09
1.525999999999999926e-02 6.505900000000000571e-02 7.005400000000000515e-02 1.036963317399008751e+10 5.871054302438058853e+09 1.661046163558619976e+09 1.660883108704517841e+09
1.525999999999999926e-02 6.505900000000000571e-02 7.505299999999999472e-02 1.054764548602920341e+10 6.049066614477146149e+09 1.644935166255270481e+09 1.644392216237714291e+09
1.525999999999999926e-02 6.505900000000000571e-02 8.005400000000000016e-02 1.071044089219125748e+10 6.211862020639242172e+09 2.100178799401292086e+09 2.100383082629662037e+09
1.525999999999999926e-02 7.005400000000000515e-02 7.005400000000000515e-02 1.006384313242727470e+10 5.565264260875265121e+09 2.197189750354632854e+09 2.196453013390777588e+09
1.525999999999999926e-02 7.005400000000000515e-02 7.505299999999999472e-02 1.007466147368650246e+10 5.576082602134491920e+09 1.557720344866999149e+09 1.556748170947071552e+09
1.525999999999999926e-02 7.005400000000000515e-02 8.005400000000000016e-02 1.021892702141123199e+10 5.720348149859203339e+09 1.501910894014337778e+09 1.501672922257500648e+09
1.525999999999999926e-02 7.505299999999999472e-02 7.505299999999999472e-02 9.694206084906850815e+09 5.195627213354836464e+09 1.989458525051841497e+09 1.989130524354074240e+09
1.525999999999999926e-02 7.505299999999999472e-02 8.005400000000000016e-02 9.798196850175752640e+09 5.299617978623730659e+09 1.409131031005118847e+09 1.408502858767535925e+09
1.525999999999999926e-02 8.005400000000000016e-02 8.005400000000000016e-02 9.609178724741018295e+09 5.110599853189017296e+09 1.854410752917865992e+09 1.854013988769117594e+09
2.019699999999999968e-02 2.019699999999999968e-02 2.019699999999999968e-02 1.414049207680111504e+10 9.641913205249082565e+09 1.416483298505436516e+10 1.416473723128797913e+10
2.019699999999999968e-02 2.019699999999999968e-02 2.516699999999999840e-02 1.421095961278442001e+10 9.712380741232389450e+09 7.426041942371581078e+09 7.426971023385257721e+09
2.019699999999999968e-02 2.019699999999999968e-02 3.013700000000000059e-02 1.445261582143761253e+10 9.954036949885583878e+09 6.370675842191349030e+09 6.370559908039190292e+09
2.019699999999999968e-02 2.019699999999999968e-02 3.511100000000000332e-02 1.481403177387918472e+10 1.031545290232717896e+10 6.335714047664764404e+09 6.336215739105034828e+09
2.019699999999999968e-02 2.019699999999999968e-02 4.009599999999999970e-02 1.533617760575706482e+10 1.083759873420504570e+10 7.747219194071010590e+09 7.747803627105709076e+09
2.019699999999999968e-02 2.019699999999999968e-02 4.509300000000000114e-02 1.583719166521384239e+10 1.133861279366180992e+10 1.953657543813163757e+10 1.953675577001882172e+10
2.019699999999999968e-02 2.516699999999999840e-02 2.516699999999999840e-02 1.347684238577029228e+10 8.978263514218267441e+09 6.266000902550938606e+09 6.266445441128389359e+09
2.019699999999999968e-02 2.516699999999999840e-02 3.013700000000000059e-02 1.357148828222262955e+10 9.072909410670616150e+09 4.003046227719400883e+09 4.003567930584581852e+09
2.019699999999999968e-02 2.516699999999999840e-02 3.511100000000000332e-02 1.373414387547477150e+10 9.235565003922765732e+09 3.834096782699303150e+09 3.832909619667974949e+09
2.019699999999999968e-02 2.516699999999999840e-02 4.009599999999999970e-02 1.421830427533292770e+10 9.719725403780927658e+09 3.521832199145447731e+09 3.521506369548312664e+09
2.019699999999999968e-02 2.516699999999999840e-02 4.509300000000000114e-02 1.420237117213317490e+10 9.703792300581148148e+09 4.557508382798795700e+09 4.558123208389311790e+09
2.019699999999999968e-02 2.516699999999999840e-02 5.009299999999999864e-02 1.432163955000773811e+10 9.823060678455698013e+09 1.167704707670251274e+10 1.167635024098309708e+10
2.019699999999999968e-02 3.013700000000000059e-02 3.013700000000000059e-02 1.337296568619924736e+10 8.874386814647235870e+09 5.065466856625767708e+09 5.065549813600484848e+09
2.019699999999999968e-02 3.013700000000000059e-02 3.511100000000000332e-02 1.291011389336189461e+10 8.411535021809888840e+09 3.516761001194192886e+09 3.516175258003233433e+09
2.019699999999999968e-02 3.013700000000000059e-02 4.009599999999999970e-02 1.284235606168424034e+10 8.343777190132213593e+09 3.105494025098150253e+09 3.105080575819687843e+09
2.019699999999999968e-02 3.013700000000000059e-02 4.509300000000000114e-02 1.342316829163952827e+10 8.924589420087501526e+09 2.909194466499634743e+09 2.908325195933314800e+09
2.019699999999999968e-02 3.013700000000000059e-02 5.009299999999999864e-02 1.375137878723638535e+10 9.252799915684379578e+09 3.814122524653704166e+09 3.813836120099791527e+09
2.019699999999999968e-02 3.013700000000000059e-02 5.507800000000000196e-02 1.344258849002858543e+10 8.944009618476579666e+09 9.694476108767389297e+09 9.694454980337282181e+09
2.019699999999999968e-02 3.511100000000000332e-02 3.511100000000000332e-02 1.239354909767757797e+10 7.894970226125539780e+09 4.291831871349847794e+09 4.291191772345007896e+09
2.019699999999999968e-02 3.511100000000000332e-02 4.009599999999999970e-02 1.228091460979600906e+10 7.782335738243974686e+09 2.853313675978362083e+09 2.853700602782184601e+09
2.019699999999999968e-02 3.511100000000000332e-02 4.509300000000000114e-02 1.242602859409510422e+10 7.927449722543082237e+09 2.609531885812844276e+09 2.608308118880696774e+09
2.019699999999999968e-02 3.511100000000000332e-02 5.009299999999999864e-02 1.270897777191958237e+10 8.210398900367551804e+09 2.529138206239436150e+09 2.528700594692358494e+09
2.019699999999999968e-02 3.511100000000000332e-02 5.507800000000000196e-02 1.298224477611699867e+10 8.483665904564964294e+09 3.306938615141656876e+09 3.306926766661323547e+09
2.019699999999999968e-02 3.511100000000000332e-02 6.006700000000000234e-02 1.260693207760344887e+10 8.108353206051409721e+09 8.567465067387437820e+09 8.568126800019263268e+09
2.019699999999999968e-02 4.009599999999999970e-02 4.009599999999999970e-02 1.184792032065735054e+10 7.349341449105327606e+09 3.673627722539890289e+09 3.674431250115764618e+09
2.019699999999999968e-02 4.009599999999999970e-02 4.509300000000000114e-02 1.181156674979823303e+10 7.312987878246232986e+09 2.376353325726716518e+09 2.374792765588740349e+09
2.019699999999999968e-02 4.009599999999999970e-02 5.009299999999999864e-02 1.194942466369755173e+10 7.450845792145515442e+09 2.246267653690733910e+09 2.245306871868773937e+09
2.019699999999999968e-02 4.009599999999999970e-02 5.507800000000000196e-02 1.205198443434767151e+10 7.553405562795651436e+09 2.198162023134375572e+09 2.197320036285405159e+09
2.019699999999999968e-02 4.009599999999999970e-02 6.006700000000000234e-02 1.231185092035804176e+10 7.813272048806016922e+09 2.678820638912908554e+09 2.678575764515256882e+09
2.019699999999999968e-02 4.009599999999999970e-02 6.505900000000000571e-02 1.230210100664657402e+10 7.803522135094536781e+09 7.202238308403619766e+09 7.202436780599094391e+09
2.019699999999999968e-02 4.509300000000000114e-02 4.509300000000000114e-02 1.138150647266176987e+10 6.882927601109731674e+09 3.005338195645683765e+09 3.004947015710820675e+09
2.019699999999999968e-02 4.509300000000000114e-02 5.009299999999999864e-02 1.124799036785387421e+10 6.749411496301857948e+09 2.078201578717852592e+09 2.077406836622601271e+09
2.019699999999999968e-02 4.509300000000000114e-02 5.507800000000000196e-02 1.133627790800934219e+10 6.837699036457329750e+09 1.977287282974788189e+09 1.975736396353670359e+09
2.019699999999999968e-02 4.509300000000000114e-02 6.006700000000000234e-02 1.153790641590322495e+10 7.039327544351199150e+09 1.881830648374568939e+09 1.881266557866562843e+09
2.019699999999999968e-02 4.509300000000000114e-02 6.505900000000000571e-02 1.182383968529821587e+10 7.325260813746188164e+09 2.480792793481478214e+09 2.481006324708659172e+09
2.019699999999999968e-02 4.509300000000000114e-02 7.005400000000000515e-02 1.126152483319057655e+10 6.762945961638556480e+09 6.194950244056704521e+09 6.195636403837954521e+09
2.019699999999999968e-02 5.009299999999999864e-02 5.009299999999999864e-02 1.100838213008101082e+10 6.509803258528985023e+09 2.709661706462082386e+09 2.710053367601182461e+09
2.019699999999999968e-02 5.009299999999999864e-02 5.507800000000000196e-02 1.101641783294680595e+10 6.517838961394782066e+09 1.865405517711547136e+09 1.865313268390769243e+09
2.019699999999999968e-02 5.009299999999999864e-02 6.006700000000000234e-02 1.092714456145009232e+10 6.428565689898082733e+09 1.788244048106021404e+09 1.787739490396229744e+09
2.019699999999999968e-02 5.009299999999999864e-02 6.505900000000000571e-02 1.118548320345539474e+10 6.686904331903368950e+09 1.734964228367726088e+09 1.734037211136463642e+09
2.019699999999999968e-02 5.009299999999999864e-02 7.005400000000000515e-02 1.133963373926244545e+10 6.841054867710446358e+09 2.174839749265252590e+09 2.174604610025254250e+09
2.019699999999999968e-02 5.009299999999999864e-02 7.505299999999999472e-02 1.137959335797317123e+10 6.881014486421128273e+09 5.731232169783429146e+09 5.731245476040896416e+09
2.019699999999999968e-02 5.507800000000000196e-02 5.507800000000000196e-02 1.070511623847848320e+10 6.206537366926448822e+09 2.418131981120771885e+09 2.418257316070756912e+09
2.019699999999999968e-02 5.507800000000000196e-02 6.006700000000000234e-02 1.055780839935072136e+10 6.059229527798717499e+09 1.664822521176037788e+09 1.664195711641644239e+09
2.019699999999999968e-02 5.507800000000000196e-02 6.505900000000000571e-02 1.065034040154163361e+10 6.151761529989603043e+09 1.609672285318434477e+09 1.608991415988333464e+09
2.019699999999999968e-02 5.507800000000000196e-02 7.005400000000000515e-02 1.093768892815570641e+10 6.439110056603659630e+09 1.519256758931981087e+09 1.517942538642776966e+09
2.019699999999999968e-02 5.507800000000000196e-02 7.505299999999999472e-02 1.106523530167800331e+10 6.566656430125988960e+09 1.984725693622324228e+09 1.984373637587315559e+09
2.019699999999999968e-02 5.507800000000000196e-02 8.005400000000000016e-02 1.107370779830340004e+10 6.575128926751390457e+09 5.036314342433589935e+09 5.035687243527539253e+09
2.019699999999999968e-02 6.006700000000000234e-02 6.006700000000000234e-02 1.042355274587681389e+10 5.924973874324798584e+09 2.185487445846621513e+09 2.184633737945254326e+09
2.019699999999999968e-02 6.006700000000000234e-02 6.505900000000000571e-02 1.037938082229063034e+10 5.880801950738596916e+09 1.509976368334317923e+09 1.508317007341354132e+09
2.019699999999999968e-02 6.006700000000000234e-02 7.005400000000000515e-02 1.044834576458082008e+10 5.949766893028765678e+09 1.479523827871285200e+09 1.478860173322067976e+09
2.019699999999999968e-02 6.006700000000000234e-02 7.505299999999999472e-02 1.061094753854356956e+10 6.112368666991553307e+09 1.413668018551839113e+09 1.412532276697572708e+09
2.019699999999999968e-02 6.006700000000000234e-02 8.005400000000000016e-02 1.083496568438054657e+10 6.336386812828538895e+09 1.810771457701174498e+09 1.809948619149115801e+09
2.019699999999999968e-02 6.505900000000000571e-02 6.505900000000000571e-02 1.022358175292627335e+10 5.725002881374266624e+09 2.047848395192581177e+09 2.047794392627699852e+09
2.019699999999999968e-02 6.505900000000000571e-02 7.005400000000000515e-02 1.008936148400053787e+10 5.590782612448495865e+09 1.370842057132888317e+09 1.369368979686709166e+09
2.019699999999999968e-02 6.505900000000000571e-02 7.505299999999999472e-02 1.019762910330768967e+10 5.699050231755657196e+09 1.313208502290508986e+09 1.312101222867231369e+09
2.019699999999999968e-02 6.505900000000000571e-02 8.005400000000000016e-02 1.041178127121458626e+10 5.913202399662554741e+09 1.283228905780108213e+09 1.282239861425247669e+09
2.019699999999999968e-02 7.005400000000000515e-02 7.005400000000000515e-02 9.979117257791091919e+09 5.480538386239077568e+09 1.831501870635957479e+09 1.830300447524746180e+09
2.019699999999999968e-02 7.005400000000000515e-02 7.505299999999999472e-02 9.901656789077116013e+09 5.403077917525092125e+09 1.280472752168018341e+09 1.278675097108511209e+09
2.019699999999999968e-02 7.005400000000000515e-02 8.005400000000000016e-02 9.928196729770744324e+09 5.429617858218731880e+09 1.211351588178304195e+09 1.211339312433318377e+09
2.019699999999999968e-02 7.505299999999999472e-02 7.505299999999999472e-02 9.733941510547828674e+09 5.235362638995820999e+09 1.683755636390860796e+09 1.682157079974732399e+09
2.019699999999999968e-02 7.505299999999999472e-02 8.005400000000000016e-02 9.679197195709846497e+09 5.180618324157827377e+09 1.223266913526571274e+09 1.222154521171944380e+09
2.019699999999999968e-02 8.005400000000000016e-02 8.005400000000000016e-02 9.461285180267639160e+09 4.962706308715619087e+09 1.579828048045413017e+09 1.578728373461688280e+09
2.516699999999999840e-02 2.516699999999999840e-02 2.516699999999999840e-02 1.376246181903545380e+10 9.263882947483413696e+09 9.748570176386194229e+09 9.748691227502077103e+09
2.516699999999999840e-02 2.516699999999999840e-02 3.013700000000000059e-02 1.356661335527922249e+10 9.068034483727190018e+09 5.019818133752985954e+09 5.019837816289371490e+09
2.516699999999999840e-02 2.516699999999999840e-02 3.511100000000000332e-02 1.326844289968619728e+10 8.769864028134172440e+09 4.587062539505078316e+09 4.586684803228055000e+09
2.516699999999999840e-02 2.516699999999999840e-02 4.009599999999999970e-02 1.319056870031322670e+10 8.691989828761217117e+09 4.160796515999836922e+09 4.160804002638709545e+09
2.516699999999999840e-02 2.516699999999999840e-02 4.509300000000000114e-02 1.363488390027881622e+10 9.136305028726800919e+09 4.099333313444490910e+09 4.098372568373511791e+09
2.516699999999999840e-02 2.516699999999999840e-02 5.009299999999999864e-02 1.391081313292960930e+10 9.412234261377613068e+09 5.228743270438600540e+09 5.228596763068380356e+09
2.516699999999999840e-02 2.516699999999999840e-02 5.507800000000000196e-02 1.398841929242755127e+10 9.489840420875522614e+09 1.295564730137932777e+10 1.295573167786980438e+10
2.516699999999999840e-02 3.013700000000000059e-02 3.013700000000000059e-02 1.288121213691328049e+10 8.382633265361281395e+09 4.627515618834227562e+09 4.626311528616171837e+09
2.516699999999999840e-02 3.013700000000000059e-02 3.511100000000000332e-02 1.247238817855793381e+10 7.973809307005933762e+09 2.941836334953332424e+09 2.941154940652229309e+09
2.516699999999999840e-02 3.013700000000000059e-02 4.009599999999999970e-02 1.237636644125750923e+10 7.877787569705488205e+09 2.662200798037449837e+09 2.661319672269349575e+09
2.516699999999999840e-02 3.013700000000000059e-02 4.509300000000000114e-02 1.265732290355450821e+10 8.158744032002487183e+09 2.600993561649571896e+09 2.600564368099664211e+09
2.516699999999999840e-02 3.013700000000000059e-02 5.009299999999999864e-02 1.293053271067375374e+10 8.431953839121728897e+09 2.469804889339899540e+09 2.470334044300744534e+09
2.516699999999999840e-02 3.013700000000000059e-02 5.507800000000000196e-02 1.308745702695358467e+10 8.588878155401567459e+09 3.139437325078465462e+09 3.139039581402993679e+09
2.516699999999999840e-02 3.013700000000000059e-02 6.006700000000000234e-02 1.303124969497397423e+10 8.532670823421914101e+09 7.970056443739463806e+09 7.969245881865955353e+09
2.516699999999999840e-02 3.511100000000000332e-02 3.511100000000000332e-02 1.204763197943320084e+10 7.549053107881197929e+09 3.699208241344347000e+09 3.697879518276567459e+09
2.516699999999999840e-02 3.511100000000000332e-02 4.009599999999999970e-02 1.182634160084315491e+10 7.327762729291145325e+09 2.381817949758090496e+09 2.381603067649643421e+09
2.516699999999999840e-02 3.511100000000000332e-02 4.509300000000000114e-02 1.174992148170378685e+10 7.251342610151765823e+09 2.342939465411688328e+09 2.342645413007077694e+09
2.516699999999999840e-02 3.511100000000000332e-02 5.009299999999999864e-02 1.198111383415634537e+10 7.482534962604326248e+09 2.136808932484798193e+09 2.137025340645649195e+09
2.516699999999999840e-02 3.511100000000000332e-02 5.507800000000000196e-02 1.219530430230670357e+10 7.696725430754665375e+09 2.107458691323468924e+09 2.106317607786861897e+09
2.516699999999999840e-02 3.511100000000000332e-02 6.006700000000000234e-02 1.237756938897861481e+10 7.878990517426599503e+09 2.662285858614835262e+09 2.661608482762751579e+09
2.516699999999999840e-02 3.511100000000000332e-02 6.505900000000000571e-02 1.205187748501450157e+10 7.553298613462470055e+09 6.886855550986764908e+09 6.887497570225768089e+09
2.516699999999999840e-02 4.009599999999999970e-02 4.009599999999999970e-02 1.152121199002934456e+10 7.022633118477313042e+09 3.270723002217343330e+09 3.270186820437085629e+09
2.516699999999999840e-02 4.009599999999999970e-02 4.509300000000000114e-02 1.142420119255724144e+10 6.925622321005219460e+09 2.123091145518165112e+09 2.123039044091257811e+09
2.516699999999999840e-02 4.009599999999999970e-02 5.009299999999999864e-02 1.122867403974263954e+10 6.730095168190604210e+09 1.949111214766204119e+09 1.948704402209354162e+09
2.516699999999999840e-02 4.009599999999999970e-02 5.507800000000000196e-02 1.143115404126931572e+10 6.932575169717303276e+09 1.833044583436668634e+09 1.832118670316699982e+09
2.516699999999999840e-02 4.009599999999999970e-02 6.006700000000000234e-02 1.171903521022950554e+10 7.220456338677491188e+09 1.842263788951321602e+09 1.841953357403702736e+09
2.516699999999999840e-02 4.009599999999999970e-02 6.505900000000000571e-02 1.187281908965903091e+10 7.374240218106990814e+09 2.371110159459233761e+09 2.370269719565811157e+09
2.516699999999999840e-02 4.009599999999999970e-02 7.005400000000000515e-02 1.179845270882058907e+10 7.299873837268547058e+09 5.945151477702323914e+09 5.944666302226542473e+09
2.516699999999999840e-02 4.509300000000000114e-02 4.509300000000000114e-02 1.106569597341936302e+10 6.567117101867341995e+09 2.644218158679959774e+09 2.643137490221040249e+09
2.516699999999999840e-02 4.509300000000000114e-02 5.009299999999999864e-02 1.088018610622999573e+10 6.381607234677989960e+09 1.791894592889758587e+09 1.792064234704955816e+09
2.516699999999999840e-02 4.509300000000000114e-02 5.507800000000000196e-02 1.092226429732891846e+10 6.423685425776897430e+09 1.673737969114650488e+09 1.673057577691264153e+09
2.516699999999999840e-02 4.509300000000000114e-02 6.006700000000000234e-02 1.104398669808476830e+10 6.545407826532748222e+09 1.572749055016827345e+09 1.571730028324596405e+09
2.516699999999999840e-02 4.509300000000000114e-02 6.505900000000000571e-02 1.129875067071230316e+10 6.800171799160279274e+09 1.597609739120252132e+09 1.597779727496638536e+09
2.516699999999999840e-02 4.509300000000000114e-02 7.005400000000000515e-02 1.131007733874435806e+10 6.811498467192332268e+09 2.046320037317403793e+09 2.045240777313145399e+09
2.516699999999999840e-02 4.509300000000000114e-02 7.505299999999999472e-02 1.107862736936566925e+10 6.580048497813639641e+09 5.257309309736275673e+09 5.256949451074634552e+09
2.516699999999999840e-02 5.009299999999999864e-02 5.009299999999999864e-02 1.065546773412391853e+10 6.156888862571885109e+09 2.414833256615027905e+09 2.414920634965435505e+09
2.516699999999999840e-02 5.009299999999999864e-02 5.507800000000000196e-02 1.049464406820599174e+10 5.996065196653984070e+09 1.603046041485354662e+09 1.602501440778297186e+09
2.516699999999999840e-02 5.009299999999999864e-02 6.006700000000000234e-02 1.054671304646851349e+10 6.048134174916482925e+09 1.517882016285020113e+09 1.516916896291764021e+09
2.516699999999999840e-02 5.009299999999999864e-02 6.505900000000000571e-02 1.065095013664153862e+10 6.152371265089521408e+09 1.513587854480058670e+09 1.513020992700052261e+09
2.516699999999999840e-02 5.009299999999999864e-02 7.005400000000000515e-02 1.080104110438729858e+10 6.302462232835303307e+09 1.401248431320610762e+09 1.400612430173375845e+09
2.516699999999999840e-02 5.009299999999999864e-02 7.505299999999999472e-02 1.088589646760157585e+10 6.387317596049565315e+09 1.871792150933956861e+09 1.871259391321365118e+09
2.516699999999999840e-02 5.009299999999999864e-02 8.005400000000000016e-02 1.079408013670835686e+10 6.295501265156329155e+09 4.759617434721011162e+09 4.759719187771476746e+09
2.516699999999999840e-02 5.507800000000000196e-02 5.507800000000000196e-02 1.035800511234812355e+10 5.859426240796110153e+09 2.132843736223313332e+09 2.132353898079585314e+09
2.516699999999999840e-02 5.507800000000000196e-02 6.006700000000000234e-02 1.026842959700575256e+10 5.769850725453722954e+09 1.447520390844845057e+09 1.447184765256345272e+09
2.516699999999999840e-02 5.507800000000000196e-02 6.505900000000000571e-02 1.025175930750859070e+10 5.753180435956546783e+09 1.410665142253747463e+09 1.409790725130145550e+09
2.516699999999999840e-02 5.507800000000000196e-02 7.005400000000000515e-02 1.042281881930717087e+10 5.924239947755152702e+09 1.337310970494156837e+09 1.336471053756012201e+09
2.516699999999999840e-02 5.507800000000000196e-02 7.505299999999999472e-02 1.053240765741269112e+10 6.033828785860671997e+09 1.302681670013825655e+09 1.302102163194536209e+09
2.516699999999999840e-02 5.507800000000000196e-02 8.005400000000000016e-02 1.050318249974611473e+10 6.004603628194089890e+09 1.668335228615450382e+09 1.666713306366731405e+09
2.516699999999999840e-02 6.006700000000000234e-02 6.006700000000000234e-02 1.003097676488310242e+10 5.532397893331091881e+09 1.943416429098698139e+09 1.943296891882961988e+09
2.516699999999999840e-02 6.006700000000000234e-02 6.505900000000000571e-02 1.001913539470362854e+10 5.520556523151621819e+09 1.316507115563369989e+09 1.315945751417308807e+09
2.516699999999999840e-02 6.006700000000000234e-02 7.005400000000000515e-02 9.999106099695598602e+09 5.500527228143584251e+09 1.255241118981632710e+09 1.254877911476677656e+09
2.516699999999999840e-02 6.006700000000000234e-02 7.505299999999999472e-02 1.017509801448999023e+10 5.676519142937966347e+09 1.226317706693902969e+09 1.226364888825296879e+09
2.516699999999999840e-02 6.006700000000000234e-02 8.005400000000000016e-02 1.031262486442636681e+10 5.814045992874337196e+09 1.211186179663452387e+09 1.209841998832464695e+09
2.516699999999999840e-02 6.505900000000000571e-02 6.505900000000000571e-02 9.984042816371074677e+09 5.485463944819041252e+09 1.672954843366381645e+09 1.672754757762063980e+09
2.516699999999999840e-02 6.505900000000000571e-02 7.005400000000000515e-02 9.771878652437358856e+09 5.273299780885349274e+09 1.182631337777408600e+09 1.181936773177265644e+09
2.516699999999999840e-02 6.505900000000000571e-02 7.505299999999999472e-02 9.815995868262060165e+09 5.317416996710042000e+09 1.158250044517026901e+09 1.157333656670756340e+09
2.516699999999999840e-02 6.505900000000000571e-02 8.005400000000000016e-02 9.910762315920860291e+09 5.412183444368841171e+09 1.111474521465909719e+09 1.111382584247570753e+09
2.516699999999999840e-02 7.005400000000000515e-02 7.005400000000000515e-02 9.712381326416841507e+09 5.213802454864836693e+09 1.599122746019130230e+09 1.597775176511525154e+09
2.516699999999999840e-02 7.005400000000000515e-02 7.505299999999999472e-02 9.609919046925949097e+09 5.111340175373931885e+09 1.118032111357793331e+09 1.117940279028674603e+09
2.516699999999999840e-02 7.005400000000000515e-02 8.005400000000000016e-02 9.600045027295923233e+09 5.101466155743906975e+09 1.055475410070894003e+09 1.054169647109417081e+09
2.516699999999999840e-02 7.505299999999999472e-02 7.505299999999999472e-02 9.486404518081151962e+09 4.987825646529134750e+09 1.482618707961033821e+09 1.481634918195438862e+09
2.516699999999999840e-02 7.505299999999999472e-02 8.005400000000000016e-02 9.366603464451627731e+09 4.868024592899621964e+09 1.005141629470519304e+09 1.004444809104704499e+09
2.516699999999999840e-02 8.005400000000000016e-02 8.005400000000000016e-02 9.235094750863361359e+09 4.736515879311351776e+09 1.317007592977818489e+09 1.316274044047746420e+09
3.013700000000000059e-02 3.013700000000000059e-02 3.013700000000000059e-02 1.234067357245107651e+10 7.842094700899058342e+09 6.839720135258235931e+09 6.840518042425428391e+09
3.013700000000000059e-02 3.013700000000000059e-02 3.511100000000000332e-02 1.226409675867005730e+10 7.765517887118028641e+09 3.777529238050035000e+09 3.777530351016853333e+09
3.013700000000000059e-02 3.013700000000000059e-02 4.009599999999999970e-02 1.214144149023577499e+10 7.642862618683748245e+09 3.393144768244403362e+09 3.392457736814423084e+09
3.013700000000000059e-02 3.013700000000000059e-02 4.509300000000000114e-02 1.179095881410413933e+10 7.292379942552114487e+09 3.092328178096392155e+09 3.092194301045514107e+09
3.013700000000000059e-02 3.013700000000000059e-02 5.009299999999999864e-02 1.203080713979895401e+10 7.532228268246944427e+09 2.958094492423377991e+09 2.958310845803259373e+09
3.013700000000000059e-02 3.013700000000000059e-02 5.507800000000000196e-02 1.229304110349098778e+10 7.794462231938946724e+09 2.777710351273734093e+09 2.778206212097023964e+09
3.013700000000000059e-02 3.013700000000000059e-02 6.006700000000000234e-02 1.238151242278351974e+10 7.882933551231499672e+09 3.813436276184087276e+09 3.813378526811229229e+09
3.013700000000000059e-02 3.013700000000000059e-02 6.505900000000000571e-02 1.206448080633915710e+10 7.565901934787132263e+09 9.515712613944664001e+09 9.516222524561780930e+09
3.013700000000000059e-02 3.511100000000000332e-02 3.511100000000000332e-02 1.177964802461761093e+10 7.281069153065588951e+09 3.376165752817916393e+09 3.376667067101609707e+09
3.013700000000000059e-02 3.511100000000000332e-02 4.009599999999999970e-02 1.157715057466870117e+10 7.078571703116665840e+09 2.260892992660762787e+09 2.260313338859042168e+09
3.013700000000000059e-02 3.511100000000000332e-02 4.509300000000000114e-02 1.121280542654329872e+10 6.714226554991281509e+09 2.022846480633596420e+09 2.022276214608417034e+09
3.013700000000000059e-02 3.511100000000000332e-02 5.009299999999999864e-02 1.126821127571903038e+10 6.769632404167011261e+09 1.981899867584252834e+09 1.980899777390126944e+09
3.013700000000000059e-02 3.511100000000000332e-02 5.507800000000000196e-02 1.149297469353050232e+10 6.994395821978473663e+09 1.779901408366114616e+09 1.780184881470058203e+09
3.013700000000000059e-02 3.511100000000000332e-02 6.006700000000000234e-02 1.170206263159753609e+10 7.203483760045522690e+09 1.810342685475904703e+09 1.811144847612514257e+09
3.013700000000000059e-02 3.511100000000000332e-02 6.505900000000000571e-02 1.161716144667405891e+10 7.118582575122045517e+09 2.284322713412237644e+09 2.284355113809010506e+09
3.013700000000000059e-02 3.511100000000000332e-02 7.005400000000000515e-02 1.154027637390360260e+10 7.041697502351592064e+09 5.897838577308364868e+09 5.897508969024031639e+09
3.013700000000000059e-02 4.009599999999999970e-02 4.009599999999999970e-02 1.107774184553617859e+10 6.579162973984165192e+09 2.744589339376859665e+09 2.743943756131166935e+09
3.013700000000000059e-02 4.009599999999999970e-02 4.509300000000000114e-02 1.086513928270592880e+10 6.366560411153915405e+09 1.783626468131292820e+09 1.783925736504087925e+09
3.013700000000000059e-02 4.009599999999999970e-02 5.009299999999999864e-02 1.068164459203306961e+10 6.183065720481027603e+09 1.756314692065110922e+09 1.756431597569592237e+09
3.013700000000000059e-02 4.009599999999999970e-02 5.507800000000000196e-02 1.072666376625670433e+10 6.228084894704692841e+09 1.611168637413738489e+09 1.611464990927606583e+09
3.013700000000000059e-02 4.009599999999999970e-02 6.006700000000000234e-02 1.097294910156373024e+10 6.474370230011716843e+09 1.568829157733316422e+09 1.568476003511509895e+09
3.013700000000000059e-02 4.009599999999999970e-02 6.505900000000000571e-02 1.117260928380304146e+10 6.674030412251035690e+09 1.541599214774081707e+09 1.541218897624885082e+09
3.013700000000000059e-02 4.009599999999999970e-02 7.005400000000000515e-02 1.122297343596659851e+10 6.724394564414571762e+09 1.987827174338942528e+09 1.988001030227767944e+09
3.013700000000000059e-02 4.009599999999999970e-02 7.505299999999999472e-02 1.095337914635573006e+10 6.454800274803718567e+09 5.340272578035683632e+09 5.341191534859114647e+09
3.013700000000000059e-02 4.509300000000000114e-02 4.509300000000000114e-02 1.058098712742662811e+10 6.082408255874596596e+09 2.295433638328644753e+09 2.295153112704734325e+09
3.013700000000000059e-02 4.509300000000000114e-02 5.009299999999999864e-02 1.043998775954536438e+10 5.941408887993346214e+09 1.583142487554842710e+09 1.582552650097666502e+09
3.013700000000000059e-02 4.509300000000000114e-02 5.507800000000000196e-02 1.041914935044134331e+10 5.920570478889341354e+09 1.596884365697341204e+09 1.595810046122977257e+09
3.013700000000000059e-02 4.509300000000000114e-02 6.006700000000000234e-02 1.044987736189940643e+10 5.951298490347368240e+09 1.456900934174943686e+09 1.456359203568049908e+09
3.013700000000000059e-02 4.509300000000000114e-02 6.505900000000000571e-02 1.053337545644975471e+10 6.034796584897748947e+09 1.391109193600293398e+09 1.390656351075780869e+09
3.013700000000000059e-02 4.509300000000000114e-02 7.005400000000000515e-02 1.076439534062643623e+10 6.265816469074413300e+09 1.373638173534418583e+09 1.373455300289013386e+09
3.013700000000000059e-02 4.509300000000000114e-02 7.505299999999999472e-02 1.077128257438594818e+10 6.272703702833927155e+09 1.764065888547806978e+09 1.763652253771932840e+09
3.013700000000000059e-02 4.509300000000000114e-02 8.005400000000000016e-02 1.040857482314735985e+10 5.909995951595328331e+09 4.640968064924445152e+09 4.640893481436284065e+09
3.013700000000000059e-02 5.009299999999999864e-02 5.009299999999999864e-02 1.032253145273819351e+10 5.823952581186169624e+09 2.159456762783446789e+09 2.159096137608969212e+09
3.013700000000000059e-02 5.009299999999999864e-02 5.507800000000000196e-02 1.013556190119131088e+10 5.636983029639286995e+09 1.422876448556711197e+09 1.421964500094674587e+09
3.013700000000000059e-02 5.009299999999999864e-02 6.006700000000000234e-02 1.012717982620237350e+10 5.628600954650347710e+09 1.326894682281856298e+09 1.326498211656193972e+09
3.013700000000000059e-02 5.009299999999999864e-02 6.505900000000000571e-02 1.008613943751342964e+10 5.587560565961395264e+09 1.321309317519469023e+09 1.321088712754225016e+09
3.013700000000000059e-02 5.009299999999999864e-02 7.005400000000000515e-02 1.015073213269069099e+10 5.652153261138689041e+09 1.217272306513663530e+09 1.216825125332419634e+09
3.013700000000000059e-02 5.009299999999999864e-02 7.505299999999999472e-02 1.033765882210554504e+10 5.839079950553526878e+09 1.212425955089874983e+09 1.212005259695911407e+09
3.013700000000000059e-02 5.009299999999999864e-02 8.005400000000000016e-02 1.037507180502518272e+10 5.876492933473172188e+09 1.608572560757103920e+09 1.607573717959007502e+09
3.013700000000000059e-02 5.507800000000000196e-02 5.507800000000000196e-02 9.931651678390029907e+09 5.433072806838011742e+09 1.896704760993045092e+09 1.896465794320731163e+09
3.013700000000000059e-02 5.507800000000000196e-02 6.006700000000000234e-02 9.823212182902515411e+09 5.324633311350474358e+09 1.282987114951030016e+09 1.282410103921606779e+09
3.013700000000000059e-02 5.507800000000000196e-02 6.505900000000000571e-02 9.811357891799976349e+09 5.312779020247957230e+09 1.255522480968162775e+09 1.255857471330410480e+09
3.013700000000000059e-02 5.507800000000000196e-02 7.005400000000000515e-02 9.808764401272943497e+09 5.310185529720909119e+09 1.173455533175670147e+09 1.172700182046878815e+09
3.013700000000000059e-02 5.507800000000000196e-02 7.505299999999999472e-02 9.941398690839603424e+09 5.442819819287576675e+09 1.139785647781063318e+09 1.139009329348335981e+09
3.013700000000000059e-02 5.507800000000000196e-02 8.005400000000000016e-02 1.007312230620450974e+10 5.574543434652465820e+09 1.107106568646051645e+09 1.106558076942627192e+09
3.013700000000000059e-02 6.006700000000000234e-02 6.006700000000000234e-02 9.662924943152585983e+09 5.164346071600571632e+09 1.725237251781792402e+09 1.724145311637618542e+09
3.013700000000000059e-02 6.006700000000000234e-02 6.505900000000000571e-02 9.601521184174255371e+09 5.102942312622251511e+09 1.129259861415453911e+09 1.128687970311363220e+09
3.013700000000000059e-02 6.006700000000000234e-02 7.005400000000000515e-02 9.631667288176811218e+09 5.133088416624791145e+09 1.087543784263013124e+09 1.087456907098616838e+09
3.013700000000000059e-02 6.006700000000000234e-02 7.505299999999999472e-02 9.654131506690967560e+09 5.155552635138953209e+09 1.052840987496865034e+09 1.051083592515478611e+09
3.013700000000000059e-02 6.006700000000000234e-02 8.005400000000000016e-02 9.755482654978178024e+09 5.256903783426166534e+09 1.012953646897555113e+09 1.012318241882438660e+09
3.013700000000000059e-02 6.505900000000000571e-02 6.505900000000000571e-02 9.515346098704019547e+09 5.016767227151994705e+09 1.541884844140802145e+09 1.540768669231821060e+09
3.013700000000000059e-02 6.505900000000000571e-02 7.005400000000000515e-02 9.450750499391996384e+09 4.952171627839966774e+09 1.064978404043518662e+09 1.064621840278823853e+09
3.013700000000000059e-02 6.505900000000000571e-02 7.505299999999999472e-02 9.386561395129587173e+09 4.887982523577550888e+09 1.038523826713802934e+09 1.037429301303989530e+09
3.013700000000000059e-02 6.505900000000000571e-02 8.005400000000000016e-02 9.407828575203588486e+09 4.909249703651570320e+09 9.676782093269755840e+08 9.665602495673730373e+08
3.013700000000000059e-02 7.005400000000000515e-02 7.005400000000000515e-02 9.337433753258083344e+09 4.838854881706048012e+09 1.421461865712381363e+09 1.421593902530638456e+09
3.013700000000000059e-02 7.005400000000000515e-02 7.505299999999999472e-02 9.243724065432884216e+09 4.745145193880862236e+09 9.126902726061906815e+08 9.121422690344960690e+08
3.013700000000000059e-02 7.005400000000000515e-02 8.005400000000000016e-02 9.120618238201883316e+09 4.622039366649865150e+09 9.324247674632849693e+08 9.318001544126268625e+08
3.013700000000000059e-02 7.505299999999999472e-02 7.505299999999999472e-02 9.094154490506425858e+09 4.595575618954421997e+09 1.302188237202290773e+09 1.301448906924148798e+09
3.013700000000000059e-02 7.505299999999999472e-02 8.005400000000000016e-02 8.995130357980146408e+09 4.496551486428122520e+09 9.354171913557716608e+08 9.343856392780661583e+08
3.013700000000000059e-02 8.005400000000000016e-02 8.005400000000000016e-02 8.886285597649988174e+09 4.387706726097967148e+09 1.266364803591651678e+09 1.266306303995245934e+09
3.511100000000000332e-02 3.511100000000000332e-02 3.511100000000000332e-02 1.122154272652984619e+10 6.722963854977814674e+09 5.192356274488373756e+09 5.192240944968833923e+09
3.511100000000000332e-02 3.511100000000000332e-02 4.009599999999999970e-02 1.118477283409864998e+10 6.686193962546633720e+09 2.835151286025269508e+09 2.834872130148175240e+09
3.511100000000000332e-02 3.511100000000000332e-02 4.509300000000000114e-02 1.096884789210716057e+10 6.470269020555151939e+09 2.567271223743398190e+09 2.567231175944825649e+09
3.511100000000000332e-02 3.511100000000000332e-02 5.009299999999999864e-02 1.092293150784284973e+10 6.424352636290820122e+09 2.416488117031175613e+09 2.415173498638871193e+09
3.511100000000000332e-02 3.511100000000000332e-02 5.507800000000000196e-02 1.084446328944734001e+10 6.345884417895316124e+09 2.197495854437471390e+09 2.195722714816810608e+09
3.511100000000000332e-02 3.511100000000000332e-02 6.006700000000000234e-02 1.090320001919993782e+10 6.404621147647905350e+09 2.193509299146246910e+09 2.192782617972616673e+09
3.511100000000000332e-02 3.511100000000000332e-02 6.505900000000000571e-02 1.110933704249090195e+10 6.610758170938891411e+09 2.035118566841922522e+09 2.034733989881677628e+09
3.511100000000000332e-02 3.511100000000000332e-02 7.005400000000000515e-02 1.118093158244799995e+10 6.682352710895956993e+09 2.710951463512054443e+09 2.711146914123982906e+09
3.511100000000000332e-02 3.511100000000000332e-02 7.505299999999999472e-02 1.101047954885628128e+10 6.511900677304268837e+09 7.280965159961537361e+09 7.280663746700015068e+09
3.511100000000000332e-02 4.009599999999999970e-02 4.009599999999999970e-02 1.082261426517222214e+10 6.324035393620199203e+09 2.610198837810306549e+09 2.609562635562668324e+09
3.511100000000000332e-02 4.009599999999999970e-02 4.509300000000000114e-02 1.055503317275356293e+10 6.056454301201550484e+09 1.699225149758348942e+09 1.698579549138764381e+09
3.511100000000000332e-02 4.009599999999999970e-02 5.009299999999999864e-02 1.043395886318300629e+10 5.935379991630987167e+09 1.579238180464163780e+09 1.578530532316716194e+09
3.511100000000000332e-02 4.009599999999999970e-02 5.507800000000000196e-02 1.027661290457208824e+10 5.778034033020050049e+09 1.472510921537779331e+09 1.470993740661087036e+09
3.511100000000000332e-02 4.009599999999999970e-02 6.006700000000000234e-02 1.027685940467685699e+10 5.778280533124815941e+09 1.430886652501528740e+09 1.430644922538991451e+09
3.511100000000000332e-02 4.009599999999999970e-02 6.505900000000000571e-02 1.054611315437295723e+10 6.047534282820919037e+09 1.326524141730425119e+09 1.325224354547777891e+09
3.511100000000000332e-02 4.009599999999999970e-02 7.005400000000000515e-02 1.076227623379974556e+10 6.263697362247732162e+09 1.329031519398044586e+09 1.328624079184873581e+09
3.511100000000000332e-02 4.009599999999999970e-02 7.505299999999999472e-02 1.059340711972384834e+10 6.094828248171836853e+09 1.759672802502428770e+09 1.759116200290277719e+09
3.511100000000000332e-02 4.009599999999999970e-02 8.005400000000000016e-02 1.054298932288266945e+10 6.044410451330661774e+09 4.605616378068789482e+09 4.605517395181457520e+09
3.511100000000000332e-02 4.509300000000000114e-02 4.509300000000000114e-02 1.023805682178555870e+10 5.739477950233527184e+09 2.261062882211968899e+09 2.260365154842208385e+09
3.511100000000000332e-02 4.509300000000000114e-02 5.009299999999999864e-02 1.011680012942842102e+10 5.618221257876391411e+09 1.478291564611818552e+09 1.478166811079451084e+09
3.511100000000000332e-02 4.509300000000000114e-02 5.507800000000000196e-02 1.002285512738312149e+10 5.524276255831083298e+09 1.362977818779799461e+09 1.363171769518975735e+09
3.511100000000000332e-02 4.509300000000000114e-02 6.006700000000000234e-02 9.904765996274534225e+09 5.406187124722496033e+09 1.314999331034487009e+09 1.314753679103516817e+09
3.511100000000000332e-02 4.509300000000000114e-02 6.505900000000000571e-02 9.959038927554275513e+09 5.460460056002230644e+09 1.245472942275629759e+09 1.244990309887527227e+09
3.511100000000000332e-02 4.509300000000000114e-02 7.005400000000000515e-02 1.003158500667653084e+10 5.533006135124515533e+09 1.173173064923361778e+09 1.171465470287739038e+09
3.511100000000000332e-02 4.509300000000000114e-02 7.505299999999999472e-02 1.019853578355953217e+10 5.699956912007515907e+09 1.183489025659705162e+09 1.182538507191373110e+09
3.511100000000000332e-02 4.509300000000000114e-02 8.005400000000000016e-02 1.023501842353800201e+10 5.736439551985971451e+09 1.555912265918945074e+09 1.556010352106290817e+09
3.511100000000000332e-02 5.009299999999999864e-02 5.009299999999999864e-02 9.888184568768968582e+09 5.389605697216952324e+09 1.980326368134888172e+09 1.980811656083076954e+09
3.511100000000000332e-02 5.009299999999999864e-02 5.507800000000000196e-02 9.783333486414653778e+09 5.284754614862636566e+09 1.278888247064487457e+09 1.278953231426153183e+09
3.511100000000000332e-02 5.009299999999999864e-02 6.006700000000000234e-02 9.658551332911973953e+09 5.159972461359972954e+09 1.235847921323745728e+09 1.235438273790974379e+09
3.511100000000000332e-02 5.009299999999999864e-02 6.505900000000000571e-02 9.649406631131690979e+09 5.150827759579667091e+09 1.181723194485353231e+09 1.181199097775217056e+09
3.511100000000000332e-02 5.009299999999999864e-02 7.005400000000000515e-02 9.656283186382627487e+09 5.157704314830598831e+09 1.164821551584187031e+09 1.163860733448207140e+09
3.511100000000000332e-02 5.009299999999999864e-02 7.505299999999999472e-02 9.789485012066356659e+09 5.290906140514360428e+09 1.087039006697299480e+09 1.085718147837579012e+09
3.511100000000000332e-02 5.009299999999999864e-02 8.005400000000000016e-02 9.828944771335453033e+09 5.330365899783435822e+09 1.051393978797405362e+09 1.050349168659005761e+09
3.511100000000000332e-02 5.507800000000000196e-02 5.507800000000000196e-02 9.554192413556957245e+09 5.055613542004949570e+09 1.697564042443319082e+09 1.697211983664476156e+09
3.511100000000000332e-02 5.507800000000000196e-02 6.006700000000000234e-02 9.539690476096691132e+09 5.041111604544681549e+09 1.166676725501132965e+09 1.165603287578723669e+09
3.511100000000000332e-02 5.507800000000000196e-02 6.505900000000000571e-02 9.412552937792444229e+09 4.913974066240434647e+09 1.107145948425269127e+09 1.107370467927125216e+09
3.511100000000000332e-02 5.507800000000000196e-02 7.005400000000000515e-02 9.437065351798021317e+09 4.938486480246006966e+09 1.063292145149018764e+09 1.062423689838281155e+09
3.511100000000000332e-02 5.507800000000000196e-02 7.505299999999999472e-02 9.425709906165344238e+09 4.927131034613319397e+09 1.009009860474863291e+09 1.008062366406016350e+09
3.511100000000000332e-02 5.507800000000000196e-02 8.005400000000000016e-02 9.504471016430826187e+09 5.005892144878808975e+09 9.887443208042448759e+08 9.871479363485307693e+08
3.511100000000000332e-02 6.006700000000000234e-02 6.006700000000000234e-02 9.355995421470106125e+09 4.857416549918097496e+09 1.513328993746563196e+09 1.511663675342776775e+09
3.511100000000000332e-02 6.006700000000000234e-02 6.505900000000000571e-02 9.241365694979465485e+09 4.742786823427453995e+09 1.068545375354894280e+09 1.067391882290594935e+09
3.511100000000000332e-02 6.006700000000000234e-02 7.005400000000000515e-02 9.216935059399595261e+09 4.718356187847564697e+09 1.037194195893374681e+09 1.036804938869606376e+09
3.511100000000000332e-02 6.006700000000000234e-02 7.505299999999999472e-02 9.196924275869987488e+09 4.698345404317960739e+09 9.674315277936756611e+08 9.664292042586276531e+08
3.511100000000000332e-02 6.006700000000000234e-02 8.005400000000000016e-02 9.196678998197292328e+09 4.698100126645269394e+09 8.917113518959792852e+08 8.905860419498525858e+08
3.511100000000000332e-02 6.505900000000000571e-02 6.505900000000000571e-02 9.118375541665424347e+09 4.619796670113396645e+09 1.391834774993797779e+09 1.391128502823215008e+09
3.511100000000000332e-02 6.505900000000000571e-02 7.005400000000000515e-02 9.086124377970298767e+09 4.587545506418274879e+09 9.843801939939354658e+08 9.835755372007076740e+08
3.511100000000000332e-02 6.505900000000000571e-02 7.505299999999999472e-02 9.016758417621042252e+09 4.518179546069029808e+09 9.245950213586984873e+08 9.232638145695960522e+08
3.511100000000000332e-02 6.505900000000000571e-02 8.005400000000000016e-02 8.982151064403041840e+09 4.483572192851020813e+09 9.044809452117962837e+08 9.032385452337036133e+08
3.511100000000000332e-02 7.005400000000000515e-02 7.005400000000000515e-02 8.994329329826768875e+09 4.495750458274744034e+09 1.296373459240166187e+09 1.295609816509464741e+09
3.511100000000000332e-02 7.005400000000000515e-02 7.505299999999999472e-02 8.888899826139514923e+09 4.390320954587494850e+09 8.964054352873184681e+08 8.943577204080122709e+08
3.511100000000000332e-02 7.005400000000000515e-02 8.005400000000000016e-02 8.800415128981647491e+09 4.301836257429637909e+09 8.311824810162477493e+08 8.303186751400265694e+08
3.511100000000000332e-02 7.505299999999999472e-02 7.505299999999999472e-02 8.807408355451139450e+09 4.308829483899117470e+09 1.134847327036678553e+09 1.133467729747164726e+09
3.511100000000000332e-02 7.505299999999999472e-02 8.005400000000000016e-02 8.690889267412960052e+09 4.192310395860938549e+09 8.047551512271822691e+08 8.037080359423712492e+08
3.511100000000000332e-02 8.005400000000000016e-02 8.005400000000000016e-02 8.530227110536321640e+09 4.031648238984284401e+09 1.066048803894561410e+09 1.065232021222410560e+09
4.009599999999999970e-02 4.009599999999999970e-02 4.009599999999999970e-02 1.032648451332057571e+10 5.827905641768556595e+09 4.131050289142056942e+09 4.130488344365727901e+09
4.009599999999999970e-02 4.009599999999999970e-02 4.509300000000000114e-02 1.018758828856215096e+10 5.689009417010123253e+09 2.244106407272520542e+09 2.244879830304848194e+09
4.009599999999999970e-02 4.009599999999999970e-02 5.009299999999999864e-02 9.984622672320529938e+09 5.486043800768513680e+09 2.073056330359554052e+09 2.072591757868126631e+09
4.009599999999999970e-02 4.009599999999999970e-02 5.507800000000000196e-02 9.887502150031354904e+09 5.388923278479332924e+09 1.826086173928306103e+09 1.825663393618910551e+09
4.009599999999999970e-02 4.009599999999999970e-02 6.006700000000000234e-02 9.882532321135272980e+09 5.383953449583269119e+09 1.828193278040724754e+09 1.827589028800093174e+09
4.009599999999999970e-02 4.009599999999999970e-02 6.505900000000000571e-02 9.976979609305831909e+09 5.478400737753811836e+09 1.721042802034637213e+09 1.720484671685900688e+09
4.009599999999999970e-02 4.009599999999999970e-02 7.005400000000000515e-02 1.006607919973746109e+10 5.567500328185454369e+09 1.664330179815159321e+09 1.664189057765785217e+09
4.009599999999999970e-02 4.009599999999999970e-02 7.505299999999999472e-02 1.011714926150167847e+10 5.618570389949666023e+09 1.624141707224381685e+09 1.624090926536465406e+09
4.009599999999999970e-02 4.009599999999999970e-02 8.005400000000000016e-02 1.008073425514118004e+10 5.582155383589157104e+09 2.222255305321434021e+09 2.222525838601851463e+09
4.009599999999999970e-02 4.509300000000000114e-02 4.509300000000000114e-02 1.002018853013826370e+10 5.521609658586245537e+09 2.041403024577808142e+09 2.041307032528216600e+09
4.009599999999999970e-02 4.509300000000000114e-02 5.009299999999999864e-02 9.688376041515233994e+09 5.189797169963222504e+09 1.339455581895590067e+09 1.338349712570977688e+09
4.009599999999999970e-02 4.509300000000000114e-02 5.507800000000000196e-02 9.584537208361703873e+09 5.085958336809671402e+09 1.237950427309141636e+09 1.237405425860911369e+09
4.009599999999999970e-02 4.509300000000000114e-02 6.006700000000000234e-02 9.555130773134040833e+09 5.056551901582013130e+09 1.236184129757373095e+09 1.235681014585147619e+09
4.009599999999999970e-02 4.509300000000000114e-02 6.505900000000000571e-02 9.557729611078985214e+09 5.059150739526968956e+09 1.148329468799578190e+09 1.148021803206090927e+09
4.009599999999999970e-02 4.509300000000000114e-02 7.005400000000000515e-02 9.610459054653867722e+09 5.111880183101846695e+09 1.058504403168928742e+09 1.057668690849707484e+09
4.009599999999999970e-02 4.509300000000000114e-02 7.505299999999999472e-02 9.644621655456275940e+09 5.146042783904272079e+09 1.096736975978046656e+09 1.095850699544485569e+09
4.009599999999999970e-02 4.509300000000000114e-02 8.005400000000000016e-02 9.737579734273309708e+09 5.239000862721287727e+09 1.045833255118592381e+09 1.045687831925490618e+09
4.009599999999999970e-02 5.009299999999999864e-02 5.009299999999999864e-02 9.508175587246776581e+09 5.009596715694767952e+09 1.795958891554999828e+09 1.795664860857230902e+09
4.009599999999999970e-02 5.009299999999999864e-02 5.507800000000000196e-02 9.427029721302951813e+09 4.928450849750926018e+09 1.192141785011611223e+09 1.191246818786185503e+09
4.009599999999999970e-02 5.009299999999999864e-02 6.006700000000000234e-02 9.361051316105173111e+09 4.862472444553157806e+09 1.086686835537590027e+09 1.085848044920616865e+09
4.009599999999999970e-02 5.009299999999999864e-02 6.505900000000000571e-02 9.231516198889101028e+09 4.732937327337068558e+09 1.076946233280344248e+09 1.076586666398189068e+09
4.009599999999999970e-02 5.009299999999999864e-02 7.005400000000000515e-02 9.285641208603916168e+09 4.787062337051878929e+09 1.021510196450425148e+09 1.021018011639703035e+09
4.009599999999999970e-02 5.009299999999999864e-02 7.505299999999999472e-02 9.280813952541391373e+09 4.782235080989365578e+09 1.039421538089552045e+09 1.039279972587200880e+09
4.009599999999999970e-02 5.009299999999999864e-02 8.005400000000000016e-02 9.307577772428007126e+09 4.808998900875999451e+09 9.522708543797627687e+08 9.519106197723832130e+08
4.009599999999999970e-02 5.507800000000000196e-02 5.507800000000000196e-02 9.197045411639165878e+09 4.698466540087154388e+09 1.586711146314023256e+09 1.585884926149064541e+09
4.009599999999999970e-02 5.507800000000000196e-02 6.006700000000000234e-02 9.128319528062349319e+09 4.629740656510327339e+09 1.084713143183258772e+09 1.083569092259718657e+09
4.009599999999999970e-02 5.507800000000000196e-02 6.505900000000000571e-02 9.105164057671087265e+09 4.606585186119063377e+09 1.016698658781613588e+09 1.015610962050500393e+09
4.009599999999999970e-02 5.507800000000000196e-02 7.005400000000000515e-02 9.069159431376298904e+09 4.570580559824284554e+09 9.591436031364246607e+08 9.587112449634600878e+08
4.009599999999999970e-02 5.507800000000000196e-02 7.505299999999999472e-02 9.007807633471626282e+09 4.509228761919602394e+09 9.491094049150187969e+08 9.490476352005784512e+08
4.009599999999999970e-02 5.507800000000000196e-02 8.005400000000000016e-02 8.998038950363718033e+09 4.499460078811698914e+09 9.033976237458397150e+08 9.017594733174934387e+08
4.009599999999999970e-02 6.006700000000000234e-02 6.006700000000000234e-02 9.078575152834726334e+09 4.579996281282706261e+09 1.426890176563946724e+09 1.425485481033611059e+09
4.009599999999999970e-02 6.006700000000000234e-02 6.505900000000000571e-02 8.949059761681373596e+09 4.450480890129349709e+09 9.784289812387275696e+08 9.773426330710873604e+08
4.009599999999999970e-02 6.006700000000000234e-02 7.005400000000000515e-02 8.860018140973039627e+09 4.361439269421011925e+09 9.224372732215917110e+08 9.213273735873131752e+08
4.009599999999999970e-02 6.006700000000000234e-02 7.505299999999999472e-02 8.858532192924892426e+09 4.359953321372858047e+09 8.906405641601876020e+08 8.904633806435445547e+08
4.009599999999999970e-02 6.006700000000000234e-02 8.005400000000000016e-02 8.789304525612939835e+09 4.290725654060920238e+09 8.607364742263624668e+08 8.599148578765075207e+08
4.009599999999999970e-02 6.505900000000000571e-02 6.505900000000000571e-02 8.843911613040060043e+09 4.345332741488040924e+09 1.298420094668309450e+09 1.297783573204710722e+09
4.009599999999999970e-02 6.505900000000000571e-02 7.005400000000000515e-02 8.774478219027912140e+09 4.275899347475892544e+09 8.736787529996871948e+08 8.728197412405859232e+08
4.009599999999999970e-02 6.505900000000000571e-02 7.505299999999999472e-02 8.677083915535814285e+09 4.178505043983795643e+09 8.397284712189563513e+08 8.393332404551625252e+08
4.009599999999999970e-02 6.505900000000000571e-02 8.005400000000000016e-02 8.625579681309347153e+09 4.127000809757332325e+09 7.583167013342102766e+08 7.574259837207819223e+08
4.009599999999999970e-02 7.005400000000000515e-02 7.005400000000000515e-02 8.697453208456413269e+09 4.198874336904391289e+09 1.205128103351554394e+09 1.204512299372780561e+09
4.009599999999999970e-02 7.005400000000000515e-02 7.505299999999999472e-02 8.543749171425959587e+09 4.045170299873939514e+09 7.930003510446753502e+08 7.922669990712113380e+08
4.009599999999999970e-02 7.005400000000000515e-02 8.005400000000000016e-02 8.493544575056002617e+09 3.994965703503987312e+09 7.862896906265350580e+08 7.864184103383618593e+08
4.009599999999999970e-02 7.505299999999999472e-02 7.505299999999999472e-02 8.427685988656746864e+09 3.929107117104722023e+09 1.069575368704947710e+09 1.070458365163015723e+09
4.009599999999999970e-02 7.505299999999999472e-02 8.005400000000000016e-02 8.402138410148398399e+09 3.903559538596381664e+09 7.343089655124125481e+08 7.338299351988432407e+08
4.009599999999999970e-02 8.005400000000000016e-02 8.005400000000000016e-02 8.314571254664136887e+09 3.815992383112116814e+09 1.004245570460269332e+09 1.003647023317371964e+09
4.509300000000000114e-02 4.509300000000000114e-02 4.509300000000000114e-02 9.698774777431394577e+09 5.200195905879362106e+09 3.097175508038007736e+09 3.097552257227097034e+09
4.509300000000000114e-02 4.509300000000000114e-02 5.009299999999999864e-02 9.457394330033203125e+09 4.958815458481176376e+09 1.712482828128325224e+09 1.712627001398626089e+09
4.509300000000000114e-02 4.509300000000000114e-02 5.507800000000000196e-02 9.320952885914716721e+09 4.822374014362694740e+09 1.622495318804447651e+09 1.622459935941851377e+09
4.509300000000000114e-02 4.509300000000000114e-02 6.006700000000000234e-02 9.241397647993648529e+09 4.742818776441617966e+09 1.511344363461417675e+09 1.510969253522306204e+09
4.509300000000000114e-02 4.509300000000000114e-02 6.505900000000000571e-02 9.237823076263145447e+09 4.739244204711128235e+09 1.466142325081317902e+09 1.465315801920801878e+09
4.509300000000000114e-02 4.509300000000000114e-02 7.005400000000000515e-02 9.257091971757215500e+09 4.758513100205197334e+09 1.431398393719620228e+09 1.431706057002579927e+09
4.509300000000000114e-02 4.509300000000000114e-02 7.505299999999999472e-02 9.285523562511859894e+09 4.786944690959844589e+09 1.357625565499070168e+09 1.357134973375409842e+09
4.509300000000000114e-02 4.509300000000000114e-02 8.005400000000000016e-02 9.320151669835926056e+09 4.821572798283919334e+09 1.381176319385526896e+09 1.380995234857442856e+09
4.509300000000000114e-02 5.009299999999999864e-02 5.009299999999999864e-02 9.352578187867490768e+09 4.853999316315472603e+09 1.627875886606891632e+09 1.626933039183665037e+09
4.509300000000000114e-02 5.009299999999999864e-02 5.507800000000000196e-02 9.229541147220460892e+09 4.730962275668443680e+09 1.071534033089973211e+09 1.070981979816773176e+09
4.509300000000000114e-02 5.009299999999999864e-02 6.006700000000000234e-02 9.089217029463481903e+09 4.590638157911462784e+09 1.047556346767285228e+09 1.047163041573682785e+09
4.509300000000000114e-02 5.009299999999999864e-02 6.505900000000000571e-02 9.045770983172727585e+09 4.547192111620697975e+09 9.659835402901750803e+08 9.657748105841563940e+08
4.509300000000000114e-02 5.009299999999999864e-02 7.005400000000000515e-02 8.992367134787929535e+09 4.493788263235914230e+09 9.658389497392642498e+08 9.653209770651541948e+08
4.509300000000000114e-02 5.009299999999999864e-02 7.505299999999999472e-02 8.961141754589160919e+09 4.462562883037157059e+09 9.039689853923704624e+08 9.037787767271111012e+08
4.509300000000000114e-02 5.009299999999999864e-02 8.005400000000000016e-02 8.946624644244865417e+09 4.448045772692842484e+09 9.010851764475097656e+08 8.999491693112949133e+08
4.509300000000000114e-02 5.507800000000000196e-02 5.507800000000000196e-02 9.014839552828973770e+09 4.516260681276960373e+09 1.451401174510778427e+09 1.451416707699859858e+09
4.509300000000000114e-02 5.507800000000000196e-02 6.006700000000000234e-02 8.882664272293123245e+09 4.384085400741094589e+09 9.818732169677251577e+08 9.821111463649239540e+08
4.509300000000000114e-02 5.507800000000000196e-02 6.505900000000000571e-02 8.841443356273414612e+09 4.342864484721393585e+09 9.631959699487932920e+08 9.619817393271721601e+08
4.509300000000000114e-02 5.507800000000000196e-02 7.005400000000000515e-02 8.766931482851524353e+09 4.268352611299508095e+09 8.835031322102375031e+08 8.832935248577426672e+08
4.509300000000000114e-02 5.507800000000000196e-02 7.505299999999999472e-02 8.713844500232183456e+09 4.215265628680171013e+09 8.579266378743379116e+08 8.574875916851447821e+08
4.509300000000000114e-02 5.507800000000000196e-02 8.005400000000000016e-02 8.648936722199445724e+09 4.150357850647412300e+09 8.188431219009543657e+08 8.174696169122627974e+08
4.509300000000000114e-02 6.006700000000000234e-02 6.006700000000000234e-02 8.824871738541461945e+09 4.326292866989437103e+09 1.303669835438030958e+09 1.302653548072549582e+09
4.509300000000000114e-02 6.006700000000000234e-02 6.505900000000000571e-02 8.669908281694200516e+09 4.171329410142193794e+09 8.748775548579701185e+08 8.734190325216022730e+08
4.509300000000000114e-02 6.006700000000000234e-02 7.005400000000000515e-02 8.580692142737874031e+09 4.082113271185856342e+09 8.593775054525780678e+08 8.581519697765554190e+08
4.509300000000000114e-02 6.006700000000000234e-02 7.505299999999999472e-02 8.568352055182541847e+09 4.069773183630513668e+09 8.032341721736863852e+08 8.016018746672673225e+08
4.509300000000000114e-02 6.006700000000000234e-02 8.005400000000000016e-02 8.493740565500236511e+09 3.995161693948220253e+09 7.697193102131025791e+08 7.691546154853999615e+08
4.509300000000000114e-02 6.505900000000000571e-02 6.505900000000000571e-02 8.607060226059518814e+09 4.108481354507498264e+09 1.209009621277894735e+09 1.207886036243567944e+09
4.509300000000000114e-02 6.505900000000000571e-02 7.005400000000000515e-02 8.471950418604090691e+09 3.973371547052058697e+09 8.051366723824597597e+08 8.049220602147120237e+08
4.509300000000000114e-02 6.505900000000000571e-02 7.505299999999999472e-02 8.454618345917876244e+09 3.956039474365855217e+09 7.834523488061236143e+08 7.830220257967061996e+08
4.509300000000000114e-02 6.505900000000000571e-02 8.005400000000000016e-02 8.353406208581060410e+09 3.854827337029048920e+09 7.630097566528915167e+08 7.623271883256350756e+08
4.509300000000000114e-02 7.005400000000000515e-02 7.005400000000000515e-02 8.475183371111499786e+09 3.976604499559477329e+09 1.105122022248431444e+09 1.104798889832190037e+09
4.509300000000000114e-02 7.005400000000000515e-02 7.505299999999999472e-02 8.319264887974116325e+09 3.820686016422076225e+09 7.216375201812529564e+08 7.209164452430806160e+08
4.509300000000000114e-02 7.005400000000000515e-02 8.005400000000000016e-02 8.238571863070232391e+09 3.739992991518229961e+09 7.112956172105611563e+08 7.106745897463878393e+08
4.509300000000000114e-02 7.505299999999999472e-02 7.505299999999999472e-02 8.181849444360589027e+09 3.683270572808563709e+09 1.038808237661179781e+09 1.038303869325138450e+09
4.509300000000000114e-02 7.505299999999999472e-02 8.005400000000000016e-02 8.116213478617884636e+09 3.617634607065866470e+09 7.103189608518571854e+08 7.094238712964990139e+08
4.509300000000000114e-02 8.005400000000000016e-02 8.005400000000000016e-02 8.033068617108604431e+09 3.534489745556583405e+09 9.005941898081109524e+08 8.999038986386452913e+08
5.009299999999999864e-02 5.009299999999999864e-02 5.009299999999999864e-02 9.115684890783617020e+09 4.617106019231586456e+09 2.648457999371258736e+09 2.649246203302233219e+09
5.009299999999999864e-02 5.009299999999999864e-02 5.507800000000000196e-02 8.998345381471868515e+09 4.499766509919845581e+09 1.473965179509335995e+09 1.473267919715814114e+09
5.009299999999999864e-02 5.009299999999999864e-02 6.006700000000000234e-02 8.865079473265102386e+09 4.366500601713075638e+09 1.382968475696490765e+09 1.383105224870559931e+09
5.009299999999999864e-02 5.009299999999999864e-02 6.505900000000000571e-02 8.912888103112964630e+09 4.414309231560942650e+09 1.291159528482161045e+09 1.290948910226714134e+09
5.009299999999999864e-02 5.009299999999999864e-02 7.005400000000000515e-02 8.760904021508363724e+09 4.262325149956347942e+09 1.298558233787913799e+09 1.298665353617621422e+09
5.009299999999999864e-02 5.009299999999999864e-02 7.505299999999999472e-02 8.740331227107477188e+09 4.241752355555455685e+09 1.239953620496289730e+09 1.239647666473343611e+09
5.009299999999999864e-02 5.009299999999999864e-02 8.005400000000000016e-02 8.606027534809782028e+09 4.107448663257763386e+09 1.163906141230569601e+09 1.163471869989216566e+09
5.009299999999999864e-02 5.507800000000000196e-02 5.507800000000000196e-02 8.809027814523120880e+09 4.310448942971109390e+09 1.377337109954067469e+09 1.376854810120071411e+09
5.009299999999999864e-02 5.507800000000000196e-02 6.006700000000000234e-02 8.685693964833446503e+09 4.187115093281421661e+09 9.527887143105711937e+08 9.523269894262764454e+08
5.009299999999999864e-02 5.507800000000000196e-02 6.505900000000000571e-02 8.641716787158458710e+09 4.143137915606446743e+09 8.797134054706571102e+08 8.798996333897806406e+08
5.009299999999999864e-02 5.507800000000000196e-02 7.005400000000000515e-02 8.538619096132653236e+09 4.040040224580646515e+09 8.244421162879848480e+08 8.243736835832369328e+08
5.009299999999999864e-02 5.507800000000000196e-02 7.505299999999999472e-02 8.501899663317951202e+09 4.003320791765926838e+09 8.021867480348236561e+08 8.026786002787288427e+08
5.009299999999999864e-02 5.507800000000000196e-02 8.005400000000000016e-02 8.452455836323921204e+09 3.953876964771911144e+09 7.785420713700081110e+08 7.776225582920966148e+08
5.009299999999999864e-02 6.006700000000000234e-02 6.006700000000000234e-02 8.659400761108890533e+09 4.160821889556868553e+09 1.179749130806635857e+09 1.178821453986575127e+09
5.009299999999999864e-02 6.006700000000000234e-02 6.505900000000000571e-02 8.530111227166122437e+09 4.031532355614086151e+09 8.381081075980725288e+08 8.367558874047325850e+08
5.009299999999999864e-02 6.006700000000000234e-02 7.005400000000000515e-02 8.420360120311351776e+09 3.921781248759325504e+09 7.639548865694801807e+08 7.631939682773766518e+08
5.009299999999999864e-02 6.006700000000000234e-02 7.505299999999999472e-02 8.409499109094028473e+09 3.910920237542000294e+09 7.645040277336574793e+08 7.643243489514577389e+08
5.009299999999999864e-02 6.006700000000000234e-02 8.005400000000000016e-02 8.277042833774927139e+09 3.778463962222918034e+09 7.495709356644738913e+08 7.485411179414464235e+08
5.009299999999999864e-02 6.505900000000000571e-02 6.505900000000000571e-02 8.451463508815642357e+09 3.952884637263620377e+09 1.116313092625909328e+09 1.116318813392331123e+09
5.009299999999999864e-02 6.505900000000000571e-02 7.005400000000000515e-02 8.298223001080239296e+09 3.799644129528213501e+09 7.631474681760596037e+08 7.630701221608818769e+08
5.009299999999999864e-02 6.505900000000000571e-02 7.505299999999999472e-02 8.273578554409536362e+09 3.774999682857501030e+09 7.456004292515435219e+08 7.456165330880616903e+08
5.009299999999999864e-02 6.505900000000000571e-02 8.005400000000000016e-02 8.147534298508741379e+09 3.648955426956719875e+09 7.099351046117072105e+08 7.096780933709470034e+08
5.009299999999999864e-02 7.005400000000000515e-02 7.005400000000000515e-02 8.272533278881690979e+09 3.773954407329669476e+09 1.048419156546911359e+09 1.048289177459731698e+09
5.009299999999999864e-02 7.005400000000000515e-02 7.505299999999999472e-02 8.148727897661033630e+09 3.650149026109028816e+09 6.749676605827962160e+08 6.740503658221131563e+08
5.009299999999999864e-02 7.005400000000000515e-02 8.005400000000000016e-02 8.048714662148702621e+09 3.550135790596682549e+09 6.544733480570844412e+08 6.539473412412289381e+08
5.009299999999999864e-02 7.505299999999999472e-02 7.505299999999999472e-02 8.032227533655536652e+09 3.533648662103522778e+09 9.116793118770017624e+08 9.104855422371503115e+08
5.009299999999999864e-02 7.505299999999999472e-02 8.005400000000000016e-02 7.955754866002417564e+09 3.457175994450396538e+09 6.531370110461881161e+08 6.523490887417577505e+08
5.009299999999999864e-02 8.005400000000000016e-02 8.005400000000000016e-02 7.852917144184995651e+09 3.354338272632972240e+09 8.835598797044763565e+08 8.837318778776783943e+08
5.507800000000000196e-02 5.507800000000000196e-02 5.507800000000000196e-02 8.679759761607906342e+09 4.181180890055895805e+09 2.165739075245368004e+09 2.166121185875926971e+09
5.507800000000000196e-02 5.507800000000000196e-02 6.006700000000000234e-02 8.573850933994353294e+09 4.075272062442317009e+09 1.256782418484010696e+09 1.256383352120977640e+09
5.507800000000000196e-02 5.507800000000000196e-02 6.505900000000000571e-02 8.496975391829445839e+09 3.998396520277420998e+09 1.151972509877281904e+09 1.151629785561351061e+09
5.507800000000000196e-02 5.507800000000000196e-02 7.005400000000000515e-02 8.319768643890046120e+09 3.821189772338029861e+09 1.144651457897553444e+09 1.144189260110729218e+09
5.507800000000000196e-02 5.507800000000000196e-02 7.505299999999999472e-02 8.365725799181654930e+09 3.867146927629631996e+09 1.088469506348423958e+09 1.087708499251694441e+09
5.507800000000000196e-02 5.507800000000000196e-02 8.005400000000000016e-02 8.305999243625701904e+09 3.807420372073677540e+09 1.030190154618036985e+09 1.029467800921525717e+09
5.507800000000000196e-02 6.006700000000000234e-02 6.006700000000000234e-02 8.434888534093128204e+09 3.936309662541109562e+09 1.111578424142190933e+09 1.111154451695570469e+09
5.507800000000000196e-02 6.006700000000000234e-02 6.505900000000000571e-02 8.420802610114031792e+09 3.922223738562024117e+09 8.171632466271904707e+08 8.157824329702334404e+08
5.507800000000000196e-02 6.006700000000000234e-02 7.005400000000000515e-02 8.308773990057600021e+09 3.810195118505570412e+09 7.942218614145061970e+08 7.928632238119146824e+08
5.507800000000000196e-02 6.006700000000000234e-02 7.505299999999999472e-02 8.217267618073400497e+09 3.718688746521388531e+09 7.344843828760519028e+08 7.333446563124617338e+08
5.507800000000000196e-02 6.006700000000000234e-02 8.005400000000000016e-02 8.120364755947319984e+09 3.621785884395302773e+09 7.011588578420023918e+08 7.006207537865781784e+08
5.507800000000000196e-02 6.505900000000000571e-02 6.505900000000000571e-02 8.305771024338457108e+09 3.807192152786431789e+09 1.024182886197263837e+09 1.023545182732929826e+09
5.507800000000000196e-02 6.505900000000000571e-02 7.005400000000000515e-02 8.247695497268898010e+09 3.749116625716880322e+09 7.119983841976835728e+08 7.119835969721651077e+08
5.507800000000000196e-02 6.505900000000000571e-02 7.505299999999999472e-02 8.103242591628232002e+09 3.604663720076206684e+09 6.781177336495596170e+08 6.768897309555962086e+08
5.507800000000000196e-02 6.505900000000000571e-02 8.005400000000000016e-02 7.989759095427666664e+09 3.491180223875646591e+09 6.794195587230684757e+08 6.785528260631402731e+08
5.507800000000000196e-02 7.005400000000000515e-02 7.005400000000000515e-02 8.135374494043416977e+09 3.636795622491413593e+09 9.717299393054705858e+08 9.713052855801657438e+08
5.507800000000000196e-02 7.005400000000000515e-02 7.505299999999999472e-02 7.976540269372379303e+09 3.477961397820357323e+09 6.504178023150691986e+08 6.493668373477348089e+08
5.507800000000000196e-02 7.005400000000000515e-02 8.005400000000000016e-02 7.876170583103119850e+09 3.377591711551097393e+09 6.402764747775090933e+08 6.398630664276343584e+08
5.507800000000000196e-02 7.505299999999999472e-02 7.505299999999999472e-02 7.857453284564450264e+09 3.358874413012434483e+09 9.300207208900744915e+08 9.286553775739415884e+08
5.507800000000000196e-02 7.505299999999999472e-02 8.005400000000000016e-02 7.798609764355190277e+09 3.300030892803182602e+09 6.053174327080508471e+08 6.049411430449125767e+08
5.507800000000000196e-02 8.005400000000000016e-02 8.005400000000000016e-02 7.677489097614835739e+09 3.178910226062822342e+09 8.004792374462792873e+08 8.004603485873843431e+08
6.006700000000000234e-02 6.006700000000000234e-02 6.006700000000000234e-02 8.445879474560773849e+09 3.947300603008755684e+09 1.873515614480145216e+09 1.873510719730664968e+09
6.006700000000000234e-02 6.006700000000000234e-02 6.505900000000000571e-02 8.273581789833702087e+09 3.775002918281678200e+09 1.097004180507114649e+09 1.096823827098623514e+09
6.006700000000000234e-02 6.006700000000000234e-02 7.005400000000000515e-02 8.183293641163607597e+09 3.684714769611592293e+09 1.007773423437362313e+09 1.007805536120435596e+09
6.006700000000000234e-02 6.006700000000000234e-02 7.505299999999999472e-02 8.092463392319410324e+09 3.593884520767382622e+09 9.576787497189182043e+08 9.565135749071801901e+08
6.006700000000000234e-02 6.006700000000000234e-02 8.005400000000000016e-02 8.019879962351304054e+09 3.521301090799286366e+09 9.332174616675604582e+08 9.329534880100986958e+08
6.006700000000000234e-02 6.505900000000000571e-02 6.505900000000000571e-02 8.125211595064094543e+09 3.626632723512073517e+09 1.025728337260703206e+09 1.024878912603750706e+09
6.006700000000000234e-02 6.505900000000000571e-02 7.005400000000000515e-02 8.080198737188902855e+09 3.581619865636886597e+09 6.988460136030937433e+08 6.986499282193663120e+08
6.006700000000000234e-02 6.505900000000000571e-02 7.505299999999999472e-02 7.987103649424502373e+09 3.488524777872471333e+09 6.683920803864228725e+08 6.683602061753618717e+08
6.006700000000000234e-02 6.505900000000000571e-02 8.005400000000000016e-02 7.889040589561544418e+09 3.390461718009532928e+09 6.313395133851069212e+08 6.311911697869938612e+08
6.006700000000000234e-02 7.005400000000000515e-02 7.005400000000000515e-02 7.999555143392277718e+09 3.500976271840264797e+09 9.225442267194815874e+08 9.218302037863557339e+08
6.006700000000000234e-02 7.005400000000000515e-02 7.505299999999999472e-02 7.899017286441357613e+09 3.400438414889331818e+09 6.254971637196557522e+08 6.252497922089418173e+08
6.006700000000000234e-02 7.005400000000000515e-02 8.005400000000000016e-02 7.787424168935923576e+09 3.288845297383906841e+09 6.107129270229185820e+08 6.094426996023973227e+08
6.006700000000000234e-02 7.505299999999999472e-02 7.505299999999999472e-02 7.807858045680018425e+09 3.309279174127999306e+09 8.199611629073414803e+08 8.190744826426013708e+08
6.006700000000000234e-02 7.505299999999999472e-02 8.005400000000000016e-02 7.707894951388429642e+09 3.209316079836411953e+09 5.888193838411991596e+08 5.872840384259150028e+08
6.006700000000000234e-02 8.005400000000000016e-02 8.005400000000000016e-02 7.580671685520454407e+09 3.082092813968430996e+09 7.899175142168122530e+08 7.890590599895918369e+08
6.505900000000000571e-02 6.505900000000000571e-02 6.505900000000000571e-02 8.055485696579031944e+09 3.556906825027021885e+09 1.648114268363998175e+09 1.648112862092998266e+09
6.505900000000000571e-02 6.505900000000000571e-02 7.005400000000000515e-02 7.959036454938961983e+09 3.460457583386937618e+09 9.131601887778106928e+08 9.127729124994975328e+08
6.505900000000000571e-02 6.505900000000000571e-02 7.505299999999999472e-02 7.854712677831675529e+09 3.356133806279648781e+09 8.691771907076987028e+08 8.688586503447939157e+08
6.505900000000000571e-02 6.505900000000000571e-02 8.005400000000000016e-02 7.809540631194652557e+09 3.310961759642643452e+09 8.351907790503586531e+08 8.338925701256338358e+08
6.505900000000000571e-02 7.005400000000000515e-02 7.005400000000000515e-02 7.890749419919780731e+09 3.392170548367752075e+09 8.831951484885287285e+08 8.824726233431754112e+08
6.505900000000000571e-02 7.005400000000000515e-02 7.505299999999999472e-02 7.810337091351683617e+09 3.311758219799666405e+09 6.079103275017465353e+08 6.078092625076680183e+08
6.505900000000000571e-02 7.005400000000000515e-02 8.005400000000000016e-02 7.721960318076216698e+09 3.223381446524216175e+09 5.717851562329661846e+08 5.716153095586587191e+08
6.505900000000000571e-02 7.505299999999999472e-02 7.505299999999999472e-02 7.700072962030794144e+09 3.201494090478783131e+09 8.213221785255922079e+08 8.208705126552593708e+08
6.505900000000000571e-02 7.505299999999999472e-02 8.005400000000000016e-02 7.603701269957427979e+09 3.105122398405405045e+09 5.481708887910146713e+08 5.474613744004337788e+08
6.505900000000000571e-02 8.005400000000000016e-02 8.005400000000000016e-02 7.491920200991893768e+09 2.993341329439867973e+09 7.411855057667236328e+08 7.401977185267381668e+08
7.005400000000000515e-02 7.005400000000000515e-02 7.005400000000000515e-02 7.780743650167243004e+09 3.282164778615224838e+09 1.377158011434635878e+09 1.377125464760224104e+09
7.005400000000000515e-02 7.005400000000000515e-02 7.505299999999999472e-02 7.628916895152260780e+09 3.130338023600241184e+09 8.342780951261718273e+08 8.343063996837625504e+08
7.005400000000000515e-02 7.005400000000000515e-02 8.005400000000000016e-02 7.557852396194330215e+09 3.059273524642305851e+09 7.795509528248707056e+08 7.791100884486240149e+08
7.005400000000000515e-02 7.505299999999999472e-02 7.505299999999999472e-02 7.585676103353714943e+09 3.087097231801712036e+09 8.180686231161119938e+08 8.171581992702949047e+08
7.005400000000000515e-02 7.505299999999999472e-02 8.005400000000000016e-02 7.476382391499975204e+09 2.977803519947964668e+09 5.359151541657733917e+08 5.357439603146828413e+08
7.005400000000000515e-02 8.005400000000000016e-02 8.005400000000000016e-02 7.420782286085394859e+09 2.922203414533388138e+09 7.294587062602739334e+08 7.284788591538351774e+08
7.505299999999999472e-02 7.505299999999999472e-02 7.505299999999999472e-02 7.564622442491663933e+09 3.066043570939648628e+09 1.314022548751281738e+09 1.314224307017163992e+09
7.505299999999999472e-02 7.505299999999999472e-02 8.005400000000000016e-02 7.377787812484301567e+09 2.879208940932276249e+09 7.310571399124166965e+08 7.299972209800127745e+08
