# Bispectrum monopole for NGC EZmock_complete
# Subtracted SN: kindep
# k1-eff  k2-eff  k3-eff  B0  B0-BSN  Std_dev  Std_dev(-BSN)
5.738000000000000045e-03 5.738000000000000045e-03 5.738000000000000045e-03 1.084921429611907768e+10 6.349967400252476692e+09 1.038940605333153534e+11 1.038943853844907990e+11
5.738000000000000045e-03 5.738000000000000045e-03 1.037300000000000028e-02 1.113687977796664619e+10 6.637632882100015640e+09 5.487529508873728943e+10 5.487531521644894409e+10
5.738000000000000045e-03 5.738000000000000045e-03 1.525999999999999926e-02 1.355097292668091774e+10 9.051726030814285278e+09 1.079256766758967285e+11 1.079246034387114716e+11
5.738000000000000045e-03 1.037300000000000028e-02 1.037300000000000028e-02 1.663633214333660698e+10 1.213708524746997833e+10 3.387389003137891006e+10 3.387429035909102631e+10
5.738000000000000045e-03 1.037300000000000028e-02 1.525999999999999926e-02 1.343562677024444008e+10 8.936379874377813339e+09 2.470319763731822205e+10 2.470274519010597992e+10
5.738000000000000045e-03 1.037300000000000028e-02 2.019699999999999968e-02 1.025699156043849945e+10 5.757744664571894646e+09 5.194212697689632416e+10 5.194192838813026428e+10
5.738000000000000045e-03 1.525999999999999926e-02 1.525999999999999926e-02 1.655007899946527100e+10 1.205083210359862900e+10 2.448333124668791580e+10 2.448434351555947495e+10
5.738000000000000045e-03 1.525999999999999926e-02 2.019699999999999968e-02 1.410145128868332481e+10 9.602204392816713333e+09 1.903806814986399078e+10 1.903869462302690887e+10
5.738000000000000045e-03 1.525999999999999926e-02 2.516699999999999840e-02 1.474548412956060028e+10 1.024623723369397545e+10 3.878955743367579651e+10 3.878999002042504883e+10
5.738000000000000045e-03 2.019699999999999968e-02 2.019699999999999968e-02 1.651990669526071930e+10 1.202065979939408493e+10 1.995998204560132980e+10 1.995921389752389145e+10
5.738000000000000045e-03 2.019699999999999968e-02 2.516699999999999840e-02 1.379397100862679863e+10 9.294724112760164261e+09 1.540280163759074020e+10 1.540295817612975311e+10
5.738000000000000045e-03 2.019699999999999968e-02 3.013700000000000059e-02 1.438444382939289665e+10 9.885196933526264191e+09 3.111051978639579773e+10 3.110936541377939224e+10
5.738000000000000045e-03 2.516699999999999840e-02 2.516699999999999840e-02 1.636881807422073555e+10 1.186957117835410690e+10 1.645849958052651024e+10 1.645842366624454498e+10
5.738000000000000045e-03 2.516699999999999840e-02 3.013700000000000059e-02 1.325733707491226387e+10 8.758090179045635223e+09 1.256160674500197029e+10 1.256176617170087051e+10
5.738000000000000045e-03 2.516699999999999840e-02 3.511100000000000332e-02 1.268637232322011375e+10 8.187125427353466988e+09 2.440557076344599152e+10 2.440606129163145828e+10
5.738000000000000045e-03 3.013700000000000059e-02 3.013700000000000059e-02 1.496907597390091324e+10 1.046982907803428459e+10 1.432518538541986465e+10 1.432455028722553253e+10
5.738000000000000045e-03 3.013700000000000059e-02 3.511100000000000332e-02 1.259942874361855316e+10 8.100181847751901627e+09 1.075500653544255829e+10 1.075470446449428368e+10
5.738000000000000045e-03 3.013700000000000059e-02 4.009599999999999970e-02 1.237502978726913452e+10 7.875782891402482033e+09 2.099047902796946716e+10 2.099038108485993958e+10
5.738000000000000045e-03 3.511100000000000332e-02 3.511100000000000332e-02 1.405408129421882629e+10 9.554834398352188110e+09 1.233700574774831581e+10 1.233608277693178940e+10
5.738000000000000045e-03 3.511100000000000332e-02 4.009599999999999970e-02 1.147799127422841835e+10 6.978744378361788750e+09 9.615239689619441986e+09 9.615485544988483429e+09
5.738000000000000045e-03 3.511100000000000332e-02 4.509300000000000114e-02 1.138801839411034775e+10 6.888771498243723869e+09 1.710408193510269737e+10 1.710407689217805862e+10
5.738000000000000045e-03 4.009599999999999970e-02 4.009599999999999970e-02 1.295057930109574509e+10 8.451332405229120255e+09 1.167518052009691620e+10 1.167479963686098289e+10
5.738000000000000045e-03 4.009599999999999970e-02 4.509300000000000114e-02 1.091823946297908211e+10 6.418992567112470627e+09 8.411226870433918953e+09 8.411414990910560608e+09
5.738000000000000045e-03 4.009599999999999970e-02 5.009299999999999864e-02 1.169253201071678925e+10 7.193285114850146294e+09 1.487940822764262581e+10 1.487895194547811699e+10
5.738000000000000045e-03 4.509300000000000114e-02 4.509300000000000114e-02 1.238191814728412628e+10 7.882671251417476654e+09 1.111363174253348160e+10 1.111402717179399300e+10
5.738000000000000045e-03 4.509300000000000114e-02 5.009299999999999864e-02 1.045437713834019279e+10 5.955130242473564148e+09 7.940511918171566963e+09 7.940029412603148460e+09
5.738000000000000045e-03 4.509300000000000114e-02 5.507800000000000196e-02 1.078072817298761749e+10 6.281481277120984077e+09 1.291159088374668503e+10 1.291114843824567223e+10
5.738000000000000045e-03 5.009299999999999864e-02 5.009299999999999864e-02 1.184804919402586937e+10 7.348802298159244537e+09 9.591450339578666687e+09 9.591184558949111938e+09
5.738000000000000045e-03 5.009299999999999864e-02 5.507800000000000196e-02 9.926078263815393448e+09 5.426831367948764801e+09 7.465069539769804001e+09 7.465276698827623367e+09
5.738000000000000045e-03 5.009299999999999864e-02 6.006700000000000234e-02 1.028974341121597672e+10 5.790496515349331856e+09 1.201351973167368889e+10 1.201406745140803337e+10
5.738000000000000045e-03 5.507800000000000196e-02 5.507800000000000196e-02 1.142312355602964973e+10 6.923876660163004875e+09 9.747133506474084854e+09 9.747062434724365234e+09
5.738000000000000045e-03 5.507800000000000196e-02 6.006700000000000234e-02 9.714316823196151733e+09 5.215069927329518318e+09 6.974625491560058594e+09 6.974878259130179405e+09
5.738000000000000045e-03 5.507800000000000196e-02 6.505900000000000571e-02 9.585875057360794067e+09 5.086628161494164467e+09 1.113002311960723495e+10 1.112917830212252998e+10
5.738000000000000045e-03 6.006700000000000234e-02 6.006700000000000234e-02 1.100818043912887764e+10 6.508933543262241364e+09 9.297200646687995911e+09 9.297105846306325912e+09
5.738000000000000045e-03 6.006700000000000234e-02 6.505900000000000571e-02 9.418613128943464279e+09 4.919366233076845169e+09 6.807016569092304230e+09 6.806634655521079063e+09
5.738000000000000045e-03 6.006700000000000234e-02 7.005400000000000515e-02 9.292308041138687134e+09 4.793061145272061348e+09 9.731699312891901016e+09 9.731581599295896530e+09
5.738000000000000045e-03 6.505900000000000571e-02 6.505900000000000571e-02 1.086459349949981689e+10 6.365346603633200645e+09 9.082181270078123093e+09 9.082164652361196518e+09
5.738000000000000045e-03 6.505900000000000571e-02 7.005400000000000515e-02 8.981976452928386688e+09 4.482729557061758995e+09 6.483504021603816032e+09 6.483370254660984993e+09
5.738000000000000045e-03 6.505900000000000571e-02 7.505299999999999472e-02 9.080902807486803055e+09 4.581655911620148659e+09 9.636488888418853760e+09 9.636636728276216507e+09
5.738000000000000045e-03 7.005400000000000515e-02 7.005400000000000515e-02 1.047957706275434113e+10 5.980330166887710571e+09 8.883525222442701340e+09 8.883310666470308304e+09
5.738000000000000045e-03 7.005400000000000515e-02 7.505299999999999472e-02 8.959426713078882217e+09 4.460179817212257385e+09 6.437176869691632271e+09 6.436876949726243019e+09
5.738000000000000045e-03 7.005400000000000515e-02 8.005400000000000016e-02 9.305946100001930237e+09 4.806699204135283470e+09 8.882209979073293686e+09 8.881976863586818695e+09
5.738000000000000045e-03 7.505299999999999472e-02 7.505299999999999472e-02 1.043467524246120453e+10 5.935428346594575882e+09 8.582105896916901588e+09 8.581577288411747932e+09
5.738000000000000045e-03 7.505299999999999472e-02 8.005400000000000016e-02 8.750760880398553848e+09 4.251513984531915665e+09 6.182211229194823265e+09 6.181750842839731216e+09
5.738000000000000045e-03 8.005400000000000016e-02 8.005400000000000016e-02 1.000829024339249611e+10 5.509043347525856972e+09 7.980377870319051743e+09 7.980358266436602592e+09
1.037300000000000028e-02 1.037300000000000028e-02 1.037300000000000028e-02 1.330050465023512840e+10 8.801257754368497849e+09 3.935988424991203308e+10 3.935994324748205566e+10
1.037300000000000028e-02 1.037300000000000028e-02 1.525999999999999926e-02 1.366061176597641945e+10 9.161364870109771729e+09 1.970453777843379593e+10 1.970425312749814224e+10
1.037300000000000028e-02 1.037300000000000028e-02 2.019699999999999968e-02 1.260216656421432877e+10 8.102919668347713470e+09 2.240207186773654938e+10 2.240134956285783005e+10
1.037300000000000028e-02 1.037300000000000028e-02 2.516699999999999840e-02 1.364616647146136284e+10 9.146919575594734192e+09 5.246601145556465149e+10 5.246625922373760223e+10
1.037300000000000028e-02 1.525999999999999926e-02 1.525999999999999926e-02 1.389408546365042686e+10 9.394838567783792496e+09 1.556083230819835472e+10 1.556069599730006981e+10
1.037300000000000028e-02 1.525999999999999926e-02 2.019699999999999968e-02 1.471924998741464996e+10 1.022000309154801941e+10 1.000946638187142181e+10 1.000868926310095978e+10
1.037300000000000028e-02 1.525999999999999926e-02 2.516699999999999840e-02 1.542201857550597382e+10 1.092277167963935661e+10 1.206210697274773979e+10 1.206148967050745201e+10
1.037300000000000028e-02 1.525999999999999926e-02 3.013700000000000059e-02 1.676110245566065979e+10 1.226185555979402733e+10 2.834870571842426682e+10 2.834795665249096298e+10
1.037300000000000028e-02 2.019699999999999968e-02 2.019699999999999968e-02 1.444447705451758575e+10 9.945230158650955200e+09 1.189762347549416161e+10 1.189705991250472641e+10
1.037300000000000028e-02 2.019699999999999968e-02 2.516699999999999840e-02 1.460198893892432213e+10 1.010274204305767059e+10 7.789286303564897537e+09 7.788556257116885185e+09
1.037300000000000028e-02 2.019699999999999968e-02 3.013700000000000059e-02 1.457934671863582802e+10 1.008009982276919174e+10 9.083099457877914429e+09 9.081288184236988068e+09
1.037300000000000028e-02 2.019699999999999968e-02 3.511100000000000332e-02 1.519430701706582451e+10 1.069506012119918251e+10 2.058965446054942703e+10 2.058911502902345657e+10
1.037300000000000028e-02 2.516699999999999840e-02 2.516699999999999840e-02 1.383663089733989525e+10 9.337384001473274231e+09 9.434982259371006012e+09 9.434560140777673721e+09
1.037300000000000028e-02 2.516699999999999840e-02 3.013700000000000059e-02 1.361226686829724312e+10 9.113019972430614471e+09 6.118768438201737404e+09 6.118582177119164467e+09
1.037300000000000028e-02 2.516699999999999840e-02 3.511100000000000332e-02 1.463352899277799034e+10 1.013428209691135406e+10 7.087729535155942917e+09 7.086953100489692688e+09
1.037300000000000028e-02 2.516699999999999840e-02 4.009599999999999970e-02 1.417532925609391403e+10 9.676082360227293015e+09 1.775354637701053619e+10 1.775295236824530029e+10
1.037300000000000028e-02 3.013700000000000059e-02 3.013700000000000059e-02 1.311647049791228104e+10 8.617223602045652390e+09 7.471039570799101830e+09 7.470488719022525787e+09
1.037300000000000028e-02 3.013700000000000059e-02 3.511100000000000332e-02 1.299049062517825127e+10 8.491243729311626434e+09 5.228635598157058716e+09 5.227667371989425659e+09
1.037300000000000028e-02 3.013700000000000059e-02 4.009599999999999970e-02 1.328405873601893044e+10 8.784811840152296066e+09 6.226475435308485031e+09 6.225946589220331192e+09
1.037300000000000028e-02 3.013700000000000059e-02 4.509300000000000114e-02 1.384879232246907043e+10 9.349545426602457047e+09 1.410408625544848442e+10 1.410431471090342903e+10
1.037300000000000028e-02 3.511100000000000332e-02 3.511100000000000332e-02 1.215575733726085281e+10 7.656510441394202232e+09 6.251360163224280357e+09 6.251150267776695251e+09
1.037300000000000028e-02 3.511100000000000332e-02 4.009599999999999970e-02 1.211432905909543991e+10 7.615082163228795052e+09 4.263610902152222633e+09 4.263844897435403347e+09
1.037300000000000028e-02 3.511100000000000332e-02 4.509300000000000114e-02 1.270824860399504852e+10 8.209001708128391266e+09 5.190288342563387871e+09 5.190445725034201622e+09
1.037300000000000028e-02 3.511100000000000332e-02 5.009299999999999864e-02 1.294410412058568382e+10 8.444857224719067574e+09 1.269614433939674950e+10 1.269526663027906990e+10
1.037300000000000028e-02 4.009599999999999970e-02 4.009599999999999970e-02 1.154130495561925125e+10 7.042058059752637863e+09 5.187757443028063774e+09 5.188027750781042099e+09
1.037300000000000028e-02 4.009599999999999970e-02 4.509300000000000114e-02 1.157181512620094681e+10 7.072568230334324837e+09 3.580401921464173794e+09 3.580080017129640102e+09
1.037300000000000028e-02 4.009599999999999970e-02 5.009299999999999864e-02 1.203021009786440659e+10 7.530963201997778893e+09 4.459807524520608902e+09 4.458310436590320587e+09
1.037300000000000028e-02 4.009599999999999970e-02 5.507800000000000196e-02 1.305408421438891983e+10 8.554837318522293091e+09 1.056125218075407410e+10 1.056109959208790016e+10
1.037300000000000028e-02 4.509300000000000114e-02 4.509300000000000114e-02 1.105211867397319603e+10 6.552871778106544495e+09 4.643586226174364090e+09 4.643407992441559792e+09
1.037300000000000028e-02 4.509300000000000114e-02 5.009299999999999864e-02 1.097540931675955772e+10 6.476162420892925262e+09 3.220340206759672165e+09 3.220264747354002953e+09
1.037300000000000028e-02 4.509300000000000114e-02 5.507800000000000196e-02 1.154125676794001198e+10 7.042009872073383331e+09 3.843540314205694675e+09 3.843028421156354427e+09
1.037300000000000028e-02 4.509300000000000114e-02 6.006700000000000234e-02 1.132308523676178741e+10 6.823838340895146370e+09 9.623985772370012283e+09 9.624158272020950317e+09
1.037300000000000028e-02 5.009299999999999864e-02 5.009299999999999864e-02 1.066835028616076088e+10 6.169103390294129372e+09 4.052828991061216354e+09 4.052483743346166134e+09
1.037300000000000028e-02 5.009299999999999864e-02 5.507800000000000196e-02 1.088455231887917709e+10 6.385305423012537003e+09 3.038906363430974483e+09 3.038124498655475140e+09
1.037300000000000028e-02 5.009299999999999864e-02 6.006700000000000234e-02 1.112935619581052589e+10 6.630109299943897247e+09 3.572202438170180321e+09 3.571799205067892551e+09
1.037300000000000028e-02 5.009299999999999864e-02 6.505900000000000571e-02 1.096180748501253510e+10 6.462560589145897865e+09 8.751480406543407440e+09 8.750969850240444183e+09
1.037300000000000028e-02 5.507800000000000196e-02 5.507800000000000196e-02 1.036879949285131645e+10 5.869552596984671593e+09 3.682464952780140877e+09 3.682694352715787888e+09
1.037300000000000028e-02 5.507800000000000196e-02 6.006700000000000234e-02 1.049327747048561096e+10 5.994030574618971825e+09 2.838099902251524925e+09 2.837602383976844311e+09
1.037300000000000028e-02 5.507800000000000196e-02 6.505900000000000571e-02 1.063564420545891380e+10 6.136397309592266083e+09 3.132424477297604561e+09 3.131483896753393650e+09
1.037300000000000028e-02 5.507800000000000196e-02 7.005400000000000515e-02 1.091552799128195000e+10 6.416281095415316582e+09 7.856566665049598694e+09 7.856948663737559319e+09
1.037300000000000028e-02 6.006700000000000234e-02 6.006700000000000234e-02 9.961414065564140320e+09 5.462167169697502136e+09 3.382189711252472401e+09 3.382280726590450287e+09
1.037300000000000028e-02 6.006700000000000234e-02 6.505900000000000571e-02 1.015901511354175568e+10 5.659768217675112724e+09 2.588158300736538887e+09 2.587627973325482845e+09
1.037300000000000028e-02 6.006700000000000234e-02 7.005400000000000515e-02 1.029304664456359482e+10 5.793799748696942329e+09 2.896901659231564045e+09 2.897038923246099472e+09
1.037300000000000028e-02 6.006700000000000234e-02 7.505299999999999472e-02 1.027133909230071831e+10 5.772092196434091568e+09 7.032934199149814606e+09 7.032777715832951546e+09
1.037300000000000028e-02 6.505900000000000571e-02 6.505900000000000571e-02 9.819275918202457428e+09 5.320029022335827827e+09 3.067870447920290947e+09 3.067643342774505615e+09
1.037300000000000028e-02 6.505900000000000571e-02 7.005400000000000515e-02 9.946376117335271835e+09 5.447129221468630791e+09 2.432959275827283382e+09 2.432445331679225445e+09
1.037300000000000028e-02 6.505900000000000571e-02 7.505299999999999472e-02 1.006788061096562767e+10 5.568633715099000931e+09 2.698572665486500740e+09 2.697985652858249187e+09
1.037300000000000028e-02 6.505900000000000571e-02 8.005400000000000016e-02 9.995052748687288284e+09 5.495805852820659637e+09 6.487269106174135208e+09 6.487792069495861053e+09
1.037300000000000028e-02 7.005400000000000515e-02 7.005400000000000515e-02 9.581804385144100189e+09 5.082557489277463913e+09 2.980418987551468849e+09 2.980404186959421158e+09
1.037300000000000028e-02 7.005400000000000515e-02 7.505299999999999472e-02 9.694879134533290863e+09 5.195632238666668892e+09 2.319359005584627628e+09 2.319268429119426727e+09
1.037300000000000028e-02 7.005400000000000515e-02 8.005400000000000016e-02 1.002492861374374008e+10 5.525681717877109528e+09 2.490653045873459339e+09 2.489663957690320969e+09
1.037300000000000028e-02 7.505299999999999472e-02 7.505299999999999472e-02 9.361934592625419617e+09 4.862687696758774757e+09 2.670410265214186192e+09 2.670247710103001595e+09
1.037300000000000028e-02 7.505299999999999472e-02 8.005400000000000016e-02 9.586431691259307861e+09 5.087184795392681122e+09 2.110103868422422886e+09 2.109341908251548529e+09
1.037300000000000028e-02 8.005400000000000016e-02 8.005400000000000016e-02 9.157489566720239639e+09 4.658242670853609085e+09 2.482744441838857174e+09 2.482631474245268822e+09
1.525999999999999926e-02 1.525999999999999926e-02 1.525999999999999926e-02 1.460212615060076523e+10 1.010287925473410606e+10 2.266928583752304077e+10 2.267001760340253830e+10
1.525999999999999926e-02 1.525999999999999926e-02 2.019699999999999968e-02 1.463134058807188416e+10 1.013209369220526886e+10 1.157914880540055847e+10 1.157896727209844208e+10
1.525999999999999926e-02 1.525999999999999926e-02 2.516699999999999840e-02 1.546778701513985825e+10 1.096854011927320862e+10 1.008347998285747337e+10 1.008266958907119751e+10
1.525999999999999926e-02 1.525999999999999926e-02 3.013700000000000059e-02 1.596715934395654869e+10 1.146791244808993340e+10 1.215843669713006210e+10 1.215788933175450516e+10
1.525999999999999926e-02 1.525999999999999926e-02 3.511100000000000332e-02 1.692868212535775185e+10 1.242943522949112701e+10 3.046216412205258179e+10 3.046202138355817032e+10
1.525999999999999926e-02 2.019699999999999968e-02 2.019699999999999968e-02 1.453852594975509262e+10 1.003927905388846016e+10 9.909508676631187439e+09 9.909697846869739532e+09
1.525999999999999926e-02 2.019699999999999968e-02 2.516699999999999840e-02 1.461536886141415596e+10 1.011612196554752922e+10 6.216431766965421677e+09 6.216496929995804787e+09
1.525999999999999926e-02 2.019699999999999968e-02 3.013700000000000059e-02 1.497195889128790092e+10 1.047271199542127800e+10 5.772286869510703087e+09 5.771438830569955826e+09
1.525999999999999926e-02 2.019699999999999968e-02 3.511100000000000332e-02 1.539539936958318520e+10 1.089615247371655655e+10 6.895651748551156044e+09 6.895104014504676819e+09
1.525999999999999926e-02 2.019699999999999968e-02 4.009599999999999970e-02 1.435695725559767342e+10 9.857710359731023788e+09 1.746617064508258820e+10 1.746615977147015381e+10
1.525999999999999926e-02 2.516699999999999840e-02 2.516699999999999840e-02 1.358404603245875549e+10 9.084799136592144012e+09 7.511422391008631706e+09 7.512308298647426605e+09
1.525999999999999926e-02 2.516699999999999840e-02 3.013700000000000059e-02 1.381106424041738319e+10 9.311817344550754547e+09 4.772096230161724091e+09 4.772313798617467880e+09
1.525999999999999926e-02 2.516699999999999840e-02 3.511100000000000332e-02 1.437997723525659370e+10 9.880730339389986038e+09 4.410512930028764725e+09 4.410082501673193932e+09
1.525999999999999926e-02 2.516699999999999840e-02 4.009599999999999970e-02 1.473686808604558372e+10 1.023762119017897415e+10 5.556914666353741646e+09 5.556929625891275406e+09
1.525999999999999926e-02 2.516699999999999840e-02 4.509300000000000114e-02 1.500651976202865028e+10 1.050727286616201973e+10 1.390945741824661446e+10 1.390908755715565681e+10
1.525999999999999926e-02 3.013700000000000059e-02 3.013700000000000059e-02 1.310516488672595024e+10 8.605917990859346390e+09 6.174677270361577988e+09 6.175635706246182442e+09
1.525999999999999926e-02 3.013700000000000059e-02 3.511100000000000332e-02 1.316476362839819908e+10 8.665516732531574249e+09 4.109321435668709755e+09 4.109016229607224941e+09
1.525999999999999926e-02 3.013700000000000059e-02 4.009599999999999970e-02 1.358892555478568840e+10 9.089678658919048309e+09 3.839462021513207912e+09 3.838393211038378716e+09
1.525999999999999926e-02 3.013700000000000059e-02 4.509300000000000114e-02 1.412996808463302612e+10 9.630721188766391754e+09 4.723963898332731247e+09 4.723860347408718109e+09
1.525999999999999926e-02 3.013700000000000059e-02 5.009299999999999864e-02 1.389161849324990845e+10 9.392371597383279800e+09 1.170337494373085976e+10 1.170329507277191353e+10
1.525999999999999926e-02 3.511100000000000332e-02 3.511100000000000332e-02 1.256353436809772110e+10 8.064287472231078148e+09 5.013575268836953163e+09 5.013351153493517876e+09
1.525999999999999926e-02 3.511100000000000332e-02 4.009599999999999970e-02 1.251031407147111130e+10 8.011067175604474068e+09 3.283165668973088264e+09 3.283374102573681355e+09
1.525999999999999926e-02 3.511100000000000332e-02 4.509300000000000114e-02 1.293266684540866852e+10 8.433419949542037010e+09 3.071334399764170170e+09 3.070635939388579845e+09
1.525999999999999926e-02 3.511100000000000332e-02 5.009299999999999864e-02 1.303816504255240440e+10 8.538918146685788155e+09 3.935402136206618786e+09 3.935604293613041878e+09
1.525999999999999926e-02 3.511100000000000332e-02 5.507800000000000196e-02 1.292675264901239586e+10 8.427505753145778656e+09 1.010248971903756332e+10 1.010276639433552551e+10
1.525999999999999926e-02 4.009599999999999970e-02 4.009599999999999970e-02 1.213355593273360443e+10 7.634309036866985321e+09 4.070971658411002636e+09 4.071172884151618481e+09
1.525999999999999926e-02 4.009599999999999970e-02 4.509300000000000114e-02 1.190216920362154961e+10 7.402922307754923820e+09 2.869262795300993443e+09 2.869397546396368980e+09
1.525999999999999926e-02 4.009599999999999970e-02 5.009299999999999864e-02 1.222193724030088425e+10 7.722690344434272766e+09 2.706409874147974014e+09 2.705235401279814243e+09
1.525999999999999926e-02 4.009599999999999970e-02 5.507800000000000196e-02 1.253648674531930351e+10 8.037239849452662468e+09 3.378506343448571682e+09 3.378720113439837933e+09
1.525999999999999926e-02 4.009599999999999970e-02 6.006700000000000234e-02 1.284022418651984215e+10 8.340977290653206825e+09 8.743325259705989838e+09 8.743585897042165756e+09
1.525999999999999926e-02 4.509300000000000114e-02 4.509300000000000114e-02 1.149446456819613266e+10 6.995217672329476357e+09 3.495140110980161667e+09 3.495063275697449684e+09
1.525999999999999926e-02 4.509300000000000114e-02 5.009299999999999864e-02 1.137349682110908318e+10 6.874249925242435455e+09 2.535493569729411125e+09 2.534594601829230309e+09
1.525999999999999926e-02 4.509300000000000114e-02 5.507800000000000196e-02 1.163419076590640068e+10 7.134943870039765358e+09 2.360423728220638275e+09 2.359396834400624752e+09
1.525999999999999926e-02 4.509300000000000114e-02 6.006700000000000234e-02 1.189552605774172974e+10 7.396279161875084877e+09 3.023985488395666122e+09 3.023763162560122013e+09
1.525999999999999926e-02 4.509300000000000114e-02 6.505900000000000571e-02 1.212600360474350929e+10 7.626756708876883507e+09 7.569342255499428749e+09 7.569466086602768898e+09
1.525999999999999926e-02 5.009299999999999864e-02 5.009299999999999864e-02 1.121480288857833481e+10 6.715555992711705208e+09 3.183222981651900768e+09 3.181382408321992397e+09
1.525999999999999926e-02 5.009299999999999864e-02 5.507800000000000196e-02 1.106642050252559090e+10 6.567173606658956528e+09 2.150015577811964035e+09 2.149533815755237579e+09
1.525999999999999926e-02 5.009299999999999864e-02 6.006700000000000234e-02 1.127279079482502556e+10 6.773543898958392143e+09 2.201574145002147675e+09 2.200583552495509624e+09
1.525999999999999926e-02 5.009299999999999864e-02 6.505900000000000571e-02 1.148780035844896317e+10 6.988553462582323074e+09 2.743073314751238823e+09 2.743139772728959560e+09
1.525999999999999926e-02 5.009299999999999864e-02 7.005400000000000515e-02 1.192520327455363655e+10 7.425956378686996460e+09 6.431748849421339035e+09 6.431981310822984695e+09
1.525999999999999926e-02 5.507800000000000196e-02 5.507800000000000196e-02 1.082468038019655609e+10 6.325433484329907417e+09 2.803182041601562023e+09 2.803734523142872334e+09
1.525999999999999926e-02 5.507800000000000196e-02 6.006700000000000234e-02 1.075928432557257271e+10 6.260037429705931664e+09 1.899802027681287289e+09 1.899098927010540724e+09
1.525999999999999926e-02 5.507800000000000196e-02 6.505900000000000571e-02 1.091633053681369591e+10 6.417083640947088242e+09 1.956494850583292961e+09 1.955867035589310169e+09
1.525999999999999926e-02 5.507800000000000196e-02 7.005400000000000515e-02 1.117391487354970169e+10 6.674667977683065414e+09 2.490526285178203106e+09 2.490550626429965019e+09
1.525999999999999926e-02 5.507800000000000196e-02 7.505299999999999472e-02 1.111795924442157936e+10 6.618712348554934502e+09 6.006259562296845436e+09 6.006360452578323364e+09
1.525999999999999926e-02 6.006700000000000234e-02 6.006700000000000234e-02 1.036551216656060410e+10 5.866265270693968773e+09 2.502305451075218678e+09 2.501635679247223377e+09
1.525999999999999926e-02 6.006700000000000234e-02 6.505900000000000571e-02 1.046039336244364166e+10 5.961146466577002525e+09 1.809012857188984394e+09 1.808107843292116165e+09
1.525999999999999926e-02 6.006700000000000234e-02 7.005400000000000515e-02 1.069013329722297668e+10 6.190886401356355667e+09 1.733686228375249624e+09 1.733550694842553854e+09
1.525999999999999926e-02 6.006700000000000234e-02 7.505299999999999472e-02 1.094075816754127693e+10 6.441511271674646378e+09 2.196876089592127323e+09 2.196787230921852112e+09
1.525999999999999926e-02 6.006700000000000234e-02 8.005400000000000016e-02 1.096167000168717575e+10 6.462423105820559502e+09 5.403579627373988152e+09 5.403664534903494835e+09
1.525999999999999926e-02 6.505900000000000571e-02 6.505900000000000571e-02 1.020430876464728355e+10 5.705061868780667305e+09 2.355065972498560905e+09 2.354393664982656002e+09
1.525999999999999926e-02 6.505900000000000571e-02 7.005400000000000515e-02 1.033565701377079964e+10 5.836410117904168129e+09 1.651237108149874687e+09 1.651063422046872139e+09
1.525999999999999926e-02 6.505900000000000571e-02 7.505299999999999472e-02 1.053366332678945541e+10 6.034416430922825813e+09 1.646415633420846462e+09 1.645712143826806068e+09
1.525999999999999926e-02 6.505900000000000571e-02 8.005400000000000016e-02 1.067339667181164742e+10 6.174149775945001602e+09 2.095830226917395592e+09 2.096085429332900286e+09
1.525999999999999926e-02 7.005400000000000515e-02 7.005400000000000515e-02 1.002977018229104424e+10 5.530523286424423218e+09 2.233735196446794033e+09 2.232696024999463558e+09
1.525999999999999926e-02 7.005400000000000515e-02 7.505299999999999472e-02 1.002689064217778969e+10 5.527643746311159134e+09 1.538294525584130049e+09 1.537262043011441946e+09
1.525999999999999926e-02 7.005400000000000515e-02 8.005400000000000016e-02 1.017817726817471886e+10 5.678930372308101654e+09 1.521421570810913563e+09 1.520923819145981550e+09
1.525999999999999926e-02 7.505299999999999472e-02 7.505299999999999472e-02 9.717813912867437363e+09 5.218567017000797272e+09 1.968094782370529652e+09 1.967459620793369293e+09
1.525999999999999926e-02 7.505299999999999472e-02 8.005400000000000016e-02 9.748772506546573639e+09 5.249525610679929733e+09 1.419657261906465530e+09 1.418682244543612003e+09
1.525999999999999926e-02 8.005400000000000016e-02 8.005400000000000016e-02 9.563320508209747314e+09 5.064073612343116760e+09 1.852135118597432852e+09 1.851322512503091574e+09
2.019699999999999968e-02 2.019699999999999968e-02 2.019699999999999968e-02 1.399941716896893501e+10 9.500170273102306366e+09 1.418284791033274078e+10 1.418274829796257019e+10
2.019699999999999968e-02 2.019699999999999968e-02 2.516699999999999840e-02 1.404694254615944290e+10 9.547695650292825699e+09 7.523018689101235390e+09 7.523946742404705048e+09
2.019699999999999968e-02 2.019699999999999968e-02 3.013700000000000059e-02 1.452602242587462425e+10 1.002677553000798225e+10 6.464279265777255058e+09 6.464129281787494659e+09
2.019699999999999968e-02 2.019699999999999968e-02 3.511100000000000332e-02 1.491823922826170921e+10 1.041899233239506912e+10 6.418036867222466469e+09 6.418395541649686813e+09
2.019699999999999968e-02 2.019699999999999968e-02 4.009599999999999970e-02 1.528585878905271912e+10 1.078661189318608665e+10 7.573695440251783371e+09 7.573978651365868568e+09
2.019699999999999968e-02 2.019699999999999968e-02 4.509300000000000114e-02 1.554144572308088112e+10 1.104219882721423149e+10 1.924193557267366791e+10 1.924178933491199875e+10
2.019699999999999968e-02 2.516699999999999840e-02 2.516699999999999840e-02 1.356662409507017517e+10 9.067377199203557968e+09 6.472104988707633018e+09 6.472573247610126495e+09
2.019699999999999968e-02 2.516699999999999840e-02 3.013700000000000059e-02 1.360119487261440277e+10 9.101947976747764587e+09 4.068967431352634907e+09 4.069528365837424278e+09
2.019699999999999968e-02 2.516699999999999840e-02 3.511100000000000332e-02 1.387025736626694870e+10 9.371010470400318146e+09 3.886242705559038162e+09 3.885203916501082420e+09
2.019699999999999968e-02 2.516699999999999840e-02 4.009599999999999970e-02 1.428325338354444122e+10 9.784006487677791595e+09 3.514154024124685287e+09 3.513987596142428875e+09
2.019699999999999968e-02 2.516699999999999840e-02 4.509300000000000114e-02 1.426197146148094368e+10 9.762724565614318848e+09 4.466714132558951378e+09 4.467094150777307510e+09
2.019699999999999968e-02 2.516699999999999840e-02 5.009299999999999864e-02 1.426958925711485863e+10 9.770342361248216629e+09 1.152241223716752243e+10 1.152180269434232903e+10
2.019699999999999968e-02 3.013700000000000059e-02 3.013700000000000059e-02 1.338257090237073135e+10 8.883324006504072189e+09 5.204831431658169746e+09 5.205167304569115639e+09
2.019699999999999968e-02 3.013700000000000059e-02 3.511100000000000332e-02 1.292278318506833076e+10 8.423536289201678276e+09 3.480590790150197983e+09 3.480172106943364620e+09
2.019699999999999968e-02 3.013700000000000059e-02 4.009599999999999970e-02 1.285231318446530533e+10 8.353066288598658562e+09 3.063508191032746792e+09 3.062858515901487350e+09
2.019699999999999968e-02 3.013700000000000059e-02 4.509300000000000114e-02 1.339576925472689438e+10 8.896522358860271454e+09 2.885807753115443230e+09 2.884810194052946091e+09
2.019699999999999968e-02 3.013700000000000059e-02 5.009299999999999864e-02 1.373140891712582397e+10 9.232162021259170532e+09 3.810936020176915169e+09 3.810688565397272587e+09
2.019699999999999968e-02 3.013700000000000059e-02 5.507800000000000196e-02 1.356456989498445511e+10 9.065322999117834091e+09 9.665613145068672180e+09 9.665584507982641220e+09
2.019699999999999968e-02 3.511100000000000332e-02 3.511100000000000332e-02 1.236624600148583412e+10 7.866999105619198799e+09 4.253631050796483517e+09 4.253787057517553806e+09
2.019699999999999968e-02 3.511100000000000332e-02 4.009599999999999970e-02 1.224736025102053452e+10 7.748113355153909683e+09 2.802786193708261967e+09 2.803382412161769390e+09
2.019699999999999968e-02 3.511100000000000332e-02 4.509300000000000114e-02 1.242807087654530525e+10 7.928823980678669930e+09 2.620476177231527805e+09 2.619331126451323986e+09
2.019699999999999968e-02 3.511100000000000332e-02 5.009299999999999864e-02 1.270992062336862946e+10 8.210673727502015114e+09 2.466020265007482529e+09 2.465850793824182510e+09
2.019699999999999968e-02 3.511100000000000332e-02 5.507800000000000196e-02 1.290983845186871719e+10 8.410591556002082825e+09 3.279728685131842136e+09 3.279913590472660542e+09
2.019699999999999968e-02 3.511100000000000332e-02 6.006700000000000234e-02 1.251168622097359467e+10 8.012439325106961250e+09 8.536720538780459404e+09 8.537766926130763054e+09
2.019699999999999968e-02 4.009599999999999970e-02 4.009599999999999970e-02 1.187749495633647728e+10 7.378248060469825745e+09 3.633520068162375450e+09 3.634360431378334045e+09
2.019699999999999968e-02 4.009599999999999970e-02 4.509300000000000114e-02 1.177826678268149185e+10 7.279019886814849854e+09 2.394376905277346611e+09 2.392864416824240208e+09
2.019699999999999968e-02 4.009599999999999970e-02 5.009299999999999864e-02 1.189544367502368927e+10 7.396196779157058716e+09 2.217552355345386028e+09 2.216580188025255680e+09
2.019699999999999968e-02 4.009599999999999970e-02 5.507800000000000196e-02 1.206849683193822479e+10 7.569249936071599007e+09 2.141366107357345343e+09 2.140474010071707249e+09
2.019699999999999968e-02 4.009599999999999970e-02 6.006700000000000234e-02 1.232247515278350639e+10 7.823228256916857719e+09 2.718342092678083420e+09 2.718083836843847275e+09
2.019699999999999968e-02 4.009599999999999970e-02 6.505900000000000571e-02 1.235890928490067863e+10 7.859662389034048080e+09 7.148755515083686829e+09 7.149147897147414207e+09
2.019699999999999968e-02 4.509300000000000114e-02 4.509300000000000114e-02 1.130866811189493561e+10 6.809421216028302193e+09 3.069004001014345646e+09 3.068507187638984203e+09
2.019699999999999968e-02 4.509300000000000114e-02 5.009299999999999864e-02 1.126209853073316193e+10 6.762851634866525650e+09 2.080214117520960569e+09 2.079186843827293396e+09
2.019699999999999968e-02 4.509300000000000114e-02 5.507800000000000196e-02 1.130060468554280853e+10 6.801357789676161766e+09 2.004425848710189342e+09 2.003231330308819771e+09
2.019699999999999968e-02 4.509300000000000114e-02 6.006700000000000234e-02 1.154299535303240776e+10 7.043748457165781021e+09 1.941236372770307064e+09 1.940706702687756777e+09
2.019699999999999968e-02 4.509300000000000114e-02 6.505900000000000571e-02 1.181925176171916008e+10 7.320004865852524757e+09 2.455787277528473854e+09 2.455703945412028313e+09
2.019699999999999968e-02 4.509300000000000114e-02 7.005400000000000515e-02 1.124667696206393051e+10 6.747430066197306633e+09 6.408567072367980003e+09 6.408764308178837776e+09
2.019699999999999968e-02 5.009299999999999864e-02 5.009299999999999864e-02 1.101106354950048065e+10 6.511816653633856773e+09 2.720168115534855366e+09 2.720286085864313126e+09
2.019699999999999968e-02 5.009299999999999864e-02 5.507800000000000196e-02 1.101399218032799721e+10 6.514745284461387634e+09 1.855797758831510305e+09 1.855728779913493872e+09
2.019699999999999968e-02 5.009299999999999864e-02 6.006700000000000234e-02 1.089180915154653549e+10 6.392562255679894447e+09 1.794165185529673815e+09 1.793792967075471640e+09
2.019699999999999968e-02 5.009299999999999864e-02 6.505900000000000571e-02 1.118499112383408928e+10 6.685744227967475891e+09 1.745201149281593323e+09 1.744196774948258162e+09
2.019699999999999968e-02 5.009299999999999864e-02 7.005400000000000515e-02 1.128026772064184570e+10 6.781020824775230408e+09 2.176179964396611691e+09 2.175629041220962048e+09
2.019699999999999968e-02 5.009299999999999864e-02 7.505299999999999472e-02 1.115274861613217163e+10 6.653501720265561104e+09 5.725585908493543625e+09 5.725740871568537712e+09
2.019699999999999968e-02 5.507800000000000196e-02 5.507800000000000196e-02 1.070562196810900688e+10 6.206375072242373466e+09 2.387532613801877499e+09 2.387655004453213692e+09
2.019699999999999968e-02 5.507800000000000196e-02 6.006700000000000234e-02 1.051119812872200775e+10 6.011951232855380058e+09 1.615142509849916220e+09 1.614833594601218939e+09
2.019699999999999968e-02 5.507800000000000196e-02 6.505900000000000571e-02 1.063838500487423706e+10 6.139138109007601738e+09 1.596020577833287239e+09 1.595395064106701374e+09
2.019699999999999968e-02 5.507800000000000196e-02 7.005400000000000515e-02 1.091583711842241669e+10 6.416590222555776596e+09 1.522035267518088579e+09 1.520521286723328829e+09
2.019699999999999968e-02 5.507800000000000196e-02 7.505299999999999472e-02 1.101641475378958511e+10 6.517167857922963142e+09 1.968852725644195795e+09 1.968822775401554585e+09
2.019699999999999968e-02 5.507800000000000196e-02 8.005400000000000016e-02 1.092946773411496162e+10 6.430220838248341560e+09 4.906094251828624725e+09 4.905800923096703529e+09
2.019699999999999968e-02 6.006700000000000234e-02 6.006700000000000234e-02 1.041264646912510490e+10 5.913399573258473396e+09 2.166385945701562881e+09 2.165833179103661060e+09
2.019699999999999968e-02 6.006700000000000234e-02 6.505900000000000571e-02 1.038011125648342133e+10 5.880864360616795540e+09 1.518534363133314371e+09 1.517084132699395657e+09
2.019699999999999968e-02 6.006700000000000234e-02 7.005400000000000515e-02 1.041674971318596077e+10 5.917502817319329262e+09 1.470606686584080696e+09 1.469468928677135468e+09
2.019699999999999968e-02 6.006700000000000234e-02 7.505299999999999472e-02 1.065578604454925156e+10 6.156539148682613373e+09 1.391834069082312346e+09 1.390727944828310966e+09
2.019699999999999968e-02 6.006700000000000234e-02 8.005400000000000016e-02 1.079211205816897202e+10 6.292865162302350044e+09 1.821380373714882374e+09 1.820645359397215843e+09
2.019699999999999968e-02 6.505900000000000571e-02 6.505900000000000571e-02 1.022368974493700600e+10 5.724442849070346832e+09 2.040973525074122906e+09 2.041036138981267691e+09
2.019699999999999968e-02 6.505900000000000571e-02 7.005400000000000515e-02 1.007120520177483559e+10 5.571958305908199310e+09 1.381522613161268950e+09 1.380488730664090157e+09
2.019699999999999968e-02 6.505900000000000571e-02 7.505299999999999472e-02 1.016581168063754272e+10 5.666564784770909309e+09 1.315727370259820223e+09 1.314450002152964830e+09
2.019699999999999968e-02 6.505900000000000571e-02 8.005400000000000016e-02 1.041805201692888832e+10 5.918805121062261581e+09 1.315041170791150331e+09 1.314418297211514235e+09
2.019699999999999968e-02 7.005400000000000515e-02 7.005400000000000515e-02 9.990200108218528748e+09 5.490953212351891518e+09 1.830247533297271490e+09 1.829019472116028786e+09
2.019699999999999968e-02 7.005400000000000515e-02 7.505299999999999472e-02 9.868385871085264206e+09 5.369138975218623161e+09 1.285600718653697014e+09 1.283832477062160492e+09
2.019699999999999968e-02 7.005400000000000515e-02 8.005400000000000016e-02 9.912067545771120071e+09 5.412820649904496193e+09 1.221996807497288227e+09 1.221950692832220554e+09
2.019699999999999968e-02 7.505299999999999472e-02 7.505299999999999472e-02 9.749734147358407974e+09 5.250487251491788864e+09 1.691837808372700453e+09 1.690183251431589365e+09
2.019699999999999968e-02 7.505299999999999472e-02 8.005400000000000016e-02 9.672146335063499451e+09 5.172899439196861267e+09 1.198190255335365772e+09 1.197175057410307884e+09
2.019699999999999968e-02 8.005400000000000016e-02 8.005400000000000016e-02 9.448810025230791092e+09 4.949563129364141464e+09 1.542865141520328045e+09 1.541550323650769472e+09
2.516699999999999840e-02 2.516699999999999840e-02 2.516699999999999840e-02 1.381606424797951698e+10 9.316817352112890244e+09 9.841087740643314362e+09 9.841387906782463074e+09
2.516699999999999840e-02 2.516699999999999840e-02 3.013700000000000059e-02 1.356322449358080101e+10 9.063977597714132309e+09 5.053251869933423996e+09 5.053526670209906578e+09
2.516699999999999840e-02 2.516699999999999840e-02 3.511100000000000332e-02 1.334548377027728844e+10 8.846236874410655975e+09 4.544758690246563911e+09 4.544291846371183395e+09
2.516699999999999840e-02 2.516699999999999840e-02 4.009599999999999970e-02 1.319725176275586700e+10 8.698004866889234543e+09 4.178885626064460754e+09 4.179233305893059731e+09
2.516699999999999840e-02 2.516699999999999840e-02 4.509300000000000114e-02 1.365750095424944878e+10 9.158254058382843018e+09 4.125645341621623993e+09 4.124629699262991428e+09
2.516699999999999840e-02 2.516699999999999840e-02 5.009299999999999864e-02 1.385508947764217949e+10 9.355842581775558472e+09 5.230223243496169090e+09 5.230048064477209091e+09
2.516699999999999840e-02 2.516699999999999840e-02 5.507800000000000196e-02 1.421071839054432297e+10 9.711471494677684784e+09 1.327448972145756340e+10 1.327507179438438034e+10
2.516699999999999840e-02 3.013700000000000059e-02 3.013700000000000059e-02 1.287758089632823372e+10 8.378334000461585045e+09 4.541667923207298279e+09 4.540611095366138458e+09
2.516699999999999840e-02 3.013700000000000059e-02 3.511100000000000332e-02 1.252287982914026833e+10 8.023632933273630142e+09 2.908219443044683456e+09 2.907914889221228123e+09
2.516699999999999840e-02 3.013700000000000059e-02 4.009599999999999970e-02 1.245889138112515259e+10 7.959644485258527756e+09 2.659702219758557796e+09 2.659385098937414169e+09
2.516699999999999840e-02 3.013700000000000059e-02 4.509300000000000114e-02 1.267113131754834175e+10 8.171884421681715965e+09 2.591832863016049385e+09 2.591419945067987442e+09
2.516699999999999840e-02 3.013700000000000059e-02 5.009299999999999864e-02 1.294776005238210678e+10 8.448513156515469551e+09 2.502520831705950737e+09 2.502824159006735802e+09
2.516699999999999840e-02 3.013700000000000059e-02 5.507800000000000196e-02 1.319024636238719940e+10 8.690999466520566940e+09 3.169007971685634613e+09 3.169003956821141720e+09
2.516699999999999840e-02 3.013700000000000059e-02 6.006700000000000234e-02 1.301050884525542641e+10 8.511261949388782501e+09 7.991992215886256218e+09 7.991082572336722374e+09
2.516699999999999840e-02 3.511100000000000332e-02 3.511100000000000332e-02 1.203397030719058990e+10 7.534723411323945045e+09 3.587034038589479923e+09 3.586239521797029018e+09
2.516699999999999840e-02 3.511100000000000332e-02 4.009599999999999970e-02 1.189280763477424622e+10 7.393560738907601357e+09 2.343855621207449436e+09 2.343598764831700802e+09
2.516699999999999840e-02 3.511100000000000332e-02 4.509300000000000114e-02 1.180641020673760033e+10 7.307163310870968819e+09 2.340340423629666805e+09 2.339856817147846222e+09
2.516699999999999840e-02 3.511100000000000332e-02 5.009299999999999864e-02 1.207391341643968964e+10 7.574666520573050499e+09 2.070667334477699041e+09 2.071113987008787870e+09
2.516699999999999840e-02 3.511100000000000332e-02 5.507800000000000196e-02 1.225186537940899467e+10 7.752618483542366028e+09 2.071706936880055428e+09 2.070249459699520350e+09
2.516699999999999840e-02 3.511100000000000332e-02 6.006700000000000234e-02 1.238788745488593292e+10 7.888640559019305229e+09 2.647460178782329559e+09 2.646460565315147400e+09
2.516699999999999840e-02 3.511100000000000332e-02 6.505900000000000571e-02 1.188141098531079674e+10 7.382164089444160461e+09 6.747946343040827751e+09 6.748408459600685120e+09
2.516699999999999840e-02 4.009599999999999970e-02 4.009599999999999970e-02 1.163631496351390076e+10 7.137068067647259712e+09 3.231008279434335709e+09 3.230768044394671440e+09
2.516699999999999840e-02 4.009599999999999970e-02 4.509300000000000114e-02 1.148644455969000244e+10 6.987197663823385239e+09 2.075349549864944220e+09 2.075127712831407547e+09
2.516699999999999840e-02 4.009599999999999970e-02 5.009299999999999864e-02 1.129137642905158234e+10 6.792129533184931755e+09 1.907327537057827234e+09 1.906816225673626661e+09
2.516699999999999840e-02 4.009599999999999970e-02 5.507800000000000196e-02 1.144402571159063530e+10 6.944778815723983765e+09 1.821993821587362051e+09 1.821259687099002123e+09
2.516699999999999840e-02 4.009599999999999970e-02 6.006700000000000234e-02 1.177336012073582840e+10 7.274113224869197845e+09 1.837983031066973209e+09 1.837569469093068838e+09
2.516699999999999840e-02 4.009599999999999970e-02 6.505900000000000571e-02 1.191139945884223938e+10 7.412152562975611687e+09 2.405790566689728737e+09 2.404814217967746258e+09
2.516699999999999840e-02 4.009599999999999970e-02 7.005400000000000515e-02 1.178485015627331924e+10 7.285603260406679153e+09 5.920094518833583832e+09 5.919298922576256752e+09
2.516699999999999840e-02 4.509300000000000114e-02 4.509300000000000114e-02 1.115956633851601791e+10 6.660319442649396896e+09 2.686531215342589378e+09 2.685148203588062286e+09
2.516699999999999840e-02 4.509300000000000114e-02 5.009299999999999864e-02 1.092258086122689629e+10 6.423333965360255241e+09 1.796703064281278610e+09 1.796341082974952698e+09
2.516699999999999840e-02 4.509300000000000114e-02 5.507800000000000196e-02 1.088899697774234200e+10 6.389750081875713348e+09 1.662975789569283009e+09 1.662741632960631609e+09
2.516699999999999840e-02 4.509300000000000114e-02 6.006700000000000234e-02 1.108554808555853653e+10 6.586301189691904068e+09 1.546953238353961229e+09 1.545813658387955427e+09
2.516699999999999840e-02 4.509300000000000114e-02 6.505900000000000571e-02 1.133105538842331123e+10 6.831808492556685448e+09 1.612630583542464733e+09 1.612764996939992189e+09
2.516699999999999840e-02 4.509300000000000114e-02 7.005400000000000515e-02 1.130928090656780434e+10 6.810034010701180458e+09 2.070235418756044865e+09 2.069123125801576614e+09
2.516699999999999840e-02 4.509300000000000114e-02 7.505299999999999472e-02 1.128293169748248291e+10 6.783684801615833282e+09 5.283878463518273354e+09 5.283788657643669128e+09
2.516699999999999840e-02 5.009299999999999864e-02 5.009299999999999864e-02 1.069617505518999672e+10 6.196928159323347092e+09 2.397397927681508541e+09 2.397457753705152512e+09
2.516699999999999840e-02 5.009299999999999864e-02 5.507800000000000196e-02 1.053455546115323639e+10 6.035308565286599159e+09 1.604472697819582224e+09 1.604162092127297640e+09
2.516699999999999840e-02 5.009299999999999864e-02 6.006700000000000234e-02 1.056242081264868546e+10 6.063173916782047272e+09 1.524152721920392513e+09 1.523543172445393324e+09
2.516699999999999840e-02 5.009299999999999864e-02 6.505900000000000571e-02 1.068467983894557762e+10 6.185432943078954697e+09 1.512227882982239008e+09 1.511695204553672552e+09
2.516699999999999840e-02 5.009299999999999864e-02 7.005400000000000515e-02 1.081443402876497269e+10 6.315187132898329735e+09 1.378826032190338612e+09 1.377909870787149668e+09
2.516699999999999840e-02 5.009299999999999864e-02 7.505299999999999472e-02 1.090924666012650681e+10 6.409999764259865761e+09 1.871229188558803320e+09 1.870998128487676144e+09
2.516699999999999840e-02 5.009299999999999864e-02 8.005400000000000016e-02 1.081809802244919014e+10 6.318851126582566261e+09 4.759244376363012314e+09 4.759477114411806107e+09
2.516699999999999840e-02 5.507800000000000196e-02 5.507800000000000196e-02 1.034298902111686325e+10 5.843742125250226974e+09 2.131360076661589622e+09 2.130566250957571507e+09
2.516699999999999840e-02 5.507800000000000196e-02 6.006700000000000234e-02 1.027280829296865845e+10 5.773561397102013588e+09 1.444477354273825407e+09 1.444164695564775944e+09
2.516699999999999840e-02 5.507800000000000196e-02 6.505900000000000571e-02 1.023249485065479851e+10 5.733247954788162231e+09 1.378342287219460011e+09 1.377600442882471085e+09
2.516699999999999840e-02 5.507800000000000196e-02 7.005400000000000515e-02 1.042854332305278015e+10 5.929296427186152458e+09 1.332250408971081018e+09 1.331439447846174240e+09
2.516699999999999840e-02 5.507800000000000196e-02 7.505299999999999472e-02 1.055538613148711967e+10 6.056139235620496750e+09 1.299954420478967667e+09 1.299826147490017414e+09
2.516699999999999840e-02 5.507800000000000196e-02 8.005400000000000016e-02 1.050906267370591164e+10 6.009815777839267731e+09 1.669021031089658737e+09 1.667641404165110588e+09
2.516699999999999840e-02 6.006700000000000234e-02 6.006700000000000234e-02 1.006775160909475708e+10 5.568504713228130341e+09 1.902108074649144173e+09 1.901789158404974222e+09
2.516699999999999840e-02 6.006700000000000234e-02 6.505900000000000571e-02 1.002042460864416885e+10 5.521177712777523994e+09 1.300508848017931700e+09 1.299831132663368702e+09
2.516699999999999840e-02 6.006700000000000234e-02 7.005400000000000515e-02 1.004198877914307594e+10 5.542741883276466370e+09 1.239307943202297688e+09 1.238885304608787298e+09
2.516699999999999840e-02 6.006700000000000234e-02 7.505299999999999472e-02 1.022811008384133339e+10 5.728863187974704742e+09 1.238316903450379133e+09 1.238486594832115412e+09
2.516699999999999840e-02 6.006700000000000234e-02 8.005400000000000016e-02 1.032344485263615990e+10 5.824197956769518852e+09 1.216336603349851131e+09 1.215345489284740925e+09
2.516699999999999840e-02 6.505900000000000571e-02 6.505900000000000571e-02 9.996501651069959641e+09 5.497254755203316689e+09 1.675615927622434616e+09 1.675537282412175179e+09
2.516699999999999840e-02 6.505900000000000571e-02 7.005400000000000515e-02 9.790055333956630707e+09 5.290808438090008736e+09 1.188019408472587824e+09 1.187518799990464926e+09
2.516699999999999840e-02 6.505900000000000571e-02 7.505299999999999472e-02 9.830110695141090393e+09 5.330863799274445534e+09 1.165028674889708996e+09 1.164290909518851995e+09
2.516699999999999840e-02 6.505900000000000571e-02 8.005400000000000016e-02 9.936634796871965408e+09 5.437387901005325317e+09 1.115980593924984217e+09 1.116621495594799519e+09
2.516699999999999840e-02 7.005400000000000515e-02 7.005400000000000515e-02 9.684661218682968140e+09 5.185414322816354752e+09 1.598712869120312691e+09 1.597285790324045658e+09
2.516699999999999840e-02 7.005400000000000515e-02 7.505299999999999472e-02 9.642646434068370819e+09 5.143399538201724052e+09 1.110916843321471453e+09 1.110600226762022734e+09
2.516699999999999840e-02 7.005400000000000515e-02 8.005400000000000016e-02 9.640412845490079880e+09 5.141165949623453140e+09 1.072326569482286334e+09 1.070991761237079144e+09
2.516699999999999840e-02 7.505299999999999472e-02 7.505299999999999472e-02 9.539267076642305374e+09 5.040020180775679588e+09 1.512122571814389944e+09 1.511119372712593794e+09
2.516699999999999840e-02 7.505299999999999472e-02 8.005400000000000016e-02 9.391689529826845169e+09 4.892442633960212708e+09 1.008276837604870558e+09 1.007249719253488421e+09
2.516699999999999840e-02 8.005400000000000016e-02 8.005400000000000016e-02 9.236771963734306335e+09 4.737525067867682457e+09 1.320673981413111925e+09 1.320142688214178085e+09
3.013700000000000059e-02 3.013700000000000059e-02 3.013700000000000059e-02 1.234418578867034721e+10 7.844938892803716660e+09 6.811943645231905937e+09 6.812657243631714821e+09
3.013700000000000059e-02 3.013700000000000059e-02 3.511100000000000332e-02 1.225625767125915337e+10 7.757010775392515182e+09 3.770898971709532261e+09 3.771056000213131905e+09
3.013700000000000059e-02 3.013700000000000059e-02 4.009599999999999970e-02 1.212764746957981491e+10 7.628400573713191032e+09 3.445637402257643223e+09 3.445078755401056290e+09
3.013700000000000059e-02 3.013700000000000059e-02 4.509300000000000114e-02 1.183307818619936943e+10 7.333831290332747459e+09 3.084329843151516438e+09 3.084231181819382191e+09
3.013700000000000059e-02 3.013700000000000059e-02 5.009299999999999864e-02 1.206229696232933426e+10 7.563050066462710381e+09 2.915069665535173416e+09 2.915367222224493980e+09
3.013700000000000059e-02 3.013700000000000059e-02 5.507800000000000196e-02 1.240685298607490540e+10 7.907606090208291054e+09 2.791662403108231544e+09 2.792152255835062504e+09
3.013700000000000059e-02 3.013700000000000059e-02 6.006700000000000234e-02 1.242245735529362297e+10 7.923210459426997185e+09 3.851666815264444828e+09 3.852115610477253914e+09
3.013700000000000059e-02 3.013700000000000059e-02 6.505900000000000571e-02 1.214847205860654449e+10 7.649225162739927292e+09 9.660167942960350037e+09 9.660531205762022018e+09
3.013700000000000059e-02 3.511100000000000332e-02 3.511100000000000332e-02 1.169852477162609100e+10 7.199277875759453773e+09 3.351516069865407944e+09 3.352173026535706997e+09
3.013700000000000059e-02 3.511100000000000332e-02 4.009599999999999970e-02 1.158480563646427917e+10 7.085558740597657204e+09 2.285800797234047890e+09 2.285373317439362526e+09
3.013700000000000059e-02 3.511100000000000332e-02 4.509300000000000114e-02 1.120752652334165001e+10 6.708279627475024223e+09 2.024871214569881678e+09 2.024093222104082823e+09
3.013700000000000059e-02 3.511100000000000332e-02 5.009299999999999864e-02 1.136171345303466606e+10 6.862466557168057442e+09 1.913409087874614716e+09 1.912529309740640640e+09
3.013700000000000059e-02 3.511100000000000332e-02 5.507800000000000196e-02 1.150120313336153603e+10 7.001956237494901657e+09 1.776280504699035168e+09 1.776767361158379316e+09
3.013700000000000059e-02 3.511100000000000332e-02 6.006700000000000234e-02 1.173150639023175430e+10 7.232259494365115166e+09 1.754731477843981504e+09 1.755567183988161564e+09
3.013700000000000059e-02 3.511100000000000332e-02 6.505900000000000571e-02 1.162677790228442955e+10 7.127531006417806625e+09 2.310743964116045475e+09 2.311134557757606030e+09
3.013700000000000059e-02 3.511100000000000332e-02 7.005400000000000515e-02 1.163044003541238213e+10 7.131193139545760155e+09 5.803029693791568756e+09 5.802982077014466286e+09
3.013700000000000059e-02 4.009599999999999970e-02 4.009599999999999970e-02 1.117735796787571144e+10 6.678111072009078026e+09 2.802201239733770847e+09 2.801373449283492088e+09
3.013700000000000059e-02 4.009599999999999970e-02 4.509300000000000114e-02 1.093960687227507782e+10 6.440359976408446312e+09 1.816465754378238440e+09 1.816922691446207762e+09
3.013700000000000059e-02 4.009599999999999970e-02 5.009299999999999864e-02 1.073506393530811119e+10 6.235817039441474915e+09 1.802000208462169647e+09 1.801724124301637173e+09
3.013700000000000059e-02 4.009599999999999970e-02 5.507800000000000196e-02 1.076348305020068169e+10 6.264236154334062576e+09 1.649137279561956644e+09 1.649297173238821983e+09
3.013700000000000059e-02 4.009599999999999970e-02 6.006700000000000234e-02 1.099418064861235428e+10 6.494933752745713234e+09 1.586813983791975260e+09 1.586368391504372120e+09
3.013700000000000059e-02 4.009599999999999970e-02 6.505900000000000571e-02 1.118775328148951149e+10 6.688506385622861862e+09 1.553761098443790197e+09 1.553668921680177212e+09
3.013700000000000059e-02 4.009599999999999970e-02 7.005400000000000515e-02 1.127045851819023705e+10 6.771211622323616028e+09 1.989274130849863768e+09 1.989409929678572893e+09
3.013700000000000059e-02 4.009599999999999970e-02 7.505299999999999472e-02 1.116979419425303841e+10 6.670547298386417389e+09 5.307764261525832176e+09 5.308389854534132004e+09
3.013700000000000059e-02 4.509300000000000114e-02 4.509300000000000114e-02 1.059652903595599747e+10 6.097282140089380264e+09 2.277503410128840446e+09 2.277158434189645290e+09
3.013700000000000059e-02 4.509300000000000114e-02 5.009299999999999864e-02 1.041388160448870468e+10 5.914634708622071266e+09 1.620214703719406366e+09 1.619602257972625017e+09
3.013700000000000059e-02 4.509300000000000114e-02 5.507800000000000196e-02 1.045460174164918900e+10 5.955354845782548904e+09 1.579582484254107952e+09 1.578735700442110538e+09
3.013700000000000059e-02 4.509300000000000114e-02 6.006700000000000234e-02 1.048032349924803925e+10 5.981076603381418228e+09 1.477521562007985830e+09 1.476888765196122169e+09
3.013700000000000059e-02 4.509300000000000114e-02 6.505900000000000571e-02 1.054310170319293976e+10 6.043854807326307297e+09 1.414262946772425175e+09 1.413651274420706034e+09
3.013700000000000059e-02 4.509300000000000114e-02 7.005400000000000515e-02 1.080258585614436150e+10 6.303338960277739525e+09 1.366628701350098133e+09 1.366322869645502806e+09
3.013700000000000059e-02 4.509300000000000114e-02 7.505299999999999472e-02 1.084900538678713989e+10 6.349758490920513153e+09 1.769139675524784088e+09 1.768823320811090231e+09
3.013700000000000059e-02 4.509300000000000114e-02 8.005400000000000016e-02 1.052830319006793594e+10 6.029056294201302528e+09 4.699269054923311234e+09 4.699021979558672905e+09
3.013700000000000059e-02 5.009299999999999864e-02 5.009299999999999864e-02 1.031432761633240891e+10 5.815080720465771675e+09 2.138287097430046082e+09 2.137924317082001686e+09
3.013700000000000059e-02 5.009299999999999864e-02 5.507800000000000196e-02 1.015418800709760284e+10 5.654941111230969429e+09 1.448740170052048683e+09 1.447593993530051231e+09
3.013700000000000059e-02 5.009299999999999864e-02 6.006700000000000234e-02 1.013080875371622276e+10 5.631561857849584579e+09 1.351490525095456362e+09 1.350707100848120689e+09
3.013700000000000059e-02 5.009299999999999864e-02 6.505900000000000571e-02 1.008396590787331772e+10 5.584719012006692886e+09 1.323427811705318451e+09 1.323257379504687071e+09
3.013700000000000059e-02 5.009299999999999864e-02 7.005400000000000515e-02 1.017964367063819885e+10 5.680396774771552086e+09 1.225482326495218039e+09 1.225353830304719448e+09
3.013700000000000059e-02 5.009299999999999864e-02 7.505299999999999472e-02 1.035890702203808403e+10 5.859660126171455383e+09 1.224622977284731865e+09 1.224544834482595682e+09
3.013700000000000059e-02 5.009299999999999864e-02 8.005400000000000016e-02 1.039061699727587891e+10 5.891370101409235954e+09 1.582717060694084167e+09 1.581677423057892323e+09
3.013700000000000059e-02 5.507800000000000196e-02 5.507800000000000196e-02 9.888384971821374893e+09 5.389138075954743385e+09 1.886844001848225832e+09 1.886355402659547567e+09
3.013700000000000059e-02 5.507800000000000196e-02 6.006700000000000234e-02 9.829816394844125748e+09 5.330569498977484703e+09 1.294968576189745188e+09 1.294542824477888823e+09
3.013700000000000059e-02 5.507800000000000196e-02 6.505900000000000571e-02 9.837967856877305984e+09 5.338720961010661125e+09 1.260975870171220541e+09 1.261150346885186434e+09
3.013700000000000059e-02 5.507800000000000196e-02 7.005400000000000515e-02 9.776725241981697083e+09 5.277478346115065575e+09 1.200986399942806244e+09 1.200405010523243666e+09
3.013700000000000059e-02 5.507800000000000196e-02 7.505299999999999472e-02 9.981194733290000916e+09 5.481947837423347473e+09 1.127777668436209440e+09 1.126847267240217209e+09
3.013700000000000059e-02 5.507800000000000196e-02 8.005400000000000016e-02 1.006785318599475288e+10 5.568606290128131866e+09 1.124847804799541712e+09 1.124793968807110786e+09
3.013700000000000059e-02 6.006700000000000234e-02 6.006700000000000234e-02 9.666632532459299088e+09 5.167385636592677116e+09 1.727391156851253033e+09 1.726596852556306124e+09
3.013700000000000059e-02 6.006700000000000234e-02 6.505900000000000571e-02 9.596232205990793228e+09 5.096985310124155998e+09 1.128230608568733454e+09 1.127602335799804449e+09
3.013700000000000059e-02 6.006700000000000234e-02 7.005400000000000515e-02 9.640509848224853516e+09 5.141262952358228683e+09 1.095711773521439075e+09 1.095314126229967833e+09
3.013700000000000059e-02 6.006700000000000234e-02 7.505299999999999472e-02 9.673579168057466507e+09 5.174332272190822601e+09 1.042688333762539625e+09 1.040792446054055929e+09
3.013700000000000059e-02 6.006700000000000234e-02 8.005400000000000016e-02 9.786755443952325821e+09 5.287508548085698128e+09 1.014737048441676378e+09 1.014573251422472835e+09
3.013700000000000059e-02 6.505900000000000571e-02 6.505900000000000571e-02 9.484421047824476242e+09 4.985174151957858086e+09 1.537288058567998409e+09 1.536228211537464619e+09
3.013700000000000059e-02 6.505900000000000571e-02 7.005400000000000515e-02 9.454310880598411560e+09 4.955063984731810570e+09 1.076642091827766418e+09 1.076343832132411480e+09
3.013700000000000059e-02 6.505900000000000571e-02 7.505299999999999472e-02 9.384419067638916016e+09 4.885172171772270203e+09 1.036148425950288057e+09 1.035396125014350295e+09
3.013700000000000059e-02 6.505900000000000571e-02 8.005400000000000016e-02 9.401318560342777252e+09 4.902071664476126671e+09 9.820214534839445353e+08 9.811754065755794048e+08
3.013700000000000059e-02 7.005400000000000515e-02 7.005400000000000515e-02 9.322173475386455536e+09 4.822926579519840240e+09 1.432404657187600613e+09 1.432241846187736273e+09
3.013700000000000059e-02 7.005400000000000515e-02 7.505299999999999472e-02 9.235070228158540726e+09 4.735823332291900635e+09 9.276202869259281158e+08 9.269626121396600008e+08
3.013700000000000059e-02 7.005400000000000515e-02 8.005400000000000016e-02 9.116098705273561478e+09 4.616851809406938553e+09 9.381210192109050751e+08 9.375408532172263861e+08
3.013700000000000059e-02 7.505299999999999472e-02 7.505299999999999472e-02 9.121255945000944138e+09 4.622009049134320259e+09 1.299757128480655909e+09 1.298723407644295931e+09
3.013700000000000059e-02 7.505299999999999472e-02 8.005400000000000016e-02 9.011357167608650208e+09 4.512110271742017746e+09 9.227862610006270409e+08 9.217963476973150969e+08
3.013700000000000059e-02 8.005400000000000016e-02 8.005400000000000016e-02 8.879297331271678925e+09 4.380050435405050278e+09 1.260881813162978411e+09 1.260729165809029102e+09
3.511100000000000332e-02 3.511100000000000332e-02 3.511100000000000332e-02 1.118130019610518646e+10 6.682053300238566399e+09 5.127694236548301697e+09 5.127781539360902786e+09
3.511100000000000332e-02 3.511100000000000332e-02 4.009599999999999970e-02 1.123943995974913788e+10 6.740193063882498741e+09 2.763653126730541706e+09 2.763240184863036633e+09
3.511100000000000332e-02 3.511100000000000332e-02 4.509300000000000114e-02 1.096388497516816711e+10 6.464638079301538467e+09 2.551164159729074001e+09 2.550989326184060574e+09
3.511100000000000332e-02 3.511100000000000332e-02 5.009299999999999864e-02 1.091863136617976761e+10 6.419384470313127518e+09 2.368002405901224136e+09 2.366627003613132000e+09
3.511100000000000332e-02 3.511100000000000332e-02 5.507800000000000196e-02 1.087216300648073959e+10 6.372916110614094734e+09 2.224959300487980843e+09 2.223430497820902824e+09
3.511100000000000332e-02 3.511100000000000332e-02 6.006700000000000234e-02 1.095462924137960434e+10 6.455382345512960434e+09 2.199319114851377964e+09 2.198771350569376469e+09
3.511100000000000332e-02 3.511100000000000332e-02 6.505900000000000571e-02 1.108535161241500664e+10 6.586104716548381805e+09 2.035599216197559357e+09 2.035367140331097126e+09
3.511100000000000332e-02 3.511100000000000332e-02 7.005400000000000515e-02 1.119935349516202927e+10 6.700106599295394897e+09 2.701705987331194878e+09 2.701852653943396568e+09
3.511100000000000332e-02 3.511100000000000332e-02 7.505299999999999472e-02 1.086374479943913078e+10 6.364497903572487831e+09 7.395950947038904190e+09 7.395551124919525146e+09
3.511100000000000332e-02 4.009599999999999970e-02 4.009599999999999970e-02 1.089190219027707481e+10 6.392655294410432816e+09 2.580196238549607754e+09 2.579663398985671043e+09
3.511100000000000332e-02 4.009599999999999970e-02 4.509300000000000114e-02 1.057810091124251747e+10 6.078854015375888824e+09 1.686912447429853201e+09 1.686134499449322939e+09
3.511100000000000332e-02 4.009599999999999970e-02 5.009299999999999864e-02 1.045326834233535194e+10 5.954021446468720436e+09 1.566741742508798599e+09 1.565893295540487051e+09
3.511100000000000332e-02 4.009599999999999970e-02 5.507800000000000196e-02 1.027129070396297455e+10 5.772043808096334457e+09 1.477653573338093758e+09 1.476131804581641436e+09
3.511100000000000332e-02 4.009599999999999970e-02 6.006700000000000234e-02 1.027021292644249916e+10 5.770966030575878143e+09 1.422344586328652620e+09 1.421759728067816973e+09
3.511100000000000332e-02 4.009599999999999970e-02 6.505900000000000571e-02 1.052872426306427956e+10 6.029477367197646141e+09 1.343532588765177250e+09 1.341846671223306656e+09
3.511100000000000332e-02 4.009599999999999970e-02 7.005400000000000515e-02 1.077617652482807922e+10 6.276929628961456299e+09 1.330474931470749617e+09 1.330084251093701124e+09
3.511100000000000332e-02 4.009599999999999970e-02 7.505299999999999472e-02 1.061446291122413063e+10 6.115216015357500076e+09 1.777314627993189335e+09 1.776635603170608997e+09
3.511100000000000332e-02 4.009599999999999970e-02 8.005400000000000016e-02 1.056684326058267975e+10 6.067596364716032028e+09 4.522820467487001419e+09 4.522731483103117943e+09
3.511100000000000332e-02 4.509300000000000114e-02 4.509300000000000114e-02 1.029699157277538300e+10 5.797744676908744812e+09 2.248981771051308155e+09 2.248284979731088638e+09
3.511100000000000332e-02 4.509300000000000114e-02 5.009299999999999864e-02 1.011742891253453445e+10 5.618182016667920113e+09 1.464688431769629002e+09 1.464920176456320763e+09
3.511100000000000332e-02 4.509300000000000114e-02 5.507800000000000196e-02 1.005810111390952873e+10 5.558854218042882919e+09 1.372417379058790207e+09 1.372814943146368265e+09
3.511100000000000332e-02 4.509300000000000114e-02 6.006700000000000234e-02 9.968006537029840469e+09 5.468759641163220406e+09 1.312497912830945253e+09 1.312047253045031309e+09
3.511100000000000332e-02 4.509300000000000114e-02 6.505900000000000571e-02 9.949324559474361420e+09 5.450077663607745171e+09 1.250205434187236309e+09 1.249851336954242468e+09
3.511100000000000332e-02 4.509300000000000114e-02 7.005400000000000515e-02 1.005367659305346870e+10 5.554429697186841965e+09 1.197636371101482153e+09 1.195748426860920191e+09
3.511100000000000332e-02 4.509300000000000114e-02 7.505299999999999472e-02 1.023808941809981537e+10 5.738842522233178139e+09 1.206771355080317736e+09 1.205599800752959490e+09
3.511100000000000332e-02 4.509300000000000114e-02 8.005400000000000016e-02 1.024425116886608124e+10 5.745004272999447823e+09 1.557719619226267576e+09 1.557367474163456440e+09
3.511100000000000332e-02 5.009299999999999864e-02 5.009299999999999864e-02 9.871706066082538605e+09 5.372459170215901375e+09 1.977357302877707481e+09 1.978031404063724279e+09
3.511100000000000332e-02 5.009299999999999864e-02 5.507800000000000196e-02 9.811239379793743134e+09 5.311992483927120209e+09 1.274572733644294500e+09 1.274489144296569824e+09
3.511100000000000332e-02 5.009299999999999864e-02 6.006700000000000234e-02 9.691334455494565964e+09 5.192087559627918243e+09 1.233392195815320015e+09 1.232762459760053396e+09
3.511100000000000332e-02 5.009299999999999864e-02 6.505900000000000571e-02 9.661614420045993805e+09 5.162367524179367065e+09 1.175018625758261681e+09 1.174655148156082392e+09
3.511100000000000332e-02 5.009299999999999864e-02 7.005400000000000515e-02 9.657932737964130402e+09 5.158685842097490311e+09 1.157859193135720491e+09 1.156851179445338249e+09
3.511100000000000332e-02 5.009299999999999864e-02 7.505299999999999472e-02 9.785111269844944000e+09 5.285864373978309631e+09 1.079615051631743193e+09 1.078521342970383644e+09
3.511100000000000332e-02 5.009299999999999864e-02 8.005400000000000016e-02 9.829725698877479553e+09 5.330478803010864258e+09 1.048675460803573728e+09 1.047861679706416845e+09
3.511100000000000332e-02 5.507800000000000196e-02 5.507800000000000196e-02 9.577863508305728912e+09 5.078616612439099312e+09 1.663755320759168625e+09 1.663169582129746199e+09
3.511100000000000332e-02 5.507800000000000196e-02 6.006700000000000234e-02 9.565930303598051071e+09 5.066683407731429100e+09 1.151055195259973526e+09 1.149619707726420164e+09
3.511100000000000332e-02 5.507800000000000196e-02 6.505900000000000571e-02 9.429522822019538879e+09 4.930275926152910233e+09 1.102590053245541811e+09 1.102367110733354807e+09
3.511100000000000332e-02 5.507800000000000196e-02 7.005400000000000515e-02 9.446553568329845428e+09 4.947306672463219643e+09 1.060471861907589316e+09 1.059584502764311314e+09
3.511100000000000332e-02 5.507800000000000196e-02 7.505299999999999472e-02 9.434699192820310593e+09 4.935452296953654289e+09 1.008264205696702242e+09 1.007141541042668462e+09
3.511100000000000332e-02 5.507800000000000196e-02 8.005400000000000016e-02 9.514338167764833450e+09 5.015091271898215294e+09 9.977027760676200390e+08 9.959969942249479294e+08
3.511100000000000332e-02 6.006700000000000234e-02 6.006700000000000234e-02 9.349203486385330200e+09 4.849956590518709183e+09 1.527298379481916189e+09 1.525948339337887049e+09
3.511100000000000332e-02 6.006700000000000234e-02 6.505900000000000571e-02 9.245131949762132645e+09 4.745885053895506859e+09 1.042396957204565406e+09 1.041338818917893052e+09
3.511100000000000332e-02 6.006700000000000234e-02 7.005400000000000515e-02 9.190907970716766357e+09 4.691661074850112915e+09 1.006870710432687044e+09 1.006099270979313970e+09
3.511100000000000332e-02 6.006700000000000234e-02 7.505299999999999472e-02 9.185411330641536713e+09 4.686164434774884224e+09 9.870604296302471161e+08 9.856539498684856892e+08
3.511100000000000332e-02 6.006700000000000234e-02 8.005400000000000016e-02 9.212565923514785767e+09 4.713319027648144722e+09 9.097412449554489851e+08 9.086698860275372267e+08
3.511100000000000332e-02 6.505900000000000571e-02 6.505900000000000571e-02 9.166987025614830017e+09 4.667740129748184204e+09 1.427250823969777822e+09 1.426575062913958311e+09
3.511100000000000332e-02 6.505900000000000571e-02 7.005400000000000515e-02 9.083367885462659836e+09 4.584120989596029282e+09 9.818372865843777657e+08 9.811608373432649374e+08
3.511100000000000332e-02 6.505900000000000571e-02 7.505299999999999472e-02 9.030728619298223495e+09 4.531481723431591034e+09 9.325014240469641685e+08 9.310632541986746788e+08
3.511100000000000332e-02 6.505900000000000571e-02 8.005400000000000016e-02 8.991783930540548325e+09 4.492537034673916817e+09 9.191006446381740570e+08 9.178999519110054970e+08
3.511100000000000332e-02 7.005400000000000515e-02 7.005400000000000515e-02 8.971581171781381607e+09 4.472334275914730072e+09 1.284436944929969549e+09 1.283865441305462599e+09
3.511100000000000332e-02 7.005400000000000515e-02 7.505299999999999472e-02 8.867913518152622223e+09 4.368666622285992622e+09 8.984848725175315142e+08 8.965198111277799606e+08
3.511100000000000332e-02 7.005400000000000515e-02 8.005400000000000016e-02 8.779629264268804550e+09 4.280382368402153492e+09 8.229129384760199785e+08 8.219072311468914747e+08
3.511100000000000332e-02 7.505299999999999472e-02 7.505299999999999472e-02 8.811802399625207901e+09 4.312555503758568764e+09 1.139389776276874304e+09 1.138306255489145994e+09
3.511100000000000332e-02 7.505299999999999472e-02 8.005400000000000016e-02 8.692982003594718933e+09 4.193735107728092670e+09 8.068361571713199615e+08 8.054075405438539982e+08
3.511100000000000332e-02 8.005400000000000016e-02 8.005400000000000016e-02 8.539076624648142815e+09 4.039829728781514168e+09 1.048110393811737299e+09 1.046876120101621509e+09
4.009599999999999970e-02 4.009599999999999970e-02 4.009599999999999970e-02 1.035117978460747337e+10 5.851932888740825653e+09 4.104864296745120525e+09 4.104394894633776188e+09
4.009599999999999970e-02 4.009599999999999970e-02 4.509300000000000114e-02 1.026314765001104927e+10 5.763900754144417763e+09 2.215194532525544643e+09 2.215365044192802906e+09
4.009599999999999970e-02 4.009599999999999970e-02 5.009299999999999864e-02 1.000322877992829704e+10 5.503981884061661720e+09 2.060698600528469563e+09 2.059888913941808939e+09
4.009599999999999970e-02 4.009599999999999970e-02 5.507800000000000196e-02 9.869656303990461349e+09 5.370409408123813629e+09 1.848307703197416067e+09 1.848077417620620966e+09
4.009599999999999970e-02 4.009599999999999970e-02 6.006700000000000234e-02 9.867673875551565170e+09 5.368426979684943199e+09 1.853216389782765865e+09 1.852640180064041615e+09
4.009599999999999970e-02 4.009599999999999970e-02 6.505900000000000571e-02 1.001141676969413376e+10 5.512169873827495575e+09 1.713436114591137171e+09 1.712283394408185482e+09
4.009599999999999970e-02 4.009599999999999970e-02 7.005400000000000515e-02 1.010161190933282852e+10 5.602365013466222763e+09 1.649608420824084997e+09 1.649158559641519308e+09
4.009599999999999970e-02 4.009599999999999970e-02 7.505299999999999472e-02 1.013041639988887215e+10 5.631169504022233963e+09 1.669595220251801014e+09 1.669924167408083677e+09
4.009599999999999970e-02 4.009599999999999970e-02 8.005400000000000016e-02 1.011096757031550980e+10 5.611720674448868752e+09 2.237215675387028217e+09 2.237665240539700985e+09
4.009599999999999970e-02 4.509300000000000114e-02 4.509300000000000114e-02 1.009016985672667694e+10 5.590922960860052109e+09 2.034673876219706059e+09 2.034480886941329479e+09
4.009599999999999970e-02 4.509300000000000114e-02 5.009299999999999864e-02 9.724882928183317184e+09 5.225636032316686630e+09 1.350974478121769667e+09 1.350003945430202246e+09
4.009599999999999970e-02 4.509300000000000114e-02 5.507800000000000196e-02 9.574146949995830536e+09 5.074900054129193306e+09 1.272087989952489853e+09 1.271271186127919436e+09
4.009599999999999970e-02 4.509300000000000114e-02 6.006700000000000234e-02 9.548399518331441879e+09 5.049152622464816093e+09 1.263830632950371504e+09 1.263192380353430986e+09
4.009599999999999970e-02 4.509300000000000114e-02 6.505900000000000571e-02 9.563779341082471848e+09 5.064532445215846062e+09 1.165949314910244226e+09 1.166124422076249838e+09
4.009599999999999970e-02 4.509300000000000114e-02 7.005400000000000515e-02 9.601055834517911911e+09 5.101808938651288986e+09 1.062373061051310420e+09 1.061149014488940001e+09
4.009599999999999970e-02 4.509300000000000114e-02 7.505299999999999472e-02 9.659572136493766785e+09 5.160325240627145767e+09 1.098027466992785454e+09 1.097060980125164509e+09
4.009599999999999970e-02 4.509300000000000114e-02 8.005400000000000016e-02 9.778025555525157928e+09 5.278778659658520699e+09 1.063390670953599930e+09 1.063040902310077548e+09
4.009599999999999970e-02 5.009299999999999864e-02 5.009299999999999864e-02 9.531074251685192108e+09 5.031827355818560600e+09 1.800787999077985764e+09 1.800658404090086699e+09
4.009599999999999970e-02 5.009299999999999864e-02 5.507800000000000196e-02 9.470832413044895172e+09 4.971585517178262711e+09 1.194326108974180698e+09 1.193532185201920748e+09
4.009599999999999970e-02 5.009299999999999864e-02 6.006700000000000234e-02 9.378680644138193130e+09 4.879433748271564484e+09 1.096435480934453726e+09 1.095384199923012733e+09
4.009599999999999970e-02 5.009299999999999864e-02 6.505900000000000571e-02 9.258411647167701721e+09 4.759164751301083565e+09 1.065216986493255496e+09 1.065171679103816748e+09
4.009599999999999970e-02 5.009299999999999864e-02 7.005400000000000515e-02 9.294287177583684921e+09 4.795040281717045784e+09 1.025814192011404514e+09 1.025238079316616058e+09
4.009599999999999970e-02 5.009299999999999864e-02 7.505299999999999472e-02 9.289592133752388000e+09 4.790345237885753632e+09 1.024528852624663949e+09 1.024613528267171860e+09
4.009599999999999970e-02 5.009299999999999864e-02 8.005400000000000016e-02 9.327238558426170349e+09 4.827991662559539795e+09 9.633960087826250792e+08 9.634572494447243214e+08
4.009599999999999970e-02 5.507800000000000196e-02 5.507800000000000196e-02 9.234482632025766373e+09 4.735235736159127235e+09 1.570392560223083258e+09 1.569336916853753805e+09
4.009599999999999970e-02 5.507800000000000196e-02 6.006700000000000234e-02 9.159482419944648743e+09 4.660235524078016281e+09 1.096956205177265167e+09 1.095970180587665558e+09
4.009599999999999970e-02 5.507800000000000196e-02 6.505900000000000571e-02 9.139314774552442551e+09 4.640067878685804367e+09 1.006257185171276331e+09 1.005457087011734724e+09
4.009599999999999970e-02 5.507800000000000196e-02 7.005400000000000515e-02 9.089255767619716644e+09 4.590008871753092766e+09 9.730255561385407448e+08 9.728170580572040081e+08
4.009599999999999970e-02 5.507800000000000196e-02 7.505299999999999472e-02 9.034804923232349396e+09 4.535558027365725517e+09 9.529249223652079105e+08 9.529383813126623631e+08
4.009599999999999970e-02 5.507800000000000196e-02 8.005400000000000016e-02 9.008058803591018677e+09 4.508811907724406242e+09 9.022080068957878351e+08 9.008170215499286652e+08
4.009599999999999970e-02 6.006700000000000234e-02 6.006700000000000234e-02 9.098199888999979019e+09 4.598952993133338928e+09 1.448255278355184793e+09 1.447061822963614464e+09
4.009599999999999970e-02 6.006700000000000234e-02 6.505900000000000571e-02 8.959236774785037994e+09 4.459989878918416977e+09 9.683724097289807796e+08 9.674675804742285013e+08
4.009599999999999970e-02 6.006700000000000234e-02 7.005400000000000515e-02 8.870564884507272720e+09 4.371317988640660286e+09 9.390873814170114994e+08 9.375200840332044363e+08
4.009599999999999970e-02 6.006700000000000234e-02 7.505299999999999472e-02 8.888037327855930328e+09 4.388790431989292145e+09 8.856762018682037592e+08 8.850235597296910286e+08
4.009599999999999970e-02 6.006700000000000234e-02 8.005400000000000016e-02 8.810317320584625244e+09 4.311070424717999458e+09 8.679455800612182617e+08 8.669119525950090885e+08
4.009599999999999970e-02 6.505900000000000571e-02 6.505900000000000571e-02 8.850700598700256348e+09 4.351453702833622932e+09 1.281796977727150679e+09 1.281120122629489660e+09
4.009599999999999970e-02 6.505900000000000571e-02 7.005400000000000515e-02 8.783250258813480377e+09 4.284003362946846008e+09 9.051095990456767082e+08 9.038227897428230047e+08
4.009599999999999970e-02 6.505900000000000571e-02 7.505299999999999472e-02 8.692349716909984589e+09 4.193102821043355942e+09 8.481129893631061316e+08 8.475587027972294092e+08
4.009599999999999970e-02 6.505900000000000571e-02 8.005400000000000016e-02 8.626383341537530899e+09 4.127136445670902252e+09 7.708669120816819668e+08 7.696982322147638798e+08
4.009599999999999970e-02 7.005400000000000515e-02 7.005400000000000515e-02 8.709631484625722885e+09 4.210384588759099483e+09 1.168322766431063414e+09 1.167684904343494177e+09
4.009599999999999970e-02 7.005400000000000515e-02 7.505299999999999472e-02 8.555843047180165291e+09 4.056596151313530445e+09 8.093155826885764599e+08 8.084779772826207876e+08
4.009599999999999970e-02 7.005400000000000515e-02 8.005400000000000016e-02 8.498507925446040154e+09 3.999261029579407692e+09 7.906803130622876883e+08 7.907597229565095901e+08
4.009599999999999970e-02 7.505299999999999472e-02 7.505299999999999472e-02 8.469449345574486732e+09 3.970202449707862377e+09 1.101699998200615168e+09 1.102879131632974863e+09
4.009599999999999970e-02 7.505299999999999472e-02 8.005400000000000016e-02 8.402699626015806198e+09 3.903452730149181366e+09 7.513579877646999359e+08 7.508509170782352686e+08
4.009599999999999970e-02 8.005400000000000016e-02 8.005400000000000016e-02 8.312219688213622093e+09 3.812972792346988201e+09 1.002738554481029272e+09 1.002235987646546364e+09
4.509300000000000114e-02 4.509300000000000114e-02 4.509300000000000114e-02 9.800787405930177689e+09 5.301540510063552856e+09 3.142766278974767208e+09 3.143317509964430332e+09
4.509300000000000114e-02 4.509300000000000114e-02 5.009299999999999864e-02 9.506487055133548737e+09 5.007240159266923904e+09 1.712639683228253841e+09 1.713016291066029072e+09
4.509300000000000114e-02 4.509300000000000114e-02 5.507800000000000196e-02 9.306049857763713837e+09 4.806802961897085190e+09 1.630372589992950678e+09 1.630085896630207300e+09
4.509300000000000114e-02 4.509300000000000114e-02 6.006700000000000234e-02 9.225842409488639832e+09 4.726595513622025490e+09 1.503066934071607113e+09 1.502701428402070045e+09
4.509300000000000114e-02 4.509300000000000114e-02 6.505900000000000571e-02 9.246725671080963135e+09 4.747478775214339256e+09 1.485923821593126774e+09 1.485272444919767857e+09
4.509300000000000114e-02 4.509300000000000114e-02 7.005400000000000515e-02 9.275497635242567062e+09 4.776250739375934601e+09 1.434446314144865751e+09 1.434556995804659843e+09
4.509300000000000114e-02 4.509300000000000114e-02 7.505299999999999472e-02 9.338599336497327805e+09 4.839352440630700111e+09 1.322408339848465204e+09 1.322035589807549953e+09
4.509300000000000114e-02 4.509300000000000114e-02 8.005400000000000016e-02 9.313695854014614105e+09 4.814448958147986412e+09 1.374928575844520092e+09 1.374554189859644651e+09
4.509300000000000114e-02 5.009299999999999864e-02 5.009299999999999864e-02 9.388765295258363724e+09 4.889518399391723633e+09 1.641381670494921923e+09 1.640955975306484938e+09
4.509300000000000114e-02 5.009299999999999864e-02 5.507800000000000196e-02 9.244564975797298431e+09 4.745318079930667877e+09 1.066263172695171595e+09 1.065781292368372560e+09
4.509300000000000114e-02 5.009299999999999864e-02 6.006700000000000234e-02 9.114097791477170944e+09 4.614850895610541344e+09 1.035594184723059177e+09 1.034899610756878495e+09
4.509300000000000114e-02 5.009299999999999864e-02 6.505900000000000571e-02 9.050210084767017365e+09 4.550963188900389671e+09 9.929332603544993401e+08 9.925840047766941786e+08
4.509300000000000114e-02 5.009299999999999864e-02 7.005400000000000515e-02 8.986310720233884811e+09 4.487063824367251396e+09 9.629045466870350838e+08 9.622978533635269403e+08
4.509300000000000114e-02 5.009299999999999864e-02 7.505299999999999472e-02 8.982416769056257248e+09 4.483169873189627647e+09 9.209122756635055542e+08 9.208156397654645443e+08
4.509300000000000114e-02 5.009299999999999864e-02 8.005400000000000016e-02 8.964987411717735291e+09 4.465740515851105690e+09 9.023251227789659500e+08 9.009885114625277519e+08
4.509300000000000114e-02 5.507800000000000196e-02 5.507800000000000196e-02 9.054367006506822586e+09 4.555120110640187263e+09 1.458858040935195684e+09 1.459019460333535194e+09
4.509300000000000114e-02 5.507800000000000196e-02 6.006700000000000234e-02 8.922219302245313644e+09 4.422972406378694534e+09 9.683304742797284126e+08 9.682626746234295368e+08
4.509300000000000114e-02 5.507800000000000196e-02 6.505900000000000571e-02 8.840395884823472977e+09 4.341148988956847191e+09 9.585416100745598078e+08 9.574817514246674776e+08
4.509300000000000114e-02 5.507800000000000196e-02 7.005400000000000515e-02 8.771129906851490021e+09 4.271883010984854221e+09 8.743041406162290573e+08 8.745659414584821463e+08
4.509300000000000114e-02 5.507800000000000196e-02 7.505299999999999472e-02 8.705008436629064560e+09 4.205761540762434483e+09 8.690362373991007805e+08 8.688815024527974129e+08
4.509300000000000114e-02 5.507800000000000196e-02 8.005400000000000016e-02 8.672505067171398163e+09 4.173258171304770947e+09 8.275703034255111217e+08 8.259998309660742283e+08
4.509300000000000114e-02 6.006700000000000234e-02 6.006700000000000234e-02 8.867598488142982483e+09 4.368351592276339531e+09 1.318791124373403549e+09 1.317737779401947975e+09
4.509300000000000114e-02 6.006700000000000234e-02 6.505900000000000571e-02 8.696908648239572525e+09 4.197661752372940540e+09 8.699479249662339687e+08 8.685240452729989290e+08
4.509300000000000114e-02 6.006700000000000234e-02 7.005400000000000515e-02 8.590584843599470139e+09 4.091337947732847214e+09 8.547618001002463102e+08 8.536362719571418762e+08
4.509300000000000114e-02 6.006700000000000234e-02 7.505299999999999472e-02 8.582181838173086166e+09 4.082934942306453705e+09 7.849647181610901356e+08 7.834411425874514580e+08
4.509300000000000114e-02 6.006700000000000234e-02 8.005400000000000016e-02 8.492600282632061958e+09 3.993353386765421391e+09 7.728282962846953869e+08 7.718648882474983931e+08
4.509300000000000114e-02 6.505900000000000571e-02 6.505900000000000571e-02 8.650260242320583344e+09 4.151013346453952312e+09 1.215305209556676149e+09 1.214099212336400032e+09
4.509300000000000114e-02 6.505900000000000571e-02 7.005400000000000515e-02 8.471806508875989914e+09 3.972559613009355545e+09 8.091537137404952049e+08 8.088648524978853464e+08
4.509300000000000114e-02 6.505900000000000571e-02 7.505299999999999472e-02 8.483388160965552330e+09 3.984141265098919868e+09 7.717874393938101530e+08 7.711205299809064865e+08
4.509300000000000114e-02 6.505900000000000571e-02 8.005400000000000016e-02 8.374120621814490318e+09 3.874873725947867393e+09 7.554393378701225519e+08 7.547677646216627359e+08
4.509300000000000114e-02 7.005400000000000515e-02 7.005400000000000515e-02 8.504557998366113663e+09 4.005311102499491692e+09 1.092600298963318348e+09 1.091895321786456108e+09
4.509300000000000114e-02 7.005400000000000515e-02 7.505299999999999472e-02 8.329383445431858063e+09 3.830136549565231323e+09 7.409987990289717913e+08 7.403312831142857075e+08
4.509300000000000114e-02 7.005400000000000515e-02 8.005400000000000016e-02 8.241139082380807877e+09 3.741892186514172554e+09 6.887720645607004166e+08 6.877078116372511387e+08
4.509300000000000114e-02 7.505299999999999472e-02 7.505299999999999472e-02 8.202373632576698303e+09 3.703126736710066319e+09 1.015073075547534108e+09 1.014785455325598836e+09
4.509300000000000114e-02 7.505299999999999472e-02 8.005400000000000016e-02 8.125004145377304077e+09 3.625757249510664940e+09 7.049918023272289038e+08 7.043327586255631447e+08
4.509300000000000114e-02 8.005400000000000016e-02 8.005400000000000016e-02 8.031694974395668030e+09 3.532448078529032230e+09 9.046660128324762583e+08 9.045450028987009525e+08
5.009299999999999864e-02 5.009299999999999864e-02 5.009299999999999864e-02 9.101273521726356506e+09 4.602026625859718323e+09 2.681612836036475182e+09 2.682330730150247574e+09
5.009299999999999864e-02 5.009299999999999864e-02 5.507800000000000196e-02 8.971374427965597153e+09 4.472127532098964691e+09 1.459165491606307745e+09 1.458509042051610708e+09
5.009299999999999864e-02 5.009299999999999864e-02 6.006700000000000234e-02 8.850997470606943130e+09 4.351750574740314484e+09 1.360811933572188854e+09 1.361221206207418442e+09
5.009299999999999864e-02 5.009299999999999864e-02 6.505900000000000571e-02 8.874034137278955460e+09 4.374787241412315369e+09 1.283756083472668648e+09 1.283393266434267282e+09
5.009299999999999864e-02 5.009299999999999864e-02 7.005400000000000515e-02 8.745629035567848206e+09 4.246382139701213837e+09 1.306865324628395081e+09 1.306920591861644030e+09
5.009299999999999864e-02 5.009299999999999864e-02 7.505299999999999472e-02 8.739811471802883148e+09 4.240564575936254501e+09 1.207427447279246807e+09 1.207120679652428389e+09
5.009299999999999864e-02 5.009299999999999864e-02 8.005400000000000016e-02 8.569310656407007217e+09 4.070063760540363789e+09 1.161382664393642187e+09 1.161353965836240530e+09
5.009299999999999864e-02 5.507800000000000196e-02 5.507800000000000196e-02 8.819273477648435593e+09 4.320026581781815529e+09 1.373023647979474068e+09 1.372459890652781248e+09
5.009299999999999864e-02 5.507800000000000196e-02 6.006700000000000234e-02 8.688339462827417374e+09 4.189092566960783005e+09 9.539152840176184177e+08 9.531132788630000353e+08
5.009299999999999864e-02 5.507800000000000196e-02 6.505900000000000571e-02 8.647305304303956985e+09 4.148058408437318325e+09 8.812998919029614925e+08 8.811049072915868759e+08
5.009299999999999864e-02 5.507800000000000196e-02 7.005400000000000515e-02 8.553398600242897987e+09 4.054151704376262665e+09 8.455045149470043182e+08 8.457762683469367027e+08
5.009299999999999864e-02 5.507800000000000196e-02 7.505299999999999472e-02 8.487156971347445488e+09 3.987910075480809689e+09 7.970937276066316366e+08 7.977761719411062002e+08
5.009299999999999864e-02 5.507800000000000196e-02 8.005400000000000016e-02 8.460820782363688469e+09 3.961573886497061729e+09 7.804370484862726927e+08 7.798328570171790123e+08
5.009299999999999864e-02 6.006700000000000234e-02 6.006700000000000234e-02 8.653589708625213623e+09 4.154342812758576870e+09 1.193597644268800020e+09 1.192544125408052683e+09
5.009299999999999864e-02 6.006700000000000234e-02 6.505900000000000571e-02 8.538379355359472275e+09 4.039132459492851734e+09 8.425507031957229376e+08 8.411585025776920319e+08
5.009299999999999864e-02 6.006700000000000234e-02 7.005400000000000515e-02 8.422385308733515739e+09 3.923138412866886139e+09 7.641388098096498251e+08 7.641181436058956385e+08
5.009299999999999864e-02 6.006700000000000234e-02 7.505299999999999472e-02 8.413258206176817894e+09 3.914011310310188293e+09 7.699143715646939278e+08 7.702750253648445606e+08
5.009299999999999864e-02 6.006700000000000234e-02 8.005400000000000016e-02 8.270928822064205170e+09 3.771681926197586536e+09 7.373208933153214455e+08 7.364487830180357695e+08
5.009299999999999864e-02 6.505900000000000571e-02 6.505900000000000571e-02 8.439627501011871338e+09 3.940380605145223618e+09 1.086240884558085442e+09 1.085977430950964928e+09
5.009299999999999864e-02 6.505900000000000571e-02 7.005400000000000515e-02 8.318762908459135056e+09 3.819516012592510700e+09 7.828838838959103823e+08 7.828671028353251219e+08
5.009299999999999864e-02 6.505900000000000571e-02 7.505299999999999472e-02 8.271383265739847183e+09 3.772136369873201370e+09 7.431263165814448595e+08 7.430346372072271109e+08
5.009299999999999864e-02 6.505900000000000571e-02 8.005400000000000016e-02 8.160690344769255638e+09 3.661443448902627468e+09 6.965908914184406996e+08 6.966580660703479052e+08
5.009299999999999864e-02 7.005400000000000515e-02 7.005400000000000515e-02 8.257881283138223648e+09 3.758634387271581650e+09 1.049500997620112896e+09 1.049133726427639842e+09
5.009299999999999864e-02 7.005400000000000515e-02 7.505299999999999472e-02 8.132276644605898857e+09 3.633029748739258766e+09 6.699338674254275560e+08 6.692112312964991331e+08
5.009299999999999864e-02 7.005400000000000515e-02 8.005400000000000016e-02 8.045519867339931488e+09 3.546272971473310471e+09 6.603978770713559389e+08 6.595413169094551802e+08
5.009299999999999864e-02 7.505299999999999472e-02 7.505299999999999472e-02 8.034649230132781982e+09 3.535402334266131878e+09 9.183518634460051060e+08 9.174536286071588993e+08
5.009299999999999864e-02 7.505299999999999472e-02 8.005400000000000016e-02 7.951115368127726555e+09 3.451868472261094570e+09 6.602296658961919546e+08 6.593469058335758448e+08
5.009299999999999864e-02 8.005400000000000016e-02 8.005400000000000016e-02 7.862389807661961555e+09 3.363142911795345783e+09 8.520132310348898172e+08 8.524288813237414360e+08
5.507800000000000196e-02 5.507800000000000196e-02 5.507800000000000196e-02 8.720961148661138535e+09 4.221714252794515610e+09 2.126173646550058842e+09 2.126957390420411110e+09
5.507800000000000196e-02 5.507800000000000196e-02 6.006700000000000234e-02 8.598466079652397156e+09 4.099219183785755634e+09 1.269345294266492367e+09 1.268842563004242897e+09
5.507800000000000196e-02 5.507800000000000196e-02 6.505900000000000571e-02 8.522608727881093025e+09 4.023361832014466286e+09 1.155777260220453024e+09 1.155440604624546766e+09
5.507800000000000196e-02 5.507800000000000196e-02 7.005400000000000515e-02 8.327497414221240044e+09 3.828250518354610443e+09 1.138131739208138466e+09 1.138036296336606026e+09
5.507800000000000196e-02 5.507800000000000196e-02 7.505299999999999472e-02 8.371659264032595634e+09 3.872412368165963173e+09 1.071917680875374556e+09 1.071173152658335805e+09
5.507800000000000196e-02 5.507800000000000196e-02 8.005400000000000016e-02 8.302453097891983986e+09 3.803206202025343895e+09 1.014229569824398398e+09 1.013092385175413489e+09
5.507800000000000196e-02 6.006700000000000234e-02 6.006700000000000234e-02 8.479789648978275299e+09 3.980542753111653328e+09 1.136961682630969048e+09 1.136517243776749134e+09
5.507800000000000196e-02 6.006700000000000234e-02 6.505900000000000571e-02 8.422662256260337830e+09 3.923415360393689156e+09 8.078622198210065365e+08 8.067584295162546635e+08
5.507800000000000196e-02 6.006700000000000234e-02 7.005400000000000515e-02 8.321130017258510590e+09 3.821883121391880989e+09 8.062237866995991468e+08 8.051429701514517069e+08
5.507800000000000196e-02 6.006700000000000234e-02 7.505299999999999472e-02 8.229472987659593582e+09 3.730226091792955399e+09 7.399007130631535053e+08 7.389726070365198851e+08
5.507800000000000196e-02 6.006700000000000234e-02 8.005400000000000016e-02 8.131018597313025475e+09 3.631771701446388721e+09 7.021605726975941658e+08 7.017198765844836235e+08
5.507800000000000196e-02 6.505900000000000571e-02 6.505900000000000571e-02 8.314188206871024132e+09 3.814941311004381657e+09 1.018644610856358528e+09 1.017871674013235211e+09
5.507800000000000196e-02 6.505900000000000571e-02 7.005400000000000515e-02 8.258763343659226418e+09 3.759516447792618275e+09 7.190914460469545126e+08 7.194245121999468803e+08
5.507800000000000196e-02 6.505900000000000571e-02 7.505299999999999472e-02 8.104310858704192162e+09 3.605063962837571621e+09 6.551113654780565500e+08 6.541026184387335777e+08
5.507800000000000196e-02 6.505900000000000571e-02 8.005400000000000016e-02 7.979742824563381195e+09 3.480495928696749210e+09 6.783319224293864965e+08 6.773389900479910374e+08
5.507800000000000196e-02 7.005400000000000515e-02 7.005400000000000515e-02 8.150753970735777855e+09 3.651507074869138718e+09 9.619466317479670048e+08 9.614378314607321024e+08
5.507800000000000196e-02 7.005400000000000515e-02 7.505299999999999472e-02 7.978503611808053017e+09 3.479256715941418648e+09 6.524857306917144060e+08 6.515785875469340086e+08
5.507800000000000196e-02 7.005400000000000515e-02 8.005400000000000016e-02 7.875358475424535751e+09 3.376111579557900429e+09 6.411518481778409481e+08 6.402230267102599144e+08
5.507800000000000196e-02 7.505299999999999472e-02 7.505299999999999472e-02 7.846705660256472588e+09 3.347458764389835358e+09 9.173593187998201847e+08 9.162296808800259829e+08
5.507800000000000196e-02 7.505299999999999472e-02 8.005400000000000016e-02 7.803764119986747742e+09 3.304517224120117664e+09 6.118119106246531010e+08 6.114121736006817818e+08
5.507800000000000196e-02 8.005400000000000016e-02 8.005400000000000016e-02 7.697228390576286316e+09 3.197981494709658623e+09 8.084553929405601025e+08 8.085604672770543098e+08
6.006700000000000234e-02 6.006700000000000234e-02 6.006700000000000234e-02 8.484121928733615875e+09 3.984875032866983414e+09 1.878639810353813410e+09 1.878961409829461098e+09
6.006700000000000234e-02 6.006700000000000234e-02 6.505900000000000571e-02 8.290358310327220917e+09 3.791111414460590839e+09 1.099676880060473204e+09 1.099608003002273798e+09
6.006700000000000234e-02 6.006700000000000234e-02 7.005400000000000515e-02 8.174283769670352936e+09 3.675036873803718090e+09 1.011189206532703161e+09 1.010895219305947900e+09
6.006700000000000234e-02 6.006700000000000234e-02 7.505299999999999472e-02 8.112996543254372597e+09 3.613749647387730598e+09 9.746636997687709332e+08 9.737121191403956413e+08
6.006700000000000234e-02 6.006700000000000234e-02 8.005400000000000016e-02 8.023676864331143379e+09 3.524429968464520931e+09 9.384081967098878622e+08 9.381529006944226027e+08
6.006700000000000234e-02 6.505900000000000571e-02 6.505900000000000571e-02 8.145082555954977989e+09 3.645835660088355541e+09 1.037058136467923164e+09 1.036524120921613216e+09
6.006700000000000234e-02 6.505900000000000571e-02 7.005400000000000515e-02 8.076329042152505875e+09 3.577082146285870075e+09 6.794184701299138069e+08 6.793495492386420965e+08
6.006700000000000234e-02 6.505900000000000571e-02 7.505299999999999472e-02 7.993909819911295891e+09 3.494662924044669151e+09 6.623312432425972223e+08 6.628244262599714994e+08
6.006700000000000234e-02 6.505900000000000571e-02 8.005400000000000016e-02 7.889599363897830963e+09 3.390352468031186581e+09 6.332267313688677549e+08 6.330448094510321617e+08
6.006700000000000234e-02 7.005400000000000515e-02 7.005400000000000515e-02 8.005159049958950996e+09 3.505912154092318058e+09 9.107754625372132063e+08 9.100774690587235689e+08
6.006700000000000234e-02 7.005400000000000515e-02 7.505299999999999472e-02 7.903332223964694977e+09 3.404085328098051071e+09 6.269198420270134211e+08 6.267810210908001661e+08
6.006700000000000234e-02 7.005400000000000515e-02 8.005400000000000016e-02 7.797062706692220688e+09 3.297815810825590134e+09 6.092272633844866753e+08 6.079606654278790951e+08
6.006700000000000234e-02 7.505299999999999472e-02 7.505299999999999472e-02 7.824634367908102036e+09 3.325387472041466236e+09 8.520011876234564781e+08 8.513791101051223278e+08
6.006700000000000234e-02 7.505299999999999472e-02 8.005400000000000016e-02 7.711056796847127914e+09 3.211809900980509281e+09 5.847803305611957312e+08 5.830226230057466030e+08
6.006700000000000234e-02 8.005400000000000016e-02 8.005400000000000016e-02 7.578787137873173714e+09 3.079540242006541729e+09 7.902749221458954811e+08 7.894352906244465113e+08
6.505900000000000571e-02 6.505900000000000571e-02 6.505900000000000571e-02 8.076202480676578522e+09 3.576955584809940815e+09 1.638824756733099222e+09 1.638425845667799950e+09
6.505900000000000571e-02 6.505900000000000571e-02 7.005400000000000515e-02 7.953879961350025177e+09 3.454633065483404636e+09 9.132401384963088036e+08 9.132403497251014709e+08
6.505900000000000571e-02 6.505900000000000571e-02 7.505299999999999472e-02 7.847871125164909363e+09 3.348624229298257351e+09 8.804874304330022335e+08 8.806368204717216492e+08
6.505900000000000571e-02 6.505900000000000571e-02 8.005400000000000016e-02 7.803290726096899986e+09 3.304043830230279922e+09 8.393179037725598812e+08 8.377861107166509628e+08
6.505900000000000571e-02 7.005400000000000515e-02 7.005400000000000515e-02 7.905368998154231071e+09 3.406122102287588596e+09 8.822328382126704454e+08 8.815992441651768684e+08
6.505900000000000571e-02 7.005400000000000515e-02 7.505299999999999472e-02 7.792994445556819916e+09 3.293747549690192699e+09 5.963034542184445858e+08 5.963794377753640413e+08
6.505900000000000571e-02 7.005400000000000515e-02 8.005400000000000016e-02 7.703980904034398079e+09 3.204734008167768002e+09 5.721664143677917719e+08 5.716261295351985693e+08
6.505900000000000571e-02 7.505299999999999472e-02 7.505299999999999472e-02 7.697875140895926476e+09 3.198628245029289722e+09 8.271029758027175665e+08 8.268698616178628206e+08
6.505900000000000571e-02 7.505299999999999472e-02 8.005400000000000016e-02 7.602262498374103546e+09 3.103015602507463932e+09 5.425348640179247856e+08 5.420676353920038939e+08
6.505900000000000571e-02 8.005400000000000016e-02 8.005400000000000016e-02 7.508907918025049210e+09 3.009661022158421516e+09 7.428003649569851160e+08 7.422300094786463976e+08
7.005400000000000515e-02 7.005400000000000515e-02 7.005400000000000515e-02 7.833043905167792320e+09 3.333797009301164627e+09 1.394931345203703880e+09 1.394818780210631609e+09
7.005400000000000515e-02 7.005400000000000515e-02 7.505299999999999472e-02 7.646083260967798233e+09 3.146836365101165295e+09 8.307446536128892899e+08 8.305408407883620262e+08
7.005400000000000515e-02 7.005400000000000515e-02 8.005400000000000016e-02 7.566101595931200027e+09 3.066854700064569473e+09 7.756587138142064810e+08 7.749479308096301556e+08
7.005400000000000515e-02 7.505299999999999472e-02 7.505299999999999472e-02 7.603536217598144531e+09 3.104289321731520176e+09 8.151002044132378101e+08 8.140782731753605604e+08
7.005400000000000515e-02 7.505299999999999472e-02 8.005400000000000016e-02 7.486739563103191376e+09 2.987492667236567974e+09 5.438481973881266117e+08 5.432173537899174690e+08
7.005400000000000515e-02 8.005400000000000016e-02 8.005400000000000016e-02 7.439730644848824501e+09 2.940483748982194424e+09 7.261557055744798183e+08 7.248176495327841043e+08
7.505299999999999472e-02 7.505299999999999472e-02 7.505299999999999472e-02 7.576216538927992821e+09 3.076969643061366081e+09 1.328588679311066389e+09 1.328691695315785885e+09
7.505299999999999472e-02 7.505299999999999472e-02 8.005400000000000016e-02 7.382256069265254974e+09 2.883009173398622990e+09 7.232803928864411116e+08 7.223689411957466602e+08
