# Bispectrum monopole for NGC data
# Subtracted SN: kindep
# k1-eff  k2-eff  k3-eff  B0  B0-BSN  BSN  N_tr
5.738000000000000045e-03 5.738000000000000045e-03 5.738000000000000045e-03 -5.852707117025618744e+10 -6.293385983792027283e+10 4.406788667664088249e+09 1.674330000000000000e+06
5.738000000000000045e-03 5.738000000000000045e-03 1.037300000000000028e-02 -2.889485819984395218e+10 -3.330164686750804138e+10 4.406788667664088249e+09 2.114102000000000000e+06
5.738000000000000045e-03 5.738000000000000045e-03 1.525999999999999926e-02 -3.469496747452445221e+10 -3.910175614218853760e+10 4.406788667664088249e+09 1.713860000000000000e+05
5.738000000000000045e-03 1.037300000000000028e-02 1.037300000000000028e-02 2.378184799557041550e+10 1.937505932790632629e+10 4.406788667664088249e+09 6.944343999997000210e+06
5.738000000000000045e-03 1.037300000000000028e-02 1.525999999999999926e-02 1.486833553155032539e+10 1.046154686388623810e+10 4.406788667664088249e+09 6.155654000000000000e+06
5.738000000000000045e-03 1.037300000000000028e-02 2.019699999999999968e-02 8.501128561963749886e+09 4.094339894299661636e+09 4.406788667664088249e+09 4.044620000000000000e+05
5.738000000000000045e-03 1.525999999999999926e-02 1.525999999999999926e-02 4.605603697364207458e+10 4.164924830597798920e+10 4.406788667664088249e+09 1.578581199999500066e+07
5.738000000000000045e-03 1.525999999999999926e-02 2.019699999999999968e-02 2.956045619418592834e+10 2.515366752652183914e+10 4.406788667664088249e+09 1.221751399999699928e+07
5.738000000000000045e-03 1.525999999999999926e-02 2.516699999999999840e-02 1.286331831018171549e+09 -3.120456836645916939e+09 4.406788667664088249e+09 7.675099999989999924e+05
5.738000000000000045e-03 2.019699999999999968e-02 2.019699999999999968e-02 9.821920304772340775e+09 5.415131637108252525e+09 4.406788667664088249e+09 2.770313200000099838e+07
5.738000000000000045e-03 2.019699999999999968e-02 2.516699999999999840e-02 8.518744240931625366e+09 4.111955573267537117e+09 4.406788667664088249e+09 2.027535799999399856e+07
5.738000000000000045e-03 2.019699999999999968e-02 3.013700000000000059e-02 -1.655141232127830887e+10 -2.095820098894239807e+10 4.406788667664088249e+09 1.163545999994999962e+06
5.738000000000000045e-03 2.516699999999999840e-02 2.516699999999999840e-02 1.517976539475101852e+10 1.077297672708692932e+10 4.406788667664088249e+09 4.388790400000499934e+07
5.738000000000000045e-03 2.516699999999999840e-02 3.013700000000000059e-02 7.469400436915753365e+09 3.062611769251665115e+09 4.406788667664088249e+09 3.036693399999200180e+07
5.738000000000000045e-03 2.516699999999999840e-02 3.511100000000000332e-02 9.634242141809667587e+09 5.227453474145579338e+09 4.406788667664088249e+09 1.782557999996999977e+06
5.738000000000000045e-03 3.013700000000000059e-02 3.013700000000000059e-02 7.643199454770986557e+09 3.236410787106898308e+09 4.406788667664088249e+09 6.207773999999500066e+07
5.738000000000000045e-03 3.013700000000000059e-02 3.511100000000000332e-02 7.677460688987724304e+09 3.270672021323636055e+09 4.406788667664088249e+09 4.237258600001999736e+07
5.738000000000000045e-03 3.013700000000000059e-02 4.009599999999999970e-02 -1.166718510212863445e+09 -5.573507177876951218e+09 4.406788667664088249e+09 2.352302000000000000e+06
5.738000000000000045e-03 3.511100000000000332e-02 3.511100000000000332e-02 4.315163377068088531e+09 -9.162529059599971771e+07 4.406788667664088249e+09 8.537541999995000660e+07
5.738000000000000045e-03 3.511100000000000332e-02 4.009599999999999970e-02 7.196203336806394577e+09 2.789414669142306328e+09 4.406788667664088249e+09 5.651454199999299645e+07
5.738000000000000045e-03 3.511100000000000332e-02 4.509300000000000114e-02 2.625076983438316345e+10 2.184398116671907425e+10 4.406788667664088249e+09 3.129169999993999954e+06
5.738000000000000045e-03 4.009599999999999970e-02 4.009599999999999970e-02 1.878755399748992538e+10 1.438076532982583618e+10 4.406788667664088249e+09 1.109553759999579936e+08
5.738000000000000045e-03 4.009599999999999970e-02 4.509300000000000114e-02 9.823538201753862381e+09 5.416749534089774132e+09 4.406788667664088249e+09 7.270165399996599555e+07
5.738000000000000045e-03 4.009599999999999970e-02 5.009299999999999864e-02 1.304367250536384964e+10 8.636883837699760437e+09 4.406788667664088249e+09 3.828517999993999954e+06
5.738000000000000045e-03 4.509300000000000114e-02 4.509300000000000114e-02 1.040428588584087944e+10 5.997497218176791191e+09 4.406788667664088249e+09 1.420475319999679923e+08
5.738000000000000045e-03 4.509300000000000114e-02 5.009299999999999864e-02 4.575498044395356178e+09 1.687093767312679291e+08 4.406788667664088249e+09 9.091536200002799928e+07
5.738000000000000045e-03 4.509300000000000114e-02 5.507800000000000196e-02 1.128639062042399979e+10 6.879601952759911537e+09 4.406788667664088249e+09 4.879142000001999550e+06
5.738000000000000045e-03 5.009299999999999864e-02 5.009299999999999864e-02 9.025471057826086044e+09 4.618682390161997795e+09 4.406788667664088249e+09 1.737391479999170005e+08
5.738000000000000045e-03 5.009299999999999864e-02 5.507800000000000196e-02 9.005041504222457886e+09 4.598252836558369637e+09 4.406788667664088249e+09 1.108803980000270009e+08
5.738000000000000045e-03 5.009299999999999864e-02 6.006700000000000234e-02 2.084996682683843613e+10 1.644317815917434692e+10 4.406788667664088249e+09 5.961026000006999820e+06
5.738000000000000045e-03 5.507800000000000196e-02 5.507800000000000196e-02 2.168345676689692307e+10 1.727666809923283386e+10 4.406788667664088249e+09 2.096246080000340044e+08
5.738000000000000045e-03 5.507800000000000196e-02 6.006700000000000234e-02 1.551159119817522430e+10 1.110480253051113510e+10 4.406788667664088249e+09 1.330189579999240041e+08
5.738000000000000045e-03 5.507800000000000196e-02 6.505900000000000571e-02 2.124864738090621567e+10 1.684185871324212646e+10 4.406788667664088249e+09 7.004677999987999909e+06
5.738000000000000045e-03 6.006700000000000234e-02 6.006700000000000234e-02 1.504863986045108414e+10 1.064185119278699493e+10 4.406788667664088249e+09 2.503614520000190139e+08
5.738000000000000045e-03 6.006700000000000234e-02 6.505900000000000571e-02 8.603924429816646576e+09 4.197135762152558327e+09 4.406788667664088249e+09 1.572238820001460016e+08
5.738000000000000045e-03 6.006700000000000234e-02 7.005400000000000515e-02 1.753441072991144943e+10 1.312762206224736023e+10 4.406788667664088249e+09 8.267438000016000122e+06
5.738000000000000045e-03 6.505900000000000571e-02 6.505900000000000571e-02 1.579407592706557846e+10 1.138728725940148926e+10 4.406788667664088249e+09 2.932706199998940229e+08
5.738000000000000045e-03 6.505900000000000571e-02 7.005400000000000515e-02 1.002006529410998154e+10 5.613276626445893288e+09 4.406788667664088249e+09 1.834116860000059903e+08
5.738000000000000045e-03 6.505900000000000571e-02 7.505299999999999472e-02 9.049699066905115128e+09 4.642910399241026878e+09 4.406788667664088249e+09 9.497786000004999340e+06
5.738000000000000045e-03 7.005400000000000515e-02 7.005400000000000515e-02 2.174249026791333008e+10 1.733570160024924088e+10 4.406788667664088249e+09 3.412611999999690056e+08
5.738000000000000045e-03 7.005400000000000515e-02 7.505299999999999472e-02 7.369743421654906273e+09 2.962954753990818024e+09 4.406788667664088249e+09 2.117465419999589920e+08
5.738000000000000045e-03 7.005400000000000515e-02 8.005400000000000016e-02 7.459728776606897354e+09 3.052940108942809105e+09 4.406788667664088249e+09 1.091835800001999922e+07
5.738000000000000045e-03 7.505299999999999472e-02 7.505299999999999472e-02 1.612579315699098969e+10 1.171900448932690048e+10 4.406788667664088249e+09 3.916203159998850226e+08
5.738000000000000045e-03 7.505299999999999472e-02 8.005400000000000016e-02 4.785970826285881996e+09 3.791821586217937469e+08 4.406788667664088249e+09 2.420048419997769892e+08
5.738000000000000045e-03 8.005400000000000016e-02 8.005400000000000016e-02 1.871752767854626465e+10 1.431073901088217545e+10 4.406788667664088249e+09 4.460734839999700189e+08
1.037300000000000028e-02 1.037300000000000028e-02 1.037300000000000028e-02 2.545347539704780197e+10 2.104668672938371277e+10 4.406788667664088249e+09 1.445963999999899976e+07
1.037300000000000028e-02 1.037300000000000028e-02 1.525999999999999926e-02 4.006946740111781311e+10 3.566267873345372772e+10 4.406788667664088249e+09 2.144371999999900162e+07
1.037300000000000028e-02 1.037300000000000028e-02 2.019699999999999968e-02 9.514006455384023666e+09 5.107217787719935417e+09 4.406788667664088249e+09 1.563439999999899976e+07
1.037300000000000028e-02 1.037300000000000028e-02 2.516699999999999840e-02 -1.874448456032595825e+10 -2.315127322799004745e+10 4.406788667664088249e+09 9.196639999979999848e+05
1.037300000000000028e-02 1.525999999999999926e-02 1.525999999999999926e-02 3.396819148066567183e+08 -4.067106752857431412e+09 4.406788667664088249e+09 3.290054399999700114e+07
1.037300000000000028e-02 1.525999999999999926e-02 2.019699999999999968e-02 1.818563174646659088e+10 1.377884307880250168e+10 4.406788667664088249e+09 4.281651799999099970e+07
1.037300000000000028e-02 1.525999999999999926e-02 2.516699999999999840e-02 5.418686411019153595e+09 1.011897743355065346e+09 4.406788667664088249e+09 2.934240800002200156e+07
1.037300000000000028e-02 1.525999999999999926e-02 3.013700000000000059e-02 4.933877206494663239e+10 4.493198339728254700e+10 4.406788667664088249e+09 1.602685999997999985e+06
1.037300000000000028e-02 2.019699999999999968e-02 2.019699999999999968e-02 -2.760587774223242283e+09 -7.167376441887331009e+09 4.406788667664088249e+09 5.770200000000999868e+07
1.037300000000000028e-02 2.019699999999999968e-02 2.516699999999999840e-02 1.149806069588391876e+10 7.091272028219830513e+09 4.406788667664088249e+09 7.137718399998900294e+07
1.037300000000000028e-02 2.019699999999999968e-02 3.013700000000000059e-02 -9.391682133801248074e+08 -5.345956881044213295e+09 4.406788667664088249e+09 4.601150200002299994e+07
1.037300000000000028e-02 2.019699999999999968e-02 3.511100000000000332e-02 1.728982536421807480e+10 1.288303669655398560e+10 4.406788667664088249e+09 2.479973999997000210e+06
1.037300000000000028e-02 2.516699999999999840e-02 2.516699999999999840e-02 1.889658955663493347e+10 1.448980088897084427e+10 4.406788667664088249e+09 9.148996800004200637e+07
1.037300000000000028e-02 2.516699999999999840e-02 3.013700000000000059e-02 1.340417149571603394e+10 8.997382828051944733e+09 4.406788667664088249e+09 1.068541679999759942e+08
1.037300000000000028e-02 2.516699999999999840e-02 3.511100000000000332e-02 1.712648616657938576e+10 1.271969749891529846e+10 4.406788667664088249e+09 6.803169599996399879e+07
1.037300000000000028e-02 2.516699999999999840e-02 4.009599999999999970e-02 -3.495770659378211021e+09 -7.902559327042299271e+09 4.406788667664088249e+09 3.597791999989999924e+06
1.037300000000000028e-02 3.013700000000000059e-02 3.013700000000000059e-02 9.958676903565931320e+09 5.551888235901843071e+09 4.406788667664088249e+09 1.292648159999350011e+08
1.037300000000000028e-02 3.013700000000000059e-02 3.511100000000000332e-02 4.796108911183928490e+09 3.893202435198402405e+08 4.406788667664088249e+09 1.490323500000559986e+08
1.037300000000000028e-02 3.013700000000000059e-02 4.009599999999999970e-02 5.394419905650904655e+09 9.876312379868164062e+08 4.406788667664088249e+09 9.202727200002899766e+07
1.037300000000000028e-02 3.013700000000000059e-02 4.509300000000000114e-02 2.756672863075609589e+10 2.315993996309200668e+10 4.406788667664088249e+09 4.731566000004000030e+06
1.037300000000000028e-02 3.511100000000000332e-02 3.511100000000000332e-02 1.160482705575122261e+10 7.198038388087134361e+09 4.406788667664088249e+09 1.779023760000280142e+08
1.037300000000000028e-02 3.511100000000000332e-02 4.009599999999999970e-02 1.177111052376685524e+10 7.364321856102766991e+09 4.406788667664088249e+09 1.992174799999009967e+08
1.037300000000000028e-02 3.511100000000000332e-02 4.509300000000000114e-02 1.445325316798098946e+10 1.004646450031690216e+10 4.406788667664088249e+09 1.214817260000170022e+08
1.037300000000000028e-02 3.511100000000000332e-02 5.009299999999999864e-02 1.756437600227293396e+10 1.315758733460884476e+10 4.406788667664088249e+09 5.993317999977000058e+06
1.037300000000000028e-02 4.009599999999999970e-02 4.009599999999999970e-02 1.526420853418733978e+10 1.085741986652325058e+10 4.406788667664088249e+09 2.311685040000909865e+08
1.037300000000000028e-02 4.009599999999999970e-02 4.509300000000000114e-02 1.104515708182840157e+10 6.638368414164313316e+09 4.406788667664088249e+09 2.569580239999609888e+08
1.037300000000000028e-02 4.009599999999999970e-02 5.009299999999999864e-02 1.174400980776198959e+10 7.337221140097901344e+09 4.406788667664088249e+09 1.525486159999539852e+08
1.037300000000000028e-02 4.009599999999999970e-02 5.507800000000000196e-02 -4.465549266029139519e+09 -8.872337933693227768e+09 4.406788667664088249e+09 7.492952000021999702e+06
1.037300000000000028e-02 4.509300000000000114e-02 4.509300000000000114e-02 8.973208998408626556e+09 4.566420330744538307e+09 4.406788667664088249e+09 2.961515760000680089e+08
1.037300000000000028e-02 4.509300000000000114e-02 5.009299999999999864e-02 7.704947902691283226e+09 3.298159235027194977e+09 4.406788667664088249e+09 3.215185820000479817e+08
1.037300000000000028e-02 4.509300000000000114e-02 5.507800000000000196e-02 1.035286360556849098e+10 5.946074937904402733e+09 4.406788667664088249e+09 1.903331840000190139e+08
1.037300000000000028e-02 4.509300000000000114e-02 6.006700000000000234e-02 1.833363738356355286e+10 1.392684871589946365e+10 4.406788667664088249e+09 9.531542000029999763e+06
1.037300000000000028e-02 5.009299999999999864e-02 5.009299999999999864e-02 1.051948606315903282e+10 6.112697395494944572e+09 4.406788667664088249e+09 3.620040719998679757e+08
1.037300000000000028e-02 5.009299999999999864e-02 5.507800000000000196e-02 1.376183484645780563e+10 9.355046178793716431e+09 4.406788667664088249e+09 3.906553280000119805e+08
1.037300000000000028e-02 5.009299999999999864e-02 6.006700000000000234e-02 1.310994756057073402e+10 8.703158892906646729e+09 4.406788667664088249e+09 2.308407019999240041e+08
1.037300000000000028e-02 5.009299999999999864e-02 6.505900000000000571e-02 2.477379683945766830e+10 2.036700817179357910e+10 4.406788667664088249e+09 1.142022200000399910e+07
1.037300000000000028e-02 5.507800000000000196e-02 5.507800000000000196e-02 9.128510842690242767e+09 4.721722175026154518e+09 4.406788667664088249e+09 4.366988640000119805e+08
1.037300000000000028e-02 5.507800000000000196e-02 6.006700000000000234e-02 9.674988819233104706e+09 5.268200151569016457e+09 4.406788667664088249e+09 4.689544640001140237e+08
1.037300000000000028e-02 5.507800000000000196e-02 6.505900000000000571e-02 8.466468997104905128e+09 4.059680329440816879e+09 4.406788667664088249e+09 2.739778400001270175e+08
1.037300000000000028e-02 5.507800000000000196e-02 7.005400000000000515e-02 1.970085520361412525e+09 -2.436703147302675724e+09 4.406788667664088249e+09 1.341864799999799952e+07
1.037300000000000028e-02 6.006700000000000234e-02 6.006700000000000234e-02 9.449810901373790741e+09 5.043022233709702492e+09 4.406788667664088249e+09 5.217199199998700023e+08
1.037300000000000028e-02 6.006700000000000234e-02 6.505900000000000571e-02 8.657664117576234818e+09 4.250875449912146568e+09 4.406788667664088249e+09 5.546527819999560118e+08
1.037300000000000028e-02 6.006700000000000234e-02 7.005400000000000515e-02 8.112549969336324692e+09 3.705761301672236443e+09 4.406788667664088249e+09 3.225401359998779893e+08
1.037300000000000028e-02 6.006700000000000234e-02 7.505299999999999472e-02 2.320614435675739670e+10 1.879935568909330750e+10 4.406788667664088249e+09 1.560097399994600005e+07
1.037300000000000028e-02 6.505900000000000571e-02 6.505900000000000571e-02 7.150682269442096710e+09 2.743893601778008461e+09 4.406788667664088249e+09 6.110526959998999834e+08
1.037300000000000028e-02 6.505900000000000571e-02 7.005400000000000515e-02 1.184322813760576630e+10 7.436439469941678047e+09 4.406788667664088249e+09 6.475138880003299713e+08
1.037300000000000028e-02 6.505900000000000571e-02 7.505299999999999472e-02 1.157684008800386810e+10 7.170051420339779854e+09 4.406788667664088249e+09 3.732487099998940229e+08
1.037300000000000028e-02 6.505900000000000571e-02 8.005400000000000016e-02 3.029974027643563747e+09 -1.376814640020524502e+09 4.406788667664088249e+09 1.782870199999000132e+07
1.037300000000000028e-02 7.005400000000000515e-02 7.005400000000000515e-02 1.216288327455442619e+10 7.756094606890337944e+09 4.406788667664088249e+09 7.111605839999040365e+08
1.037300000000000028e-02 7.005400000000000515e-02 7.505299999999999472e-02 1.251741069951685524e+10 8.110622031852766991e+09 4.406788667664088249e+09 7.482505759998470545e+08
1.037300000000000028e-02 7.005400000000000515e-02 8.005400000000000016e-02 1.235577254319507217e+10 7.948983875530983925e+09 4.406788667664088249e+09 4.291117759998700023e+08
1.037300000000000028e-02 7.505299999999999472e-02 7.505299999999999472e-02 1.297642458363795280e+10 8.569635915973864555e+09 4.406788667664088249e+09 8.161262400004570484e+08
1.037300000000000028e-02 7.505299999999999472e-02 8.005400000000000016e-02 1.045554751135554886e+10 6.048758843691460609e+09 4.406788667664088249e+09 8.554351339999550581e+08
1.037300000000000028e-02 8.005400000000000016e-02 8.005400000000000016e-02 1.248890620468115044e+10 8.082117537017062187e+09 4.406788667664088249e+09 9.296321999999270439e+08
1.525999999999999926e-02 1.525999999999999926e-02 1.525999999999999926e-02 2.845406785724940109e+10 2.404727918958531189e+10 4.406788667664088249e+09 4.962492000000400096e+07
1.525999999999999926e-02 1.525999999999999926e-02 2.019699999999999968e-02 2.519311279067332458e+10 2.078632412300923538e+10 4.406788667664088249e+09 6.572268000007800013e+07
1.525999999999999926e-02 1.525999999999999926e-02 2.516699999999999840e-02 1.553832890629831696e+10 1.113154023863422775e+10 4.406788667664088249e+09 8.123005399995900691e+07
1.525999999999999926e-02 1.525999999999999926e-02 3.013700000000000059e-02 1.187053545191731644e+10 7.463746784253228188e+09 4.406788667664088249e+09 5.204439399999299645e+07
1.525999999999999926e-02 1.525999999999999926e-02 3.511100000000000332e-02 -1.875713404118531036e+10 -2.316392270884939957e+10 4.406788667664088249e+09 2.851373999995000195e+06
1.525999999999999926e-02 2.019699999999999968e-02 2.019699999999999968e-02 1.386396634453200150e+10 9.457177676867912292e+09 4.406788667664088249e+09 8.703300000002500415e+07
1.525999999999999926e-02 2.019699999999999968e-02 2.516699999999999840e-02 2.335440204733749008e+10 1.894761337967340088e+10 4.406788667664088249e+09 1.095965759999579936e+08
1.525999999999999926e-02 2.019699999999999968e-02 3.013700000000000059e-02 1.802141096587360001e+10 1.361462229820951080e+10 4.406788667664088249e+09 1.279196939999479949e+08
1.525999999999999926e-02 2.019699999999999968e-02 3.511100000000000332e-02 1.107461227825572014e+10 6.667823610591631889e+09 4.406788667664088249e+09 8.056228199996900558e+07
1.525999999999999926e-02 2.019699999999999968e-02 4.009599999999999970e-02 -3.736733823513384342e+09 -8.143522491177473068e+09 4.406788667664088249e+09 4.172982000020999927e+06
1.525999999999999926e-02 2.516699999999999840e-02 2.516699999999999840e-02 1.403955980975273895e+10 9.632771142088649750e+09 4.406788667664088249e+09 1.380017999999620020e+08
1.525999999999999926e-02 2.516699999999999840e-02 3.013700000000000059e-02 1.340541852712840080e+10 8.998629859464313507e+09 4.406788667664088249e+09 1.640365200000120103e+08
1.525999999999999926e-02 2.516699999999999840e-02 3.511100000000000332e-02 1.600571057988562393e+10 1.159892191222153473e+10 4.406788667664088249e+09 1.888972619998930097e+08
1.525999999999999926e-02 2.516699999999999840e-02 4.009599999999999970e-02 1.317767388452715683e+10 8.770885216863067627e+09 4.406788667664088249e+09 1.154756400000730008e+08
1.525999999999999926e-02 2.516699999999999840e-02 4.509300000000000114e-02 1.617161613756502151e+10 1.176482746990093231e+10 4.406788667664088249e+09 6.044526000004000030e+06
1.525999999999999926e-02 3.013700000000000059e-02 3.013700000000000059e-02 1.518152030776941109e+10 1.077473164010532379e+10 4.406788667664088249e+09 1.949931599999699891e+08
1.525999999999999926e-02 3.013700000000000059e-02 3.511100000000000332e-02 1.391969836243432426e+10 9.512909694770236969e+09 4.406788667664088249e+09 2.287441920000489950e+08
1.525999999999999926e-02 3.013700000000000059e-02 4.009599999999999970e-02 1.029757022793849564e+10 5.890781560274407387e+09 4.406788667664088249e+09 2.560346219999819994e+08
1.525999999999999926e-02 3.013700000000000059e-02 4.509300000000000114e-02 9.887916001954866409e+09 5.481127334290778160e+09 4.406788667664088249e+09 1.545881619999369979e+08
1.525999999999999926e-02 3.013700000000000059e-02 5.009299999999999864e-02 1.732595543433610535e+10 1.291916676667201614e+10 4.406788667664088249e+09 7.566781999986000359e+06
1.525999999999999926e-02 3.511100000000000332e-02 3.511100000000000332e-02 1.289655680586654282e+10 8.489768138202454567e+09 4.406788667664088249e+09 2.683449120001519918e+08
1.525999999999999926e-02 3.511100000000000332e-02 4.009599999999999970e-02 1.100125001903705025e+10 6.594461351372961998e+09 4.406788667664088249e+09 3.058883999999079704e+08
1.525999999999999926e-02 3.511100000000000332e-02 4.509300000000000114e-02 1.405110418193270111e+10 9.644315514268611908e+09 4.406788667664088249e+09 3.396817100000740290e+08
1.525999999999999926e-02 3.511100000000000332e-02 5.009299999999999864e-02 1.893121426468083572e+10 1.452442559701674652e+10 4.406788667664088249e+09 1.992274339999240041e+08
1.525999999999999926e-02 3.511100000000000332e-02 5.507800000000000196e-02 2.229359933076249695e+10 1.788681066309840775e+10 4.406788667664088249e+09 9.782198000043999404e+06
1.525999999999999926e-02 4.009599999999999970e-02 4.009599999999999970e-02 1.677567518699143219e+10 1.236888651932734299e+10 4.406788667664088249e+09 3.486857039999399781e+08
1.525999999999999926e-02 4.009599999999999970e-02 4.509300000000000114e-02 1.153718507849890518e+10 7.130396410834816933e+09 4.406788667664088249e+09 3.946698240000020266e+08
1.525999999999999926e-02 4.009599999999999970e-02 5.009299999999999864e-02 1.630478880647014999e+10 1.189800013880606079e+10 4.406788667664088249e+09 4.280739499999049902e+08
1.525999999999999926e-02 4.009599999999999970e-02 5.507800000000000196e-02 8.323076272896684647e+09 3.916287605232596397e+09 4.406788667664088249e+09 2.496125359998480082e+08
1.525999999999999926e-02 4.009599999999999970e-02 6.006700000000000234e-02 1.253112408692823219e+10 8.124335419264143944e+09 4.406788667664088249e+09 1.221563000001999922e+07
1.525999999999999926e-02 4.509300000000000114e-02 4.509300000000000114e-02 1.250124060503814888e+10 8.094451937374060631e+09 4.406788667664088249e+09 4.467149519997050166e+08
1.525999999999999926e-02 4.509300000000000114e-02 5.009299999999999864e-02 1.022326542555738831e+10 5.816476757893300056e+09 4.406788667664088249e+09 4.938863999999520183e+08
1.525999999999999926e-02 4.509300000000000114e-02 5.507800000000000196e-02 1.187414159287336731e+10 7.467352925209279060e+09 4.406788667664088249e+09 5.322418940000879765e+08
1.525999999999999926e-02 4.509300000000000114e-02 6.006700000000000234e-02 8.249056872316089630e+09 3.842268204652001381e+09 4.406788667664088249e+09 3.096806900000820160e+08
1.525999999999999926e-02 4.509300000000000114e-02 6.505900000000000571e-02 2.863439556263186455e+09 -1.543349111400901794e+09 4.406788667664088249e+09 1.523838199996200018e+07
1.525999999999999926e-02 5.009299999999999864e-02 5.009299999999999864e-02 9.541379358654878616e+09 5.134590690990790367e+09 4.406788667664088249e+09 5.460400560004489422e+08
1.525999999999999926e-02 5.009299999999999864e-02 5.507800000000000196e-02 8.741391658250225067e+09 4.334602990586136818e+09 4.406788667664088249e+09 5.997250560001640320e+08
1.525999999999999926e-02 5.009299999999999864e-02 6.006700000000000234e-02 8.308405325923295975e+09 3.901616658259207726e+09 4.406788667664088249e+09 6.434653820002779961e+08
1.525999999999999926e-02 5.009299999999999864e-02 6.505900000000000571e-02 1.109862865076067734e+10 6.691839983096589088e+09 4.406788667664088249e+09 3.716262260001459718e+08
1.525999999999999926e-02 5.009299999999999864e-02 7.005400000000000515e-02 1.206391000579499626e+10 7.657121338130908012e+09 4.406788667664088249e+09 1.823334200002500042e+07
1.525999999999999926e-02 5.507800000000000196e-02 5.507800000000000196e-02 1.071212334680275154e+10 6.305334679138663292e+09 4.406788667664088249e+09 6.587251200001560450e+08
1.525999999999999926e-02 5.507800000000000196e-02 6.006700000000000234e-02 8.735568152098480225e+09 4.328779484434391975e+09 4.406788667664088249e+09 7.199832480004149675e+08
1.525999999999999926e-02 5.507800000000000196e-02 6.505900000000000571e-02 9.999520753005603790e+09 5.592732085341515541e+09 4.406788667664088249e+09 7.648315820002739429e+08
1.525999999999999926e-02 5.507800000000000196e-02 7.005400000000000515e-02 1.114770842669032288e+10 6.740919759026234627e+09 4.406788667664088249e+09 4.392985760000619888e+08
1.525999999999999926e-02 5.507800000000000196e-02 7.505299999999999472e-02 1.507502021287406921e+10 1.066823154520998001e+10 4.406788667664088249e+09 2.112536600004100055e+07
1.525999999999999926e-02 6.006700000000000234e-02 6.006700000000000234e-02 6.868480397234470367e+09 2.461691729570382118e+09 4.406788667664088249e+09 7.869389760000159740e+08
1.525999999999999926e-02 6.006700000000000234e-02 6.505900000000000571e-02 1.100863240732650185e+10 6.601843739662413597e+09 4.406788667664088249e+09 8.516646959999699593e+08
1.525999999999999926e-02 6.006700000000000234e-02 7.005400000000000515e-02 7.868719142354461670e+09 3.461930474690373421e+09 4.406788667664088249e+09 9.016141339997600317e+08
1.525999999999999926e-02 6.006700000000000234e-02 7.505299999999999472e-02 1.138199962720261383e+10 6.975210959538525581e+09 4.406788667664088249e+09 5.129835620000569820e+08
1.525999999999999926e-02 6.006700000000000234e-02 8.005400000000000016e-02 9.841984438049259186e+09 5.435195770385170937e+09 4.406788667664088249e+09 2.445416600006899983e+07
1.525999999999999926e-02 6.505900000000000571e-02 6.505900000000000571e-02 9.160026876165113449e+09 4.753238208501025200e+09 4.406788667664088249e+09 9.216589920000200272e+08
1.525999999999999926e-02 6.505900000000000571e-02 7.005400000000000515e-02 9.295291408022285461e+09 4.888502740358197212e+09 4.406788667664088249e+09 9.943334160007719994e+08
1.525999999999999926e-02 6.505900000000000571e-02 7.505299999999999472e-02 9.027638892953256607e+09 4.620850225289168358e+09 4.406788667664088249e+09 1.045184438000519991e+09
1.525999999999999926e-02 6.505900000000000571e-02 8.005400000000000016e-02 6.821619353922331810e+09 2.414830686258243561e+09 4.406788667664088249e+09 5.911808660001959801e+08
1.525999999999999926e-02 7.005400000000000515e-02 7.005400000000000515e-02 1.044419639657203293e+10 6.037407728907944679e+09 4.406788667664088249e+09 1.072712928000326037e+09
1.525999999999999926e-02 7.005400000000000515e-02 7.505299999999999472e-02 1.044315286183588982e+10 6.036364194171801567e+09 4.406788667664088249e+09 1.149152712000154018e+09
1.525999999999999926e-02 7.005400000000000515e-02 8.005400000000000016e-02 1.162597216610564613e+10 7.219183498441557884e+09 4.406788667664088249e+09 1.203177638000222921e+09
1.525999999999999926e-02 7.505299999999999472e-02 7.505299999999999472e-02 1.027456027340628052e+10 5.867771605742192268e+09 4.406788667664088249e+09 1.231027104000334024e+09
1.525999999999999926e-02 7.505299999999999472e-02 8.005400000000000016e-02 9.886014711979341507e+09 5.479226044315253258e+09 4.406788667664088249e+09 1.313842343999706030e+09
1.525999999999999926e-02 8.005400000000000016e-02 8.005400000000000016e-02 1.181547565775679398e+10 7.408686990092705727e+09 4.406788667664088249e+09 1.402221168000827074e+09
2.019699999999999968e-02 2.019699999999999968e-02 2.019699999999999968e-02 -3.168956865685119152e+09 -7.575745533349206924e+09 4.406788667664088249e+09 1.152654240000569969e+08
2.019699999999999968e-02 2.019699999999999968e-02 2.516699999999999840e-02 1.155715616713341331e+10 7.150367499469325066e+09 4.406788667664088249e+09 1.451337600000540018e+08
2.019699999999999968e-02 2.019699999999999968e-02 3.013700000000000059e-02 2.140852454744889832e+10 1.700173587978480911e+10 4.406788667664088249e+09 1.725253679998700023e+08
2.019699999999999968e-02 2.019699999999999968e-02 3.511100000000000332e-02 1.369657862772013283e+10 9.289789960056045532e+09 4.406788667664088249e+09 1.987155420000450015e+08
2.019699999999999968e-02 2.019699999999999968e-02 4.009599999999999970e-02 9.041573209229776382e+09 4.634784541565688133e+09 4.406788667664088249e+09 1.208698379999530017e+08
2.019699999999999968e-02 2.019699999999999968e-02 4.509300000000000114e-02 4.032268526066206360e+10 3.591589659299797821e+10 4.406788667664088249e+09 6.102269999995999970e+06
2.019699999999999968e-02 2.516699999999999840e-02 2.516699999999999840e-02 1.756338800853638840e+10 1.315659934087229919e+10 4.406788667664088249e+09 1.827609839998820126e+08
2.019699999999999968e-02 2.516699999999999840e-02 3.013700000000000059e-02 7.772058077042327881e+09 3.365269409378239632e+09 4.406788667664088249e+09 2.172362639999130070e+08
2.019699999999999968e-02 2.516699999999999840e-02 3.511100000000000332e-02 1.520354251586131477e+10 1.079675384819722748e+10 4.406788667664088249e+09 2.548457759999209940e+08
2.019699999999999968e-02 2.516699999999999840e-02 4.009599999999999970e-02 1.400741189252519608e+10 9.600623224861106873e+09 4.406788667664088249e+09 2.851721280000129938e+08
2.019699999999999968e-02 2.516699999999999840e-02 4.509300000000000114e-02 1.490370312379000664e+10 1.049691445612591934e+10 4.406788667664088249e+09 1.714831739999920130e+08
2.019699999999999968e-02 2.516699999999999840e-02 5.009299999999999864e-02 1.998860792099177551e+10 1.558181925332768631e+10 4.406788667664088249e+09 8.403126000003000721e+06
2.019699999999999968e-02 3.013700000000000059e-02 3.013700000000000059e-02 1.511559809511603928e+10 1.070880942745195007e+10 4.406788667664088249e+09 2.582286239997360110e+08
2.019699999999999968e-02 3.013700000000000059e-02 3.511100000000000332e-02 9.291493076297363281e+09 4.884704408633275032e+09 4.406788667664088249e+09 3.029264399998329878e+08
2.019699999999999968e-02 3.013700000000000059e-02 4.009599999999999970e-02 1.296412127093562126e+10 8.557332603271533012e+09 4.406788667664088249e+09 3.453111840000619888e+08
2.019699999999999968e-02 3.013700000000000059e-02 4.509300000000000114e-02 1.140921605370088387e+10 7.002427386036795616e+09 4.406788667664088249e+09 3.836055420000000000e+08
2.019699999999999968e-02 3.013700000000000059e-02 5.009299999999999864e-02 1.844906459990522385e+10 1.404227593224113464e+10 4.406788667664088249e+09 2.241037540000370145e+08
2.019699999999999968e-02 3.013700000000000059e-02 5.507800000000000196e-02 2.160380517832886505e+10 1.719701651066477585e+10 4.406788667664088249e+09 1.074212599999500066e+07
2.019699999999999968e-02 3.511100000000000332e-02 3.511100000000000332e-02 1.241964166104854774e+10 8.012852993384459496e+09 4.406788667664088249e+09 3.553764960000640154e+08
2.019699999999999968e-02 3.511100000000000332e-02 4.009599999999999970e-02 1.297290484994223213e+10 8.566116182278143883e+09 4.406788667664088249e+09 4.050938399999619722e+08
2.019699999999999968e-02 3.511100000000000332e-02 4.509300000000000114e-02 1.072819188060681915e+10 6.321403212942730904e+09 4.406788667664088249e+09 4.585185119999799728e+08
2.019699999999999968e-02 3.511100000000000332e-02 5.009299999999999864e-02 1.636463209765833855e+10 1.195784342999425125e+10 4.406788667664088249e+09 4.972644140001279712e+08
2.019699999999999968e-02 3.511100000000000332e-02 5.507800000000000196e-02 1.495312501767166710e+10 1.054633635000757980e+10 4.406788667664088249e+09 2.881621819999439716e+08
2.019699999999999968e-02 3.511100000000000332e-02 6.006700000000000234e-02 1.465619869683663940e+10 1.024941002917255020e+10 4.406788667664088249e+09 1.387720999994800054e+07
2.019699999999999968e-02 4.009599999999999970e-02 4.009599999999999970e-02 1.100857498622658539e+10 6.601786318562497139e+09 4.406788667664088249e+09 4.617741599998750091e+08
2.019699999999999968e-02 4.009599999999999970e-02 4.509300000000000114e-02 1.337350644776144028e+10 8.966717780097351074e+09 4.406788667664088249e+09 5.226484320000650287e+08
2.019699999999999968e-02 4.009599999999999970e-02 5.009299999999999864e-02 1.299066116944566154e+10 8.583872501781573296e+09 4.406788667664088249e+09 5.778646800001529455e+08
2.019699999999999968e-02 4.009599999999999970e-02 5.507800000000000196e-02 1.176264542351997948e+10 7.355856755855891228e+09 4.406788667664088249e+09 6.227175680000749826e+08
2.019699999999999968e-02 4.009599999999999970e-02 6.006700000000000234e-02 1.103769907154090881e+10 6.630910403876820564e+09 4.406788667664088249e+09 3.589973899999449849e+08
2.019699999999999968e-02 4.009599999999999970e-02 6.505900000000000571e-02 1.160877515280734253e+10 7.201986485143254280e+09 4.406788667664088249e+09 1.698025399996599928e+07
2.019699999999999968e-02 4.509300000000000114e-02 4.509300000000000114e-02 1.200903351805591393e+10 7.602244850391825676e+09 4.406788667664088249e+09 5.916167520004080534e+08
2.019699999999999968e-02 4.509300000000000114e-02 5.009299999999999864e-02 1.095662079607082939e+10 6.549832128406741142e+09 4.406788667664088249e+09 6.540433680001319647e+08
2.019699999999999968e-02 4.509300000000000114e-02 5.507800000000000196e-02 1.152542602340937614e+10 7.118637355745287895e+09 4.406788667664088249e+09 7.183814400000170469e+08
2.019699999999999968e-02 4.509300000000000114e-02 6.006700000000000234e-02 1.260550384051837540e+10 8.198715172854287148e+09 4.406788667664088249e+09 7.703456779998910427e+08
2.019699999999999968e-02 4.509300000000000114e-02 6.505900000000000571e-02 8.483673594499259949e+09 4.076884926835171700e+09 4.406788667664088249e+09 4.406801419994519949e+08
2.019699999999999968e-02 4.509300000000000114e-02 7.005400000000000515e-02 8.168148223332319260e+09 3.761359555668231010e+09 4.406788667664088249e+09 2.117567000010399893e+07
2.019699999999999968e-02 5.009299999999999864e-02 5.009299999999999864e-02 6.303112092858711243e+09 1.896323425194622993e+09 4.406788667664088249e+09 7.231081919999879599e+08
2.019699999999999968e-02 5.009299999999999864e-02 5.507800000000000196e-02 8.922755985960767746e+09 4.515967318296679497e+09 4.406788667664088249e+09 7.942541279998669624e+08
2.019699999999999968e-02 5.009299999999999864e-02 6.006700000000000234e-02 1.050680457173463058e+10 6.100015904070542336e+09 4.406788667664088249e+09 8.681049119998010397e+08
2.019699999999999968e-02 5.009299999999999864e-02 6.505900000000000571e-02 1.073077396479835129e+10 6.323985297134263039e+09 4.406788667664088249e+09 9.221848699992569685e+08
2.019699999999999968e-02 5.009299999999999864e-02 7.005400000000000515e-02 9.624156044340929031e+09 5.217367376676840782e+09 4.406788667664088249e+09 5.267140700001609921e+08
2.019699999999999968e-02 5.009299999999999864e-02 7.505299999999999472e-02 1.001656669404965782e+10 5.609778026385569572e+09 4.406788667664088249e+09 2.498352199994299933e+07
2.019699999999999968e-02 5.507800000000000196e-02 5.507800000000000196e-02 1.129673325508795738e+10 6.889944587423869133e+09 4.406788667664088249e+09 8.723267519998420477e+08
2.019699999999999968e-02 5.507800000000000196e-02 6.006700000000000234e-02 9.069267019769264221e+09 4.662478352105175972e+09 4.406788667664088249e+09 9.534735360006200075e+08
2.019699999999999968e-02 5.507800000000000196e-02 6.505900000000000571e-02 9.551734779848354340e+09 5.144946112184266090e+09 4.406788667664088249e+09 1.031881944000357985e+09
2.019699999999999968e-02 5.507800000000000196e-02 7.005400000000000515e-02 1.168201003956595802e+10 7.275221371901869774e+09 4.406788667664088249e+09 1.092501248000015974e+09
2.019699999999999968e-02 5.507800000000000196e-02 7.505299999999999472e-02 8.633170199524513245e+09 4.226381531860424995e+09 4.406788667664088249e+09 6.175999819999309778e+08
2.019699999999999968e-02 5.507800000000000196e-02 8.005400000000000016e-02 1.035404125227543640e+10 5.947252584611348152e+09 4.406788667664088249e+09 2.879300599985500053e+07
2.019699999999999968e-02 6.006700000000000234e-02 6.006700000000000234e-02 1.054393757917436218e+10 6.137148911510273933e+09 4.406788667664088249e+09 1.042192992000838995e+09
2.019699999999999968e-02 6.006700000000000234e-02 6.505900000000000571e-02 9.738323781843336105e+09 5.331535114179247856e+09 4.406788667664088249e+09 1.127839271999778986e+09
2.019699999999999968e-02 6.006700000000000234e-02 7.005400000000000515e-02 1.151195298967572021e+10 7.105164322011631966e+09 4.406788667664088249e+09 1.216760376000283957e+09
2.019699999999999968e-02 6.006700000000000234e-02 7.505299999999999472e-02 9.968556319369483948e+09 5.561767651705395699e+09 4.406788667664088249e+09 1.278846301998656988e+09
2.019699999999999968e-02 6.006700000000000234e-02 8.005400000000000016e-02 8.160741526386830330e+09 3.753952858722742081e+09 4.406788667664088249e+09 7.182046340001939535e+08
2.019699999999999968e-02 6.505900000000000571e-02 6.505900000000000571e-02 6.439452100654471397e+09 2.032663432990383148e+09 4.406788667664088249e+09 1.220596728000247955e+09
2.019699999999999968e-02 6.505900000000000571e-02 7.005400000000000515e-02 9.620752657640419006e+09 5.213963989976330757e+09 4.406788667664088249e+09 1.316806247999099016e+09
2.019699999999999968e-02 6.505900000000000571e-02 7.505299999999999472e-02 8.529632721748383522e+09 4.122844054084295273e+09 4.406788667664088249e+09 1.410634704000750065e+09
2.019699999999999968e-02 6.505900000000000571e-02 8.005400000000000016e-02 9.226660761104660034e+09 4.819872093440571785e+09 4.406788667664088249e+09 1.476856598000719070e+09
2.019699999999999968e-02 7.005400000000000515e-02 7.005400000000000515e-02 1.061506993528219986e+10 6.208281267618111610e+09 4.406788667664088249e+09 1.420594415999860048e+09
2.019699999999999968e-02 7.005400000000000515e-02 7.505299999999999472e-02 9.235829676276617050e+09 4.829041008612528801e+09 4.406788667664088249e+09 1.521821832000461102e+09
2.019699999999999968e-02 7.005400000000000515e-02 8.005400000000000016e-02 1.009444338151537323e+10 5.687654713851284981e+09 4.406788667664088249e+09 1.624214688000283003e+09
2.019699999999999968e-02 7.505299999999999472e-02 7.505299999999999472e-02 1.041223619487172699e+10 6.005447527207638741e+09 4.406788667664088249e+09 1.630291536000515938e+09
2.019699999999999968e-02 7.505299999999999472e-02 8.005400000000000016e-02 9.362629786331224442e+09 4.955841118667136192e+09 4.406788667664088249e+09 1.739914295999805927e+09
2.019699999999999968e-02 8.005400000000000016e-02 8.005400000000000016e-02 8.902580978549432755e+09 4.495792310885344505e+09 4.406788667664088249e+09 1.857019919999020100e+09
2.516699999999999840e-02 2.516699999999999840e-02 2.516699999999999840e-02 6.430928828903729439e+09 2.024140161239641190e+09 4.406788667664088249e+09 2.301079200000250041e+08
2.516699999999999840e-02 2.516699999999999840e-02 3.013700000000000059e-02 1.327162401441909409e+10 8.864835346755004883e+09 4.406788667664088249e+09 2.735511839999409914e+08
2.516699999999999840e-02 2.516699999999999840e-02 3.511100000000000332e-02 1.079208905836733055e+10 6.385300390703242302e+09 4.406788667664088249e+09 3.209103599998620152e+08
2.516699999999999840e-02 2.516699999999999840e-02 4.009599999999999970e-02 1.242372158552517700e+10 8.016932917861088753e+09 4.406788667664088249e+09 3.658030560001040101e+08
2.516699999999999840e-02 2.516699999999999840e-02 4.509300000000000114e-02 1.832192972198016357e+10 1.391514105431607437e+10 4.406788667664088249e+09 4.061355120001389980e+08
2.516699999999999840e-02 2.516699999999999840e-02 5.009299999999999864e-02 1.641586130601698875e+10 1.200907263835290146e+10 4.406788667664088249e+09 2.375200800001919866e+08
2.516699999999999840e-02 2.516699999999999840e-02 5.507800000000000196e-02 8.703794683120748520e+09 4.297006015456660271e+09 4.406788667664088249e+09 1.182048000000100024e+07
2.516699999999999840e-02 3.013700000000000059e-02 3.013700000000000059e-02 1.563725458797931671e+10 1.123046592031522751e+10 4.406788667664088249e+09 3.251452079999179840e+08
2.516699999999999840e-02 3.013700000000000059e-02 3.511100000000000332e-02 1.266543458011864471e+10 8.258645912454556465e+09 4.406788667664088249e+09 3.814582560000500083e+08
2.516699999999999840e-02 3.013700000000000059e-02 4.009599999999999970e-02 1.070549175976658249e+10 6.298703092102494240e+09 4.406788667664088249e+09 4.348073760000259876e+08
2.516699999999999840e-02 3.013700000000000059e-02 4.509300000000000114e-02 1.227663005088149643e+10 7.869841383217408180e+09 4.406788667664088249e+09 4.921665839999319911e+08
2.516699999999999840e-02 3.013700000000000059e-02 5.009299999999999864e-02 1.607623363933362198e+10 1.166944497166953278e+10 4.406788667664088249e+09 5.338142940000579953e+08
2.516699999999999840e-02 3.013700000000000059e-02 5.507800000000000196e-02 1.006771315171979523e+10 5.660924484055706978e+09 4.406788667664088249e+09 3.097280080000569820e+08
2.516699999999999840e-02 3.013700000000000059e-02 6.006700000000000234e-02 1.323525894236367416e+10 8.828470274699584961e+09 4.406788667664088249e+09 1.509231799996300042e+07
2.516699999999999840e-02 3.511100000000000332e-02 3.511100000000000332e-02 1.371665305747560501e+10 9.309864389811515808e+09 4.406788667664088249e+09 4.474806719999539852e+08
2.516699999999999840e-02 3.511100000000000332e-02 4.009599999999999970e-02 5.953293314978807449e+09 1.546504647314719200e+09 4.406788667664088249e+09 5.100912239999949932e+08
2.516699999999999840e-02 3.511100000000000332e-02 4.509300000000000114e-02 1.016388749350142860e+10 5.757098825837340355e+09 4.406788667664088249e+09 5.773438079999469519e+08
2.516699999999999840e-02 3.511100000000000332e-02 5.009299999999999864e-02 1.206455743786859131e+10 7.657768770204503059e+09 4.406788667664088249e+09 6.383262960004780293e+08
2.516699999999999840e-02 3.511100000000000332e-02 5.507800000000000196e-02 1.318103567325130844e+10 8.774247005587219238e+09 4.406788667664088249e+09 6.876214639997309446e+08
2.516699999999999840e-02 3.511100000000000332e-02 6.006700000000000234e-02 1.169928433276164246e+10 7.292495665097554207e+09 4.406788667664088249e+09 3.960007099999470115e+08
2.516699999999999840e-02 3.511100000000000332e-02 6.505900000000000571e-02 2.098679194242717743e+09 -2.308109473421370506e+09 4.406788667664088249e+09 1.911661399996599928e+07
2.516699999999999840e-02 4.009599999999999970e-02 4.009599999999999970e-02 5.487108829453347206e+09 1.080320161789258957e+09 4.406788667664088249e+09 5.814369360001709461e+08
2.516699999999999840e-02 4.009599999999999970e-02 4.509300000000000114e-02 1.158270265462941551e+10 7.175913986965327263e+09 4.406788667664088249e+09 6.581643600003110170e+08
2.516699999999999840e-02 4.009599999999999970e-02 5.009299999999999864e-02 1.007428525710119629e+10 5.667496589437108040e+09 4.406788667664088249e+09 7.276265039996880293e+08
2.516699999999999840e-02 4.009599999999999970e-02 5.507800000000000196e-02 1.357198201585903549e+10 9.165193348194946289e+09 4.406788667664088249e+09 7.991880000000079870e+08
2.516699999999999840e-02 4.009599999999999970e-02 6.006700000000000234e-02 1.284905767935037041e+10 8.442269011686282158e+09 4.406788667664088249e+09 8.567492479998140335e+08
2.516699999999999840e-02 4.009599999999999970e-02 6.505900000000000571e-02 1.127776752049777222e+10 6.870978852833683968e+09 4.406788667664088249e+09 4.880928560000910163e+08
2.516699999999999840e-02 4.009599999999999970e-02 7.005400000000000515e-02 1.682938351149754143e+10 1.242259484383345413e+10 4.406788667664088249e+09 2.338491199984100088e+07
2.516699999999999840e-02 4.509300000000000114e-02 4.509300000000000114e-02 6.853033580652268410e+09 2.446244912988180161e+09 4.406788667664088249e+09 7.449065999999649525e+08
2.516699999999999840e-02 4.509300000000000114e-02 5.009299999999999864e-02 1.199008342004976845e+10 7.583294752385680199e+09 4.406788667664088249e+09 8.236081439999649525e+08
2.516699999999999840e-02 4.509300000000000114e-02 5.507800000000000196e-02 1.214637877811133957e+10 7.739590110447251320e+09 4.406788667664088249e+09 9.045698879992309809e+08
2.516699999999999840e-02 4.509300000000000114e-02 6.006700000000000234e-02 8.929422524379360199e+09 4.522633856715271950e+09 4.406788667664088249e+09 9.887284800003709793e+08
2.516699999999999840e-02 4.509300000000000114e-02 6.505900000000000571e-02 1.182513397632373047e+10 7.418345308659642220e+09 4.406788667664088249e+09 1.049453581999884963e+09
2.516699999999999840e-02 4.509300000000000114e-02 7.005400000000000515e-02 1.334043801331816864e+10 8.933649345654079437e+09 4.406788667664088249e+09 5.967729200000469685e+08
2.516699999999999840e-02 4.509300000000000114e-02 7.505299999999999472e-02 1.281097922162216568e+10 8.404190553958077431e+09 4.406788667664088249e+09 2.872398200006600097e+07
2.516699999999999840e-02 5.009299999999999864e-02 5.009299999999999864e-02 1.250198584338485146e+10 8.095197175720763206e+09 4.406788667664088249e+09 9.105334319991309643e+08
2.516699999999999840e-02 5.009299999999999864e-02 5.507800000000000196e-02 1.074053585014409637e+10 6.333747182480008125e+09 4.406788667664088249e+09 1.000101167999572992e+09
2.516699999999999840e-02 5.009299999999999864e-02 6.006700000000000234e-02 1.070065441103041458e+10 6.293865743366326332e+09 4.406788667664088249e+09 1.093109592000116110e+09
2.516699999999999840e-02 5.009299999999999864e-02 6.505900000000000571e-02 1.120941855293363380e+10 6.802629885269545555e+09 4.406788667664088249e+09 1.182999143999984026e+09
2.516699999999999840e-02 5.009299999999999864e-02 7.005400000000000515e-02 1.346902666637438774e+10 9.062237998710300446e+09 4.406788667664088249e+09 1.252147688000034094e+09
2.516699999999999840e-02 5.009299999999999864e-02 7.505299999999999472e-02 9.202620678233055115e+09 4.795832010568966866e+09 4.406788667664088249e+09 7.075408459999480247e+08
2.516699999999999840e-02 5.009299999999999864e-02 8.005400000000000016e-02 1.165910408756034470e+10 7.252315419896256447e+09 4.406788667664088249e+09 3.372447799999800324e+07
2.516699999999999840e-02 5.507800000000000196e-02 5.507800000000000196e-02 1.397780328613591194e+10 9.571014618471824646e+09 4.406788667664088249e+09 1.098434640000705957e+09
2.516699999999999840e-02 5.507800000000000196e-02 6.006700000000000234e-02 8.874312622392827988e+09 4.467523954728739738e+09 4.406788667664088249e+09 1.200639575999572039e+09
2.516699999999999840e-02 5.507800000000000196e-02 6.505900000000000571e-02 9.864017431707695007e+09 5.457228764043606758e+09 4.406788667664088249e+09 1.299350207999922991e+09
2.516699999999999840e-02 5.507800000000000196e-02 7.005400000000000515e-02 1.137165817003889275e+10 6.964869502374804497e+09 4.406788667664088249e+09 1.401734903999757051e+09
2.516699999999999840e-02 5.507800000000000196e-02 7.505299999999999472e-02 1.063720825133080101e+10 6.230419583666712761e+09 4.406788667664088249e+09 1.472995471999675035e+09
2.516699999999999840e-02 5.507800000000000196e-02 8.005400000000000016e-02 1.122407566632623291e+10 6.817286998662144661e+09 4.406788667664088249e+09 8.262009439997210503e+08
2.516699999999999840e-02 6.006700000000000234e-02 6.006700000000000234e-02 8.506612380071812630e+09 4.099823712407724380e+09 4.406788667664088249e+09 1.312266864000689983e+09
2.516699999999999840e-02 6.006700000000000234e-02 6.505900000000000571e-02 1.019084434200800705e+10 5.784055674343918800e+09 4.406788667664088249e+09 1.420204248000092030e+09
2.516699999999999840e-02 6.006700000000000234e-02 7.005400000000000515e-02 9.698325617566188812e+09 5.291536949902100563e+09 4.406788667664088249e+09 1.532142288000837088e+09
2.516699999999999840e-02 6.006700000000000234e-02 7.505299999999999472e-02 9.422184711576185226e+09 5.015396043912096977e+09 4.406788667664088249e+09 1.641309144000699043e+09
2.516699999999999840e-02 6.006700000000000234e-02 8.005400000000000016e-02 8.622721654227373123e+09 4.215932986563284874e+09 4.406788667664088249e+09 1.717701374000344992e+09
2.516699999999999840e-02 6.505900000000000571e-02 6.505900000000000571e-02 9.763647677061695099e+09 5.356859009397606850e+09 4.406788667664088249e+09 1.536936023999586105e+09
2.516699999999999840e-02 6.505900000000000571e-02 7.005400000000000515e-02 9.071805976160179138e+09 4.665017308496090889e+09 4.406788667664088249e+09 1.658120736000082970e+09
2.516699999999999840e-02 6.505900000000000571e-02 7.505299999999999472e-02 8.952837940124721527e+09 4.546049272460633278e+09 4.406788667664088249e+09 1.776244440002578020e+09
2.516699999999999840e-02 6.505900000000000571e-02 8.005400000000000016e-02 1.019635884463287163e+10 5.789570176968783379e+09 4.406788667664088249e+09 1.895759352000235081e+09
2.516699999999999840e-02 7.005400000000000515e-02 7.005400000000000515e-02 1.171330283518390656e+10 7.306514167519818306e+09 4.406788667664088249e+09 1.788815232000153065e+09
2.516699999999999840e-02 7.005400000000000515e-02 7.505299999999999472e-02 1.054903776986882973e+10 6.142249102204741478e+09 4.406788667664088249e+09 1.916308007998491049e+09
2.516699999999999840e-02 7.005400000000000515e-02 8.005400000000000016e-02 8.786494066158390045e+09 4.379705398494301796e+09 4.406788667664088249e+09 2.045192496001319885e+09
2.516699999999999840e-02 7.505299999999999472e-02 7.505299999999999472e-02 1.215943244285960197e+10 7.752643775195513725e+09 4.406788667664088249e+09 2.052811008001418114e+09
2.516699999999999840e-02 7.505299999999999472e-02 8.005400000000000016e-02 9.694628734161014557e+09 5.287840066496926308e+09 4.406788667664088249e+09 2.190946799999898911e+09
2.516699999999999840e-02 8.005400000000000016e-02 8.005400000000000016e-02 8.035425318142596245e+09 3.628636650478507996e+09 4.406788667664088249e+09 2.338292520001566887e+09
3.013700000000000059e-02 3.013700000000000059e-02 3.013700000000000059e-02 3.516585783359858036e+09 -8.902028843042302132e+08 4.406788667664088249e+09 3.865149119999359846e+08
3.013700000000000059e-02 3.013700000000000059e-02 3.511100000000000332e-02 1.181239974690226173e+10 7.405611079238173485e+09 4.406788667664088249e+09 4.534245120000950098e+08
3.013700000000000059e-02 3.013700000000000059e-02 4.009599999999999970e-02 5.971601554296630859e+09 1.564812886632542610e+09 4.406788667664088249e+09 5.168458320000410080e+08
3.013700000000000059e-02 3.013700000000000059e-02 4.509300000000000114e-02 1.051612635358817101e+10 6.109337685924082756e+09 4.406788667664088249e+09 5.850143039999669790e+08
3.013700000000000059e-02 3.013700000000000059e-02 5.009299999999999864e-02 6.682848598565954208e+09 2.276059930901865959e+09 4.406788667664088249e+09 6.467974079999779463e+08
3.013700000000000059e-02 3.013700000000000059e-02 5.507800000000000196e-02 1.267412172279366875e+10 8.267333055129580498e+09 4.406788667664088249e+09 6.972016139999849796e+08
3.013700000000000059e-02 3.013700000000000059e-02 6.006700000000000234e-02 1.454448251488044930e+10 1.013769384721636200e+10 4.406788667664088249e+09 4.015758980000860095e+08
3.013700000000000059e-02 3.013700000000000059e-02 6.505900000000000571e-02 9.659890618345411301e+09 5.253101950681323051e+09 4.406788667664088249e+09 1.889304599998199940e+07
3.013700000000000059e-02 3.511100000000000332e-02 3.511100000000000332e-02 1.148004819956374550e+10 7.073259531899657249e+09 4.406788667664088249e+09 5.318893680004670024e+08
3.013700000000000059e-02 3.511100000000000332e-02 4.009599999999999970e-02 1.062304743302804565e+10 6.216258765363957405e+09 4.406788667664088249e+09 6.063512159998300076e+08
3.013700000000000059e-02 3.511100000000000332e-02 4.509300000000000114e-02 1.007479133607600784e+10 5.668002668411919594e+09 4.406788667664088249e+09 6.862948080002080202e+08
3.013700000000000059e-02 3.511100000000000332e-02 5.009299999999999864e-02 8.712054776590166092e+09 4.305266108926077843e+09 4.406788667664088249e+09 7.587545520000460148e+08
3.013700000000000059e-02 3.511100000000000332e-02 5.507800000000000196e-02 1.141915709863290787e+10 7.012368430968819618e+09 4.406788667664088249e+09 8.333740560002620220e+08
3.013700000000000059e-02 3.511100000000000332e-02 6.006700000000000234e-02 9.735806082705871582e+09 5.329017415041783333e+09 4.406788667664088249e+09 8.935545259997980595e+08
3.013700000000000059e-02 3.511100000000000332e-02 6.505900000000000571e-02 9.545724290429149628e+09 5.138935622765061378e+09 4.406788667664088249e+09 5.079831700003380179e+08
3.013700000000000059e-02 3.511100000000000332e-02 7.005400000000000515e-02 1.299875961266348076e+10 8.591970944999393463e+09 4.406788667664088249e+09 2.390962199994000047e+07
3.013700000000000059e-02 4.009599999999999970e-02 4.009599999999999970e-02 1.002099005872009468e+10 5.614201391056006432e+09 4.406788667664088249e+09 6.911643120001610518e+08
3.013700000000000059e-02 4.009599999999999970e-02 4.509300000000000114e-02 7.234532429176408768e+09 2.827743761512320518e+09 4.406788667664088249e+09 7.823071200000749826e+08
3.013700000000000059e-02 4.009599999999999970e-02 5.009299999999999864e-02 1.199541563451884079e+10 7.588626966854752541e+09 4.406788667664088249e+09 8.649248160003019571e+08
3.013700000000000059e-02 4.009599999999999970e-02 5.507800000000000196e-02 8.372505345094767570e+09 3.965716677430679321e+09 4.406788667664088249e+09 9.499678800000000000e+08
3.013700000000000059e-02 4.009599999999999970e-02 6.006700000000000234e-02 1.041905535310325623e+10 6.012266685439167976e+09 4.406788667664088249e+09 1.038332688000051022e+09
3.013700000000000059e-02 4.009599999999999970e-02 6.505900000000000571e-02 1.136601920418235970e+10 6.959230536518271446e+09 4.406788667664088249e+09 1.102417334000984907e+09
3.013700000000000059e-02 4.009599999999999970e-02 7.005400000000000515e-02 1.380875001754056168e+10 9.401961349876472473e+09 4.406788667664088249e+09 6.236142639998229742e+08
3.013700000000000059e-02 4.009599999999999970e-02 7.505299999999999472e-02 1.232786407575542259e+10 7.921075408091334343e+09 4.406788667664088249e+09 2.882988599988099933e+07
3.013700000000000059e-02 4.509300000000000114e-02 4.509300000000000114e-02 8.280764523806842804e+09 3.873975856142754555e+09 4.406788667664088249e+09 8.854844160006330013e+08
3.013700000000000059e-02 4.509300000000000114e-02 5.009299999999999864e-02 9.716338598266750336e+09 5.309549930602662086e+09 4.406788667664088249e+09 9.789619680000669956e+08
3.013700000000000059e-02 4.509300000000000114e-02 5.507800000000000196e-02 1.031610668291560936e+10 5.909318015251521111e+09 4.406788667664088249e+09 1.075272959999979019e+09
3.013700000000000059e-02 4.509300000000000114e-02 6.006700000000000234e-02 1.072467690301477051e+10 6.317888235350682259e+09 4.406788667664088249e+09 1.175267688000288010e+09
3.013700000000000059e-02 4.509300000000000114e-02 6.505900000000000571e-02 1.118128028300765038e+10 6.774491615343562126e+09 4.406788667664088249e+09 1.271895024000432014e+09
3.013700000000000059e-02 4.509300000000000114e-02 7.005400000000000515e-02 9.170382779938186646e+09 4.763594112274098396e+09 4.406788667664088249e+09 1.345892366000088930e+09
3.013700000000000059e-02 4.509300000000000114e-02 7.505299999999999472e-02 1.072568653843548203e+10 6.318897870771393776e+09 4.406788667664088249e+09 7.563282340003370047e+08
3.013700000000000059e-02 4.509300000000000114e-02 8.005400000000000016e-02 1.145978704820155907e+10 7.052998380537470818e+09 4.406788667664088249e+09 3.525307800006599724e+07
3.013700000000000059e-02 5.009299999999999864e-02 5.009299999999999864e-02 1.051775778183633423e+10 6.110969114172245979e+09 4.406788667664088249e+09 1.082356680000056982e+09
3.013700000000000059e-02 5.009299999999999864e-02 5.507800000000000196e-02 1.139730217434245300e+10 6.990513506678364754e+09 4.406788667664088249e+09 1.188781559999631882e+09
3.013700000000000059e-02 5.009299999999999864e-02 6.006700000000000234e-02 1.113650312718497467e+10 6.729714459520886421e+09 4.406788667664088249e+09 1.299376919999839067e+09
3.013700000000000059e-02 5.009299999999999864e-02 6.505900000000000571e-02 8.007559910468423843e+09 3.600771242804335594e+09 4.406788667664088249e+09 1.406190647999434948e+09
3.013700000000000059e-02 5.009299999999999864e-02 7.005400000000000515e-02 8.470597479142036438e+09 4.063808811477948189e+09 4.406788667664088249e+09 1.517039472000941038e+09
3.013700000000000059e-02 5.009299999999999864e-02 7.505299999999999472e-02 1.110057803424158669e+10 6.693789366577498436e+09 4.406788667664088249e+09 1.594565774000245094e+09
3.013700000000000059e-02 5.009299999999999864e-02 8.005400000000000016e-02 9.079326681581417084e+09 4.672538013917328835e+09 4.406788667664088249e+09 8.930238580009219646e+08
3.013700000000000059e-02 5.507800000000000196e-02 5.507800000000000196e-02 1.210384257902639008e+10 7.697053911362301826e+09 4.406788667664088249e+09 1.305718055998749018e+09
3.013700000000000059e-02 5.507800000000000196e-02 6.006700000000000234e-02 8.794360797665824890e+09 4.387572130001736641e+09 4.406788667664088249e+09 1.427130551999443054e+09
3.013700000000000059e-02 5.507800000000000196e-02 6.505900000000000571e-02 8.506569238970495224e+09 4.099780571306406975e+09 4.406788667664088249e+09 1.544492927999855995e+09
3.013700000000000059e-02 5.507800000000000196e-02 7.005400000000000515e-02 9.854095704224109650e+09 5.447307036560021400e+09 4.406788667664088249e+09 1.666239911999967098e+09
3.013700000000000059e-02 5.507800000000000196e-02 7.505299999999999472e-02 1.060261540714040756e+10 6.195826739476319313e+09 4.406788667664088249e+09 1.784974872000366926e+09
3.013700000000000059e-02 5.507800000000000196e-02 8.005400000000000016e-02 1.142390633462975693e+10 7.017117666965668678e+09 4.406788667664088249e+09 1.868681246000250101e+09
3.013700000000000059e-02 6.006700000000000234e-02 6.006700000000000234e-02 6.398138652015339851e+09 1.991349984351251602e+09 4.406788667664088249e+09 1.559906351999557018e+09
3.013700000000000059e-02 6.006700000000000234e-02 6.505900000000000571e-02 1.026953216219649506e+10 5.862743494532406807e+09 4.406788667664088249e+09 1.688148815999921083e+09
3.013700000000000059e-02 6.006700000000000234e-02 7.005400000000000515e-02 7.846039822044892311e+09 3.439251154380804062e+09 4.406788667664088249e+09 1.821217295999736071e+09
3.013700000000000059e-02 6.006700000000000234e-02 7.505299999999999472e-02 8.548570465957082748e+09 4.141781798292994499e+09 4.406788667664088249e+09 1.950989208000487089e+09
3.013700000000000059e-02 6.006700000000000234e-02 8.005400000000000016e-02 8.452299005782020569e+09 4.045510338117932320e+09 4.406788667664088249e+09 2.082223463998945951e+09
3.013700000000000059e-02 6.505900000000000571e-02 6.505900000000000571e-02 9.055684908211868286e+09 4.648896240547780037e+09 4.406788667664088249e+09 1.826957712001085043e+09
3.013700000000000059e-02 6.505900000000000571e-02 7.005400000000000515e-02 9.116573333697008133e+09 4.709784666032919884e+09 4.406788667664088249e+09 1.970950535998739004e+09
3.013700000000000059e-02 6.505900000000000571e-02 7.505299999999999472e-02 9.779512152591598511e+09 5.372723484927510262e+09 4.406788667664088249e+09 2.111404560000195980e+09
3.013700000000000059e-02 6.505900000000000571e-02 8.005400000000000016e-02 8.720902339019418716e+09 4.314113671355330467e+09 4.406788667664088249e+09 2.253458639999443054e+09
3.013700000000000059e-02 7.005400000000000515e-02 7.005400000000000515e-02 1.097440785183757210e+10 6.567619184173483849e+09 4.406788667664088249e+09 2.126354064001395941e+09
3.013700000000000059e-02 7.005400000000000515e-02 7.505299999999999472e-02 9.864054573826148987e+09 5.457265906162060738e+09 4.406788667664088249e+09 2.277825359999491215e+09
3.013700000000000059e-02 7.005400000000000515e-02 8.005400000000000016e-02 9.451940867843128204e+09 5.045152200179039955e+09 4.406788667664088249e+09 2.431064712000401974e+09
3.013700000000000059e-02 7.505299999999999472e-02 7.505299999999999472e-02 7.726752167282293320e+09 3.319963499618205070e+09 4.406788667664088249e+09 2.440164455999917984e+09
3.013700000000000059e-02 7.505299999999999472e-02 8.005400000000000016e-02 9.146965389218954086e+09 4.740176721554865837e+09 4.406788667664088249e+09 2.604297983999668121e+09
3.013700000000000059e-02 8.005400000000000016e-02 8.005400000000000016e-02 8.829215100759201050e+09 4.422426433095112801e+09 4.406788667664088249e+09 2.779506600000394821e+09
3.511100000000000332e-02 3.511100000000000332e-02 3.511100000000000332e-02 1.578588128138039207e+10 1.137909261371630478e+10 4.406788667664088249e+09 6.240069599997040033e+08
3.511100000000000332e-02 3.511100000000000332e-02 4.009599999999999970e-02 8.093385486504706383e+09 3.686596818840618134e+09 4.406788667664088249e+09 7.113108000000870228e+08
3.511100000000000332e-02 3.511100000000000332e-02 4.509300000000000114e-02 9.574277238940509796e+09 5.167488571276421547e+09 4.406788667664088249e+09 8.051075519999029636e+08
3.511100000000000332e-02 3.511100000000000332e-02 5.009299999999999864e-02 8.426113937122984886e+09 4.019325269458896637e+09 4.406788667664088249e+09 8.901064079999649525e+08
3.511100000000000332e-02 3.511100000000000332e-02 5.507800000000000196e-02 1.044428835263965034e+10 6.037499684975562096e+09 4.406788667664088249e+09 9.776655359995440245e+08
3.511100000000000332e-02 3.511100000000000332e-02 6.006700000000000234e-02 7.964502188267179489e+09 3.557713520603091240e+09 4.406788667664088249e+09 1.068586392000002980e+09
3.511100000000000332e-02 3.511100000000000332e-02 6.505900000000000571e-02 6.953815353543250084e+09 2.547026685879161835e+09 4.406788667664088249e+09 1.133937221999054909e+09
3.511100000000000332e-02 3.511100000000000332e-02 7.005400000000000515e-02 1.159333465829739952e+10 7.186545990633311272e+09 4.406788667664088249e+09 6.400163099997999668e+08
3.511100000000000332e-02 3.511100000000000332e-02 7.505299999999999472e-02 3.984659939532581806e+09 -4.221287281315064430e+08 4.406788667664088249e+09 2.983127400000299886e+07
3.511100000000000332e-02 4.009599999999999970e-02 4.009599999999999970e-02 9.943277465014560699e+09 5.536488797350472450e+09 4.406788667664088249e+09 8.108013599999779463e+08
3.511100000000000332e-02 4.009599999999999970e-02 4.509300000000000114e-02 7.806290413702320099e+09 3.399501746038231850e+09 4.406788667664088249e+09 9.177481680006179810e+08
3.511100000000000332e-02 4.009599999999999970e-02 5.009299999999999864e-02 1.208055751512681770e+10 7.673768847462729454e+09 4.406788667664088249e+09 1.014654480000856996e+09
3.511100000000000332e-02 4.009599999999999970e-02 5.507800000000000196e-02 1.021517302278401184e+10 5.808384355119923592e+09 4.406788667664088249e+09 1.114424855999201059e+09
3.511100000000000332e-02 4.009599999999999970e-02 6.006700000000000234e-02 1.071498742911515808e+10 6.308198761451069832e+09 4.406788667664088249e+09 1.218094464000114918e+09
3.511100000000000332e-02 4.009599999999999970e-02 6.505900000000000571e-02 9.898591369298837662e+09 5.491802701634749413e+09 4.406788667664088249e+09 1.318242215999865055e+09
3.511100000000000332e-02 4.009599999999999970e-02 7.005400000000000515e-02 8.148097038247064590e+09 3.741308370582976341e+09 4.406788667664088249e+09 1.394351231999993086e+09
3.511100000000000332e-02 4.009599999999999970e-02 7.505299999999999472e-02 9.826712447824581146e+09 5.419923780160492897e+09 4.406788667664088249e+09 7.793539020002830029e+08
3.511100000000000332e-02 4.009599999999999970e-02 8.005400000000000016e-02 9.945127065691802979e+09 5.538338398027714729e+09 4.406788667664088249e+09 3.578513399976000190e+07
3.511100000000000332e-02 4.509300000000000114e-02 4.509300000000000114e-02 9.288521421370197296e+09 4.881732753706109047e+09 4.406788667664088249e+09 1.038780744000193954e+09
3.511100000000000332e-02 4.509300000000000114e-02 5.009299999999999864e-02 1.137097640082125282e+10 6.964187733157164574e+09 4.406788667664088249e+09 1.148461055999532938e+09
3.511100000000000332e-02 4.509300000000000114e-02 5.507800000000000196e-02 7.941856935034677505e+09 3.535068267370589256e+09 4.406788667664088249e+09 1.261411272000641108e+09
3.511100000000000332e-02 4.509300000000000114e-02 6.006700000000000234e-02 1.015315838668905830e+10 5.746369719024970055e+09 4.406788667664088249e+09 1.378722072000015020e+09
3.511100000000000332e-02 4.509300000000000114e-02 6.505900000000000571e-02 1.005263923475912666e+10 5.645850567095038414e+09 4.406788667664088249e+09 1.492096007999490023e+09
3.511100000000000332e-02 4.509300000000000114e-02 7.005400000000000515e-02 1.074088084806208611e+10 6.334092180397997856e+09 4.406788667664088249e+09 1.609704600000276089e+09
3.511100000000000332e-02 4.509300000000000114e-02 7.505299999999999472e-02 1.057984648525826263e+10 6.173057817594174385e+09 4.406788667664088249e+09 1.690347005999058008e+09
3.511100000000000332e-02 4.509300000000000114e-02 8.005400000000000016e-02 1.137623156062464905e+10 6.969442892960560799e+09 4.406788667664088249e+09 9.413331540005520582e+08
3.511100000000000332e-02 5.009299999999999864e-02 5.009299999999999864e-02 1.089763752895674706e+10 6.490848861292658806e+09 4.406788667664088249e+09 1.269716447999648094e+09
3.511100000000000332e-02 5.009299999999999864e-02 5.507800000000000196e-02 9.316943237708272934e+09 4.910154570044184685e+09 4.406788667664088249e+09 1.394591808000230074e+09
3.511100000000000332e-02 5.009299999999999864e-02 6.006700000000000234e-02 1.060249298321138573e+10 6.195704315547297478e+09 4.406788667664088249e+09 1.524312623999741077e+09
3.511100000000000332e-02 5.009299999999999864e-02 6.505900000000000571e-02 9.925432683110723495e+09 5.518644015446635246e+09 4.406788667664088249e+09 1.649646384000170946e+09
3.511100000000000332e-02 5.009299999999999864e-02 7.005400000000000515e-02 9.263827518665454865e+09 4.857038851001366615e+09 4.406788667664088249e+09 1.779665424001391888e+09
3.511100000000000332e-02 5.009299999999999864e-02 7.505299999999999472e-02 8.586072058387109756e+09 4.179283390723021507e+09 4.406788667664088249e+09 1.906494047998939991e+09
3.511100000000000332e-02 5.009299999999999864e-02 8.005400000000000016e-02 1.021928786855927658e+10 5.812499200895188332e+09 4.406788667664088249e+09 1.995116646000653982e+09
3.511100000000000332e-02 5.507800000000000196e-02 5.507800000000000196e-02 1.133962740187103081e+10 6.932838734206942558e+09 4.406788667664088249e+09 1.531750968000525951e+09
3.511100000000000332e-02 5.507800000000000196e-02 6.006700000000000234e-02 8.089351370725079536e+09 3.682562703060991287e+09 4.406788667664088249e+09 1.674220655999749899e+09
3.511100000000000332e-02 5.507800000000000196e-02 6.505900000000000571e-02 8.820193245412689209e+09 4.413404577748600960e+09 4.406788667664088249e+09 1.811853048000394106e+09
3.511100000000000332e-02 5.507800000000000196e-02 7.005400000000000515e-02 9.965762165391845703e+09 5.558973497727757454e+09 4.406788667664088249e+09 1.954708440000423908e+09
3.511100000000000332e-02 5.507800000000000196e-02 7.505299999999999472e-02 8.901024214781803131e+09 4.494235547117714882e+09 4.406788667664088249e+09 2.093979311999345064e+09
3.511100000000000332e-02 5.507800000000000196e-02 8.005400000000000016e-02 1.118118498996825027e+10 6.774396322304162025e+09 4.406788667664088249e+09 2.234846328002193928e+09
3.511100000000000332e-02 6.006700000000000234e-02 6.006700000000000234e-02 8.697065656896135330e+09 4.290276989232047081e+09 4.406788667664088249e+09 1.829938703999519110e+09
3.511100000000000332e-02 6.006700000000000234e-02 6.505900000000000571e-02 9.183836579794723511e+09 4.777047912130635262e+09 4.406788667664088249e+09 1.980396048001446962e+09
3.511100000000000332e-02 6.006700000000000234e-02 7.005400000000000515e-02 6.600394891730544090e+09 2.193606224066455841e+09 4.406788667664088249e+09 2.136517727999906063e+09
3.511100000000000332e-02 6.006700000000000234e-02 7.505299999999999472e-02 1.033588126197174072e+10 5.929092594307652473e+09 4.406788667664088249e+09 2.288754431999949932e+09
3.511100000000000332e-02 6.006700000000000234e-02 8.005400000000000016e-02 8.534912973834713936e+09 4.128124306170625687e+09 4.406788667664088249e+09 2.442705576001217842e+09
3.511100000000000332e-02 6.505900000000000571e-02 6.505900000000000571e-02 1.088484785515818405e+10 6.478059187494095802e+09 4.406788667664088249e+09 2.143217808000030994e+09
3.511100000000000332e-02 6.505900000000000571e-02 7.005400000000000515e-02 8.670681573238159180e+09 4.263892905574070930e+09 4.406788667664088249e+09 2.312177928000220776e+09
3.511100000000000332e-02 6.505900000000000571e-02 7.505299999999999472e-02 1.068096862709586525e+10 6.274179959431777000e+09 4.406788667664088249e+09 2.476948656000038147e+09
3.511100000000000332e-02 6.505900000000000571e-02 8.005400000000000016e-02 7.724464490494839668e+09 3.317675822830751419e+09 4.406788667664088249e+09 2.643545063997875214e+09
3.511100000000000332e-02 7.005400000000000515e-02 7.005400000000000515e-02 9.646606446847656250e+09 5.239817779183568001e+09 4.406788667664088249e+09 2.494423080000230789e+09
3.511100000000000332e-02 7.005400000000000515e-02 7.505299999999999472e-02 9.694590718224706650e+09 5.287802050560618401e+09 4.406788667664088249e+09 2.672178696001245022e+09
3.511100000000000332e-02 7.005400000000000515e-02 8.005400000000000016e-02 9.392294339066699982e+09 4.985505671402611732e+09 4.406788667664088249e+09 2.851930127998181820e+09
3.511100000000000332e-02 7.505299999999999472e-02 7.505299999999999472e-02 8.359390943910236359e+09 3.952602276246148109e+09 4.406788667664088249e+09 2.862578231998107910e+09
3.511100000000000332e-02 7.505299999999999472e-02 8.005400000000000016e-02 9.487630771912706375e+09 5.080842104248618126e+09 4.406788667664088249e+09 3.055143792000632763e+09
3.511100000000000332e-02 8.005400000000000016e-02 8.005400000000000016e-02 8.200607801125412941e+09 3.793819133461324692e+09 4.406788667664088249e+09 3.260713943999304771e+09
4.009599999999999970e-02 4.009599999999999970e-02 4.009599999999999970e-02 3.610234558452485085e+09 -7.965541092116031647e+08 4.406788667664088249e+09 9.242796239999970198e+08
4.009599999999999970e-02 4.009599999999999970e-02 4.509300000000000114e-02 9.376878738592824936e+09 4.970090070928736687e+09 4.406788667664088249e+09 1.046139072000404000e+09
4.009599999999999970e-02 4.009599999999999970e-02 5.009299999999999864e-02 1.060621999333779144e+10 6.199431325673703194e+09 4.406788667664088249e+09 1.156595472000622034e+09
4.009599999999999970e-02 4.009599999999999970e-02 5.507800000000000196e-02 1.021464829795919228e+10 5.807859630295104027e+09 4.406788667664088249e+09 1.270368911999854088e+09
4.009599999999999970e-02 4.009599999999999970e-02 6.006700000000000234e-02 9.191697399616888046e+09 4.784908731952799797e+09 4.406788667664088249e+09 1.388523767999989986e+09
4.009599999999999970e-02 4.009599999999999970e-02 6.505900000000000571e-02 6.511022047756925583e+09 2.104233380092837334e+09 4.406788667664088249e+09 1.502679768000087023e+09
4.009599999999999970e-02 4.009599999999999970e-02 7.005400000000000515e-02 6.265245961568648338e+09 1.858457293904560089e+09 4.406788667664088249e+09 1.621120415999490976e+09
4.009599999999999970e-02 4.009599999999999970e-02 7.505299999999999472e-02 9.046430716682142258e+09 4.639642049018054008e+09 4.406788667664088249e+09 1.702542023998970985e+09
4.009599999999999970e-02 4.009599999999999970e-02 8.005400000000000016e-02 1.015486807438722610e+10 5.748079406723137856e+09 4.406788667664088249e+09 9.450899999997949600e+08
4.009599999999999970e-02 4.509300000000000114e-02 4.509300000000000114e-02 8.453734431247347832e+09 4.046945763583259583e+09 4.406788667664088249e+09 1.184115263999349117e+09
4.009599999999999970e-02 4.509300000000000114e-02 5.009299999999999864e-02 9.856978768974332809e+09 5.450190101310244560e+09 4.406788667664088249e+09 1.309131143999515057e+09
4.009599999999999970e-02 4.509300000000000114e-02 5.507800000000000196e-02 8.218027547308548927e+09 3.811238879644460678e+09 4.406788667664088249e+09 1.437886896000372887e+09
4.009599999999999970e-02 4.509300000000000114e-02 6.006700000000000234e-02 9.276306545890462875e+09 4.869517878226374626e+09 4.406788667664088249e+09 1.571622839999254942e+09
4.009599999999999970e-02 4.509300000000000114e-02 6.505900000000000571e-02 9.318987435361808777e+09 4.912198767697720528e+09 4.406788667664088249e+09 1.700852471998408079e+09
4.009599999999999970e-02 4.509300000000000114e-02 7.005400000000000515e-02 8.710251034273778915e+09 4.303462366609690666e+09 4.406788667664088249e+09 1.834914216000420094e+09
4.009599999999999970e-02 4.509300000000000114e-02 7.505299999999999472e-02 9.158387479130813599e+09 4.751598811466725349e+09 4.406788667664088249e+09 1.965671927999752998e+09
4.009599999999999970e-02 4.509300000000000114e-02 8.005400000000000016e-02 8.620297540858631134e+09 4.213508873194542885e+09 4.406788667664088249e+09 2.056147925999456882e+09
4.009599999999999970e-02 5.009299999999999864e-02 5.009299999999999864e-02 8.554126362209615707e+09 4.147337694545527458e+09 4.406788667664088249e+09 1.447380024000715017e+09
4.009599999999999970e-02 5.009299999999999864e-02 5.507800000000000196e-02 7.999269439189762115e+09 3.592480771525673866e+09 4.406788667664088249e+09 1.589715239999994993e+09
4.009599999999999970e-02 5.009299999999999864e-02 6.006700000000000234e-02 8.621455182384458542e+09 4.214666514720370293e+09 4.406788667664088249e+09 1.737561263997915030e+09
4.009599999999999970e-02 5.009299999999999864e-02 6.505900000000000571e-02 8.937489248620121002e+09 4.530700580956032753e+09 4.406788667664088249e+09 1.880414136001007080e+09
4.009599999999999970e-02 5.009299999999999864e-02 7.005400000000000515e-02 8.963984911531646729e+09 4.557196243867558479e+09 4.406788667664088249e+09 2.028672119999295950e+09
4.009599999999999970e-02 5.009299999999999864e-02 7.505299999999999472e-02 9.039973043480710983e+09 4.633184375816622734e+09 4.406788667664088249e+09 2.173211135999361038e+09
4.009599999999999970e-02 5.009299999999999864e-02 8.005400000000000016e-02 9.416252665182619095e+09 5.009463997518530846e+09 4.406788667664088249e+09 2.319418367999023914e+09
4.009599999999999970e-02 5.507800000000000196e-02 5.507800000000000196e-02 6.464285160787399292e+09 2.057496493123311043e+09 4.406788667664088249e+09 1.746027024000541925e+09
4.009599999999999970e-02 5.507800000000000196e-02 6.006700000000000234e-02 8.960075214452651978e+09 4.553286546788563728e+09 4.406788667664088249e+09 1.908460463998975039e+09
4.009599999999999970e-02 5.507800000000000196e-02 6.505900000000000571e-02 8.699427793377784729e+09 4.292639125713696480e+09 4.406788667664088249e+09 2.065391760000158072e+09
4.009599999999999970e-02 5.507800000000000196e-02 7.005400000000000515e-02 9.098191813281253815e+09 4.691403145617165565e+09 4.406788667664088249e+09 2.228166480000292778e+09
4.009599999999999970e-02 5.507800000000000196e-02 7.505299999999999472e-02 8.839141156701835632e+09 4.432352489037747383e+09 4.406788667664088249e+09 2.386943927999178886e+09
4.009599999999999970e-02 5.507800000000000196e-02 8.005400000000000016e-02 9.510972465833461761e+09 5.104183798169373512e+09 4.406788667664088249e+09 2.547526128000967979e+09
4.009599999999999970e-02 6.006700000000000234e-02 6.006700000000000234e-02 8.767248718357933044e+09 4.360460050693844795e+09 4.406788667664088249e+09 2.085969407999494076e+09
4.009599999999999970e-02 6.006700000000000234e-02 6.505900000000000571e-02 1.094867084535989189e+10 6.541882177695803642e+09 4.406788667664088249e+09 2.257459920001277924e+09
4.009599999999999970e-02 6.006700000000000234e-02 7.005400000000000515e-02 7.641695530926019669e+09 3.234906863261931419e+09 4.406788667664088249e+09 2.435422391997816086e+09
4.009599999999999970e-02 6.006700000000000234e-02 7.505299999999999472e-02 8.964977575072916031e+09 4.558188907408827782e+09 4.406788667664088249e+09 2.608954511999845982e+09
4.009599999999999970e-02 6.006700000000000234e-02 8.005400000000000016e-02 8.040132675672357559e+09 3.633344008008269310e+09 4.406788667664088249e+09 2.784495359998663902e+09
4.009599999999999970e-02 6.505900000000000571e-02 6.505900000000000571e-02 1.035695779649359703e+10 5.950169128829508781e+09 4.406788667664088249e+09 2.443114008000349045e+09
4.009599999999999970e-02 6.505900000000000571e-02 7.005400000000000515e-02 8.333336749042450905e+09 3.926548081378362656e+09 4.406788667664088249e+09 2.635648992001555920e+09
4.009599999999999970e-02 6.505900000000000571e-02 7.505299999999999472e-02 8.086433272020482063e+09 3.679644604356393814e+09 4.406788667664088249e+09 2.823463775998916149e+09
4.009599999999999970e-02 6.505900000000000571e-02 8.005400000000000016e-02 8.020281434752812386e+09 3.613492767088724136e+09 4.406788667664088249e+09 3.013385663999827862e+09
4.009599999999999970e-02 7.005400000000000515e-02 7.005400000000000515e-02 8.984111383445693970e+09 4.577322715781605721e+09 4.406788667664088249e+09 2.843434079998734951e+09
4.009599999999999970e-02 7.005400000000000515e-02 7.505299999999999472e-02 8.637079537742141724e+09 4.230290870078053474e+09 4.406788667664088249e+09 3.046040808000026226e+09
4.009599999999999970e-02 7.005400000000000515e-02 8.005400000000000016e-02 9.158832183220689774e+09 4.752043515556601524e+09 4.406788667664088249e+09 3.250966632003726006e+09
4.009599999999999970e-02 7.505299999999999472e-02 7.505299999999999472e-02 7.956332374826806068e+09 3.549543707162717819e+09 4.406788667664088249e+09 3.263082311999060154e+09
4.009599999999999970e-02 7.505299999999999472e-02 8.005400000000000016e-02 7.283891741638121605e+09 2.877103073974033356e+09 4.406788667664088249e+09 3.482626416003767014e+09
4.009599999999999970e-02 8.005400000000000016e-02 8.005400000000000016e-02 6.635880818751463890e+09 2.229092151087375641e+09 4.406788667664088249e+09 3.716825423998037815e+09
4.509300000000000114e-02 4.509300000000000114e-02 4.509300000000000114e-02 6.083664589523772240e+09 1.676875921859683990e+09 4.406788667664088249e+09 1.340263991999602079e+09
4.509300000000000114e-02 4.509300000000000114e-02 5.009299999999999864e-02 9.623279141427114487e+09 5.216490473763026237e+09 4.406788667664088249e+09 1.481780688000293016e+09
4.509300000000000114e-02 4.509300000000000114e-02 5.507800000000000196e-02 7.192314455231537819e+09 2.785525787567449570e+09 4.406788667664088249e+09 1.627510800000478029e+09
4.509300000000000114e-02 4.509300000000000114e-02 6.006700000000000234e-02 8.552871363953047752e+09 4.146082696288959503e+09 4.406788667664088249e+09 1.778878199999825954e+09
4.509300000000000114e-02 4.509300000000000114e-02 6.505900000000000571e-02 1.148389733623027992e+10 7.077108668566191673e+09 4.406788667664088249e+09 1.925155776001319885e+09
4.509300000000000114e-02 4.509300000000000114e-02 7.005400000000000515e-02 9.156112947656347275e+09 4.749324279992259026e+09 4.406788667664088249e+09 2.076907103999382973e+09
4.509300000000000114e-02 4.509300000000000114e-02 7.505299999999999472e-02 9.954836953862775803e+09 5.548048286198687553e+09 4.406788667664088249e+09 2.224897368000353813e+09
4.509300000000000114e-02 4.509300000000000114e-02 8.005400000000000016e-02 1.112110490039848518e+10 6.714316232734396935e+09 4.406788667664088249e+09 2.374553664000133991e+09
4.509300000000000114e-02 5.009299999999999864e-02 5.009299999999999864e-02 8.494907099829406738e+09 4.088118432165318489e+09 4.406788667664088249e+09 1.638245280000545979e+09
4.509300000000000114e-02 5.009299999999999864e-02 5.507800000000000196e-02 9.046736308115947723e+09 4.639947640451859474e+09 4.406788667664088249e+09 1.799348064001631021e+09
4.509300000000000114e-02 5.009299999999999864e-02 6.006700000000000234e-02 7.803624804494454384e+09 3.396836136830366135e+09 4.406788667664088249e+09 1.966746863999006033e+09
4.509300000000000114e-02 5.009299999999999864e-02 6.505900000000000571e-02 9.313175764273921967e+09 4.906387096609833717e+09 4.406788667664088249e+09 2.128410192001049995e+09
4.509300000000000114e-02 5.009299999999999864e-02 7.005400000000000515e-02 8.527545425675817490e+09 4.120756758011729240e+09 4.406788667664088249e+09 2.296187711998754025e+09
4.509300000000000114e-02 5.009299999999999864e-02 7.505299999999999472e-02 9.998302748078372955e+09 5.591514080414284706e+09 4.406788667664088249e+09 2.459824104000146866e+09
4.509300000000000114e-02 5.009299999999999864e-02 8.005400000000000016e-02 1.071810506763705826e+10 6.311316399972970009e+09 4.406788667664088249e+09 2.625291935999817848e+09
4.509300000000000114e-02 5.507800000000000196e-02 5.507800000000000196e-02 9.074943686547441483e+09 4.668155018883353233e+09 4.406788667664088249e+09 1.976323199998521090e+09
4.509300000000000114e-02 5.507800000000000196e-02 6.006700000000000234e-02 8.622968540092874527e+09 4.216179872428786278e+09 4.406788667664088249e+09 2.160124536000173092e+09
4.509300000000000114e-02 5.507800000000000196e-02 6.505900000000000571e-02 9.728764437342519760e+09 5.321975769678431511e+09 4.406788667664088249e+09 2.337725639998804092e+09
4.509300000000000114e-02 5.507800000000000196e-02 7.005400000000000515e-02 9.036093838020856857e+09 4.629305170356768608e+09 4.406788667664088249e+09 2.522038248000117779e+09
4.509300000000000114e-02 5.507800000000000196e-02 7.505299999999999472e-02 7.606435319885885239e+09 3.199646652221796989e+09 4.406788667664088249e+09 2.701734168001109123e+09
4.509300000000000114e-02 5.507800000000000196e-02 8.005400000000000016e-02 8.206584651261495590e+09 3.799795983597407341e+09 4.406788667664088249e+09 2.883474671999676228e+09
4.509300000000000114e-02 6.006700000000000234e-02 6.006700000000000234e-02 8.933181921466575623e+09 4.526393253802487373e+09 4.406788667664088249e+09 2.361041904000266075e+09
4.509300000000000114e-02 6.006700000000000234e-02 6.505900000000000571e-02 8.980324308134147644e+09 4.573535640470059395e+09 4.406788667664088249e+09 2.555196263999581814e+09
4.509300000000000114e-02 6.006700000000000234e-02 7.005400000000000515e-02 8.927049550775148392e+09 4.520260883111060143e+09 4.406788667664088249e+09 2.756602152000776768e+09
4.509300000000000114e-02 6.006700000000000234e-02 7.505299999999999472e-02 8.501517983931348801e+09 4.094729316267260551e+09 4.406788667664088249e+09 2.953018200000607014e+09
4.509300000000000114e-02 6.006700000000000234e-02 8.005400000000000016e-02 8.489334927680541992e+09 4.082546260016453743e+09 4.406788667664088249e+09 3.151683431997623920e+09
4.509300000000000114e-02 6.505900000000000571e-02 6.505900000000000571e-02 9.790432764784082413e+09 5.383644097119994164e+09 4.406788667664088249e+09 2.765266607998764038e+09
4.509300000000000114e-02 6.505900000000000571e-02 7.005400000000000515e-02 8.357998645840049744e+09 3.951209978175961494e+09 4.406788667664088249e+09 2.983262592000781059e+09
4.509300000000000114e-02 6.505900000000000571e-02 7.505299999999999472e-02 7.352596358990117073e+09 2.945807691326028824e+09 4.406788667664088249e+09 3.195813216000102043e+09
4.509300000000000114e-02 6.505900000000000571e-02 8.005400000000000016e-02 8.534674907281333923e+09 4.127886239617245674e+09 4.406788667664088249e+09 3.410810736001678944e+09
4.509300000000000114e-02 7.005400000000000515e-02 7.005400000000000515e-02 9.032866590153505325e+09 4.626077922489417076e+09 4.406788667664088249e+09 3.218380104000019073e+09
4.509300000000000114e-02 7.005400000000000515e-02 7.505299999999999472e-02 7.825824766313371658e+09 3.419036098649283409e+09 4.406788667664088249e+09 3.447741743995409966e+09
4.509300000000000114e-02 7.005400000000000515e-02 8.005400000000000016e-02 8.374053920867322922e+09 3.967265253203234673e+09 4.406788667664088249e+09 3.679671984000422001e+09
4.509300000000000114e-02 7.505299999999999472e-02 7.505299999999999472e-02 7.764633601051255226e+09 3.357844933387166977e+09 4.406788667664088249e+09 3.693437063996722221e+09
4.509300000000000114e-02 7.505299999999999472e-02 8.005400000000000016e-02 7.065917378618516922e+09 2.659128710954428673e+09 4.406788667664088249e+09 3.941861711999724865e+09
4.509300000000000114e-02 8.005400000000000016e-02 8.005400000000000016e-02 7.651367108644701958e+09 3.244578440980613708e+09 4.406788667664088249e+09 4.207065528000178814e+09
5.009299999999999864e-02 5.009299999999999864e-02 5.009299999999999864e-02 7.882914740675196648e+09 3.476126073011108398e+09 4.406788667664088249e+09 1.811225376000199080e+09
5.009299999999999864e-02 5.009299999999999864e-02 5.507800000000000196e-02 9.078701492689527512e+09 4.671912825025439262e+09 4.406788667664088249e+09 1.989307800000493050e+09
5.009299999999999864e-02 5.009299999999999864e-02 6.006700000000000234e-02 7.241936569032582283e+09 2.835147901368494034e+09 4.406788667664088249e+09 2.174361671999122143e+09
5.009299999999999864e-02 5.009299999999999864e-02 6.505900000000000571e-02 8.871982817283445358e+09 4.465194149619357109e+09 4.406788667664088249e+09 2.353169111999980927e+09
5.009299999999999864e-02 5.009299999999999864e-02 7.005400000000000515e-02 8.894448713651090622e+09 4.487660045987002373e+09 4.406788667664088249e+09 2.538691008000429153e+09
5.009299999999999864e-02 5.009299999999999864e-02 7.505299999999999472e-02 9.551556559381515503e+09 5.144767891717427254e+09 4.406788667664088249e+09 2.719542552001112938e+09
5.009299999999999864e-02 5.009299999999999864e-02 8.005400000000000016e-02 7.673710903908534050e+09 3.266922236244445801e+09 4.406788667664088249e+09 2.902464816000516891e+09
5.009299999999999864e-02 5.507800000000000196e-02 5.507800000000000196e-02 9.740591170424253464e+09 5.333802502760165215e+09 4.406788667664088249e+09 2.185032312000268936e+09
5.009299999999999864e-02 5.507800000000000196e-02 6.006700000000000234e-02 7.865539251116827011e+09 3.458750583452738762e+09 4.406788667664088249e+09 2.388218256002129078e+09
5.009299999999999864e-02 5.507800000000000196e-02 6.505900000000000571e-02 9.563190375036415100e+09 5.156401707372326851e+09 4.406788667664088249e+09 2.584602696000685215e+09
5.009299999999999864e-02 5.507800000000000196e-02 7.005400000000000515e-02 8.281785755714217186e+09 3.874997088050128937e+09 4.406788667664088249e+09 2.788305168001369953e+09
5.009299999999999864e-02 5.507800000000000196e-02 7.505299999999999472e-02 9.581192431808162689e+09 5.174403764144074440e+09 4.406788667664088249e+09 2.986986743999127865e+09
5.009299999999999864e-02 5.507800000000000196e-02 8.005400000000000016e-02 7.972743921257617950e+09 3.565955253593529701e+09 4.406788667664088249e+09 3.187929024001142979e+09
5.009299999999999864e-02 6.006700000000000234e-02 6.006700000000000234e-02 8.715764209161663055e+09 4.308975541497574806e+09 4.406788667664088249e+09 2.610354527999031067e+09
5.009299999999999864e-02 6.006700000000000234e-02 6.505900000000000571e-02 9.842012280386955261e+09 5.435223612722867012e+09 4.406788667664088249e+09 2.824959935999414921e+09
5.009299999999999864e-02 6.006700000000000234e-02 7.005400000000000515e-02 8.915797190365159988e+09 4.509008522701071739e+09 4.406788667664088249e+09 3.047665128000839233e+09
5.009299999999999864e-02 6.006700000000000234e-02 7.505299999999999472e-02 8.311499992987298012e+09 3.904711325323209763e+09 4.406788667664088249e+09 3.264841343998292923e+09
5.009299999999999864e-02 6.006700000000000234e-02 8.005400000000000016e-02 8.169443120444903374e+09 3.762654452780815125e+09 4.406788667664088249e+09 3.484444319997610092e+09
5.009299999999999864e-02 6.505900000000000571e-02 6.505900000000000571e-02 9.334604581607564926e+09 4.927815913943476677e+09 4.406788667664088249e+09 3.057218879999563217e+09
5.009299999999999864e-02 6.505900000000000571e-02 7.005400000000000515e-02 8.430825606145847321e+09 4.024036938481759071e+09 4.406788667664088249e+09 3.298238255999990940e+09
5.009299999999999864e-02 6.505900000000000571e-02 7.505299999999999472e-02 8.257531773968104362e+09 3.850743106304016113e+09 4.406788667664088249e+09 3.533279831999214172e+09
5.009299999999999864e-02 6.505900000000000571e-02 8.005400000000000016e-02 7.353549333426640511e+09 2.946760665762552261e+09 4.406788667664088249e+09 3.770960855997340202e+09
5.009299999999999864e-02 7.005400000000000515e-02 7.005400000000000515e-02 9.495898178241155624e+09 5.089109510577067375e+09 4.406788667664088249e+09 3.558251567999757767e+09
5.009299999999999864e-02 7.005400000000000515e-02 7.505299999999999472e-02 8.341169035369879723e+09 3.934380367705791473e+09 4.406788667664088249e+09 3.811789535999658108e+09
5.009299999999999864e-02 7.005400000000000515e-02 8.005400000000000016e-02 8.596396030802110672e+09 4.189607363138022423e+09 4.406788667664088249e+09 4.068210528003190041e+09
5.009299999999999864e-02 7.505299999999999472e-02 7.505299999999999472e-02 7.426145784903033257e+09 3.019357117238945007e+09 4.406788667664088249e+09 4.083361823999002934e+09
5.009299999999999864e-02 7.505299999999999472e-02 8.005400000000000016e-02 7.741725256925959587e+09 3.334936589261871338e+09 4.406788667664088249e+09 4.358080391997040749e+09
5.009299999999999864e-02 8.005400000000000016e-02 8.005400000000000016e-02 6.901474922842904091e+09 2.494686255178815842e+09 4.406788667664088249e+09 4.651256495997606277e+09
5.507800000000000196e-02 5.507800000000000196e-02 5.507800000000000196e-02 1.248253890365917206e+10 8.075750235995083809e+09 4.406788667664088249e+09 2.399850600001634121e+09
5.507800000000000196e-02 5.507800000000000196e-02 6.006700000000000234e-02 8.055487160425956726e+09 3.648698492761868477e+09 4.406788667664088249e+09 2.623102943999517918e+09
5.507800000000000196e-02 5.507800000000000196e-02 6.505900000000000571e-02 9.339279113949604034e+09 4.932490446285515785e+09 4.406788667664088249e+09 2.838711048001177788e+09
5.507800000000000196e-02 5.507800000000000196e-02 7.005400000000000515e-02 8.249194247417878151e+09 3.842405579753789902e+09 4.406788667664088249e+09 3.062529480000275135e+09
5.507800000000000196e-02 5.507800000000000196e-02 7.505299999999999472e-02 9.688588539307903290e+09 5.281799871643815041e+09 4.406788667664088249e+09 3.280765704003091812e+09
5.507800000000000196e-02 5.507800000000000196e-02 8.005400000000000016e-02 9.088018071502187729e+09 4.681229403838099480e+09 4.406788667664088249e+09 3.501503112000127792e+09
5.507800000000000196e-02 6.006700000000000234e-02 6.006700000000000234e-02 8.971431402933403015e+09 4.564642735269314766e+09 4.406788667664088249e+09 2.867068367999660015e+09
5.507800000000000196e-02 6.006700000000000234e-02 6.505900000000000571e-02 8.984981831829576492e+09 4.578193164165488243e+09 4.406788667664088249e+09 3.102816383998968124e+09
5.507800000000000196e-02 6.006700000000000234e-02 7.005400000000000515e-02 7.729834684551282883e+09 3.323046016887194633e+09 4.406788667664088249e+09 3.347384784003497124e+09
5.507800000000000196e-02 6.006700000000000234e-02 7.505299999999999472e-02 8.967325812864828110e+09 4.560537145200739861e+09 4.406788667664088249e+09 3.585903096000092983e+09
5.507800000000000196e-02 6.006700000000000234e-02 8.005400000000000016e-02 8.036185562634894371e+09 3.629396894970806122e+09 4.406788667664088249e+09 3.827138207999795914e+09
5.507800000000000196e-02 6.505900000000000571e-02 6.505900000000000571e-02 9.698585024399580002e+09 5.291796356735491753e+09 4.406788667664088249e+09 3.357953471999392033e+09
5.507800000000000196e-02 6.505900000000000571e-02 7.005400000000000515e-02 7.779621170598748207e+09 3.372832502934659958e+09 4.406788667664088249e+09 3.622602600001739979e+09
5.507800000000000196e-02 6.505900000000000571e-02 7.505299999999999472e-02 8.431317155766571045e+09 4.024528488102482796e+09 4.406788667664088249e+09 3.880753895998626232e+09
5.507800000000000196e-02 6.505900000000000571e-02 8.005400000000000016e-02 8.569077379545005798e+09 4.162288711880917549e+09 4.406788667664088249e+09 4.141788143999907970e+09
5.507800000000000196e-02 7.005400000000000515e-02 7.005400000000000515e-02 6.814972648328675270e+09 2.408183980664587021e+09 4.406788667664088249e+09 3.908192568002754211e+09
5.507800000000000196e-02 7.005400000000000515e-02 7.505299999999999472e-02 8.297772152190969467e+09 3.890983484526881218e+09 4.406788667664088249e+09 4.186633128000288010e+09
5.507800000000000196e-02 7.005400000000000515e-02 8.005400000000000016e-02 8.519433140074985504e+09 4.112644472410897255e+09 4.406788667664088249e+09 4.468290023998457909e+09
5.507800000000000196e-02 7.505299999999999472e-02 7.505299999999999472e-02 8.896417699348543167e+09 4.489629031684454918e+09 4.406788667664088249e+09 4.484986392000809669e+09
5.507800000000000196e-02 7.505299999999999472e-02 8.005400000000000016e-02 9.005604312767488480e+09 4.598815645103400230e+09 4.406788667664088249e+09 4.786690295995295525e+09
5.507800000000000196e-02 8.005400000000000016e-02 8.005400000000000016e-02 8.294340496146230698e+09 3.887551828482142448e+09 4.406788667664088249e+09 5.108736240002088547e+09
6.006700000000000234e-02 6.006700000000000234e-02 6.006700000000000234e-02 7.599539073854831696e+09 3.192750406190743446e+09 4.406788667664088249e+09 3.133750751995562077e+09
6.006700000000000234e-02 6.006700000000000234e-02 6.505900000000000571e-02 9.143873794295719147e+09 4.737085126631630898e+09 4.406788667664088249e+09 3.391428359997557163e+09
6.006700000000000234e-02 6.006700000000000234e-02 7.005400000000000515e-02 7.926212507010776520e+09 3.519423839346688271e+09 4.406788667664088249e+09 3.658714943997786999e+09
6.006700000000000234e-02 6.006700000000000234e-02 7.505299999999999472e-02 8.929258433660463333e+09 4.522469765996375084e+09 4.406788667664088249e+09 3.919467887998970985e+09
6.006700000000000234e-02 6.006700000000000234e-02 8.005400000000000016e-02 8.261771991674201012e+09 3.854983324010112762e+09 4.406788667664088249e+09 4.183097712001073837e+09
6.006700000000000234e-02 6.505900000000000571e-02 6.505900000000000571e-02 7.339598183370429039e+09 2.932809515706340790e+09 4.406788667664088249e+09 3.670178639997409821e+09
6.006700000000000234e-02 6.505900000000000571e-02 7.005400000000000515e-02 8.575644474566640854e+09 4.168855806902552605e+09 4.406788667664088249e+09 3.959608248000137806e+09
6.006700000000000234e-02 6.505900000000000571e-02 7.505299999999999472e-02 7.537481744289971352e+09 3.130693076625883102e+09 4.406788667664088249e+09 4.241685312002118111e+09
6.006700000000000234e-02 6.505900000000000571e-02 8.005400000000000016e-02 7.682172579943056107e+09 3.275383912278967857e+09 4.406788667664088249e+09 4.527060504001871109e+09
6.006700000000000234e-02 7.005400000000000515e-02 7.005400000000000515e-02 8.194143008732746124e+09 3.787354341068657875e+09 4.406788667664088249e+09 4.271642688002319813e+09
6.006700000000000234e-02 7.005400000000000515e-02 7.505299999999999472e-02 8.984554405349418640e+09 4.577765737685330391e+09 4.406788667664088249e+09 4.576065072001000404e+09
6.006700000000000234e-02 7.005400000000000515e-02 8.005400000000000016e-02 7.736214924394021034e+09 3.329426256729932785e+09 4.406788667664088249e+09 4.883894399999664307e+09
6.006700000000000234e-02 7.505299999999999472e-02 7.505299999999999472e-02 7.638134943081477165e+09 3.231346275417388916e+09 4.406788667664088249e+09 4.902140783996344566e+09
6.006700000000000234e-02 7.505299999999999472e-02 8.005400000000000016e-02 7.845155215323595047e+09 3.438366547659506798e+09 4.406788667664088249e+09 5.231941584001194954e+09
6.006700000000000234e-02 8.005400000000000016e-02 8.005400000000000016e-02 8.060070298406670570e+09 3.653281630742582321e+09 4.406788667664088249e+09 5.583774983998243332e+09
6.505900000000000571e-02 6.505900000000000571e-02 6.505900000000000571e-02 6.861265669079557419e+09 2.454477001415469170e+09 4.406788667664088249e+09 3.972047231994651794e+09
6.505900000000000571e-02 6.505900000000000571e-02 7.005400000000000515e-02 8.431862133936887741e+09 4.025073466272799492e+09 4.406788667664088249e+09 4.285097928002696037e+09
6.505900000000000571e-02 6.505900000000000571e-02 7.505299999999999472e-02 7.991889902407321930e+09 3.585101234743233681e+09 4.406788667664088249e+09 4.590444864002939224e+09
6.505900000000000571e-02 6.505900000000000571e-02 8.005400000000000016e-02 6.834272928814142227e+09 2.427484261150053978e+09 4.406788667664088249e+09 4.899236400001419067e+09
6.505900000000000571e-02 7.005400000000000515e-02 7.005400000000000515e-02 8.778583798551671982e+09 4.371795130887583733e+09 4.406788667664088249e+09 4.622884367998449326e+09
6.505900000000000571e-02 7.005400000000000515e-02 7.505299999999999472e-02 8.113411138909680367e+09 3.706622471245592117e+09 4.406788667664088249e+09 4.952343191998652458e+09
6.505900000000000571e-02 7.005400000000000515e-02 8.005400000000000016e-02 7.541770424700263977e+09 3.134981757036175728e+09 4.406788667664088249e+09 5.285466671998952866e+09
6.505900000000000571e-02 7.505299999999999472e-02 7.505299999999999472e-02 6.905004470658373833e+09 2.498215802994285583e+09 4.406788667664088249e+09 5.305194383999839783e+09
6.505900000000000571e-02 7.505299999999999472e-02 8.005400000000000016e-02 7.810265544928678513e+09 3.403476877264590263e+09 4.406788667664088249e+09 5.662055352000488281e+09
6.505900000000000571e-02 8.005400000000000016e-02 8.005400000000000016e-02 8.922482997678253174e+09 4.515694330014164925e+09 4.406788667664088249e+09 6.042969815998211861e+09
7.005400000000000515e-02 7.005400000000000515e-02 7.005400000000000515e-02 8.077513304223997116e+09 3.670724636559908867e+09 4.406788667664088249e+09 4.987355112000551224e+09
7.005400000000000515e-02 7.005400000000000515e-02 7.505299999999999472e-02 7.839605204365790367e+09 3.432816536701702118e+09 4.406788667664088249e+09 5.342630423998206139e+09
7.005400000000000515e-02 7.005400000000000515e-02 8.005400000000000016e-02 7.583220322833992958e+09 3.176431655169904709e+09 4.406788667664088249e+09 5.702147616001179695e+09
7.005400000000000515e-02 7.505299999999999472e-02 7.505299999999999472e-02 8.132805065184012413e+09 3.726016397519924164e+09 4.406788667664088249e+09 5.723394719996456146e+09
7.005400000000000515e-02 7.505299999999999472e-02 8.005400000000000016e-02 7.413692171508749008e+09 3.006903503844660759e+09 4.406788667664088249e+09 6.108401159994374275e+09
7.005400000000000515e-02 8.005400000000000016e-02 8.005400000000000016e-02 9.208920684705471039e+09 4.802132017041382790e+09 4.406788667664088249e+09 6.519337511998441696e+09
7.505299999999999472e-02 7.505299999999999472e-02 7.505299999999999472e-02 9.296830509952245712e+09 4.890041842288157463e+09 4.406788667664088249e+09 6.131165879998043060e+09
7.505299999999999472e-02 7.505299999999999472e-02 8.005400000000000016e-02 7.375953499299186707e+09 2.969164831635098457e+09 4.406788667664088249e+09 6.543725064002831459e+09
7.505299999999999472e-02 8.005400000000000016e-02 8.005400000000000016e-02 7.724232065476454735e+09 3.317443397812366486e+09 4.406788667664088249e+09 6.983830031992040634e+09
8.005400000000000016e-02 8.005400000000000016e-02 8.005400000000000016e-02 7.723146709881692886e+09 3.316358042217604637e+09 4.406788667664088249e+09 7.453654103994709015e+09
