# Pk covarinace for p=0.0, SGC Pk*A/Q0(0)
5.280005663050060868e+08 5.165946648524961621e+07 6.923573104769448750e+06 2.809569568606025074e+06 1.265213544594508858e+05 -9.240291139445478329e+05 1.070966370119864354e+06 8.058414911494463449e+05 5.875117556507600239e+04 -5.737948973065698519e+05 -1.825440271957861551e+05 -1.079896378299645148e+06 -8.234667321594554232e+04 9.403988490723579889e+05 1.937748799316061559e+04 1.996939705493098882e+04 -7.582107286046983209e+05 -1.055733476212630514e+06 -2.243165349654795136e+04 -1.368362108911728719e+05 5.014730202305252315e+05 -4.683011259576917510e+05 6.155538586560975527e+05 3.784966654219123884e+05 4.448178891392862424e+05 1.555539282091628702e+05 -1.138310511163370757e+04 -1.984989812740709021e+04 -6.320495207477513759e+03 -9.732630158837014989e+00 -1.876309200935205154e+05 -1.382384656866873847e+05 1.261863693662147416e+05 6.200143016233796952e+05 -1.367308662723068264e+05 6.690372334904484160e+04 1.595712282444059092e+05 1.738010349118959857e+05 3.906923732609511353e+04 -2.251269977694777117e+04 2.479241699422839156e+05 1.006027627285238268e+05 2.318066611074375105e+05 1.901269815760979254e+05 1.839661226357052219e+05 2.804195234946378623e+05 8.606231306457632400e+02 1.895632672619470686e+05 1.414624341748657462e+05 1.582422084299673443e+05 1.206535361916071706e+05 -2.305075506309314806e+05 -2.010948225393480388e+05 -1.904338637973322693e+04 -2.845195507084191922e+04
5.165946648524961621e+07 1.107396525508717000e+08 1.416139249613856338e+07 9.618325153197208419e+05 2.523367327443018730e+05 -1.767595388008396141e+06 3.340771776753251906e+05 4.014506373072974966e+05 -1.103063770860239601e+05 5.081949547747165198e+05 4.954615048273964931e+03 -1.692390628100015165e+05 -1.676744145963774936e+05 1.665750788667241577e+05 -7.649658328792382963e+04 -2.104017742045333434e+05 -4.879603135516140028e+05 -1.481875025427115615e+05 -1.910170395503767359e+05 -2.423526972906309820e+05 1.125756317295748158e+05 -1.865407943965918093e+05 1.358755717896899732e+05 2.963780101991350239e+04 4.378469870867911959e+04 -2.501182257229109528e+05 -1.887766535617699628e+04 -2.247271541177626350e+05 -1.860315811931678036e+05 7.619939355970443285e+04 -7.769031204028721550e+04 -3.339853757101208903e+05 6.512020174974062684e+04 2.814420116325624404e+05 -9.439695805636361911e+03 -9.835102503089302627e+04 -8.607329221320603392e+04 -1.837100881221980962e+05 -1.569002731154792418e+05 -1.082883092521189974e+05 -1.496591791855223710e+05 1.485436884339438620e+04 -4.808033502526799566e+04 -9.330558931778054102e+03 -2.861330426403080492e+04 -1.353260586530219916e+04 -1.339799923743804684e+05 6.079564357146353723e+04 2.021492896692263021e+05 -1.943154662000440567e+03 2.322423922961547214e+04 -1.335794747599616530e+05 -3.378971070799916924e+04 4.360260831571921881e+04 -1.042661064673047367e+05
6.923573104769448750e+06 1.416139249613856338e+07 4.811462849764448404e+07 8.046578586102889851e+06 1.588354683453436242e+06 1.966708644692001690e+05 4.174675504598809057e+05 -3.263840393266512547e+05 6.585317760760693345e+05 4.707354209617828601e+05 2.449008315705853165e+05 1.378288292605401657e+05 -2.152965899932082102e+05 2.093904847569412959e+05 -3.769616623046308523e+05 -2.283187099985883688e+05 -2.106101140665456114e+04 -3.147372892638440244e+05 4.190683263921387697e+04 1.901773022187447641e+05 2.137137265303185559e+05 1.224824187940675765e+05 2.501452218841749418e+05 1.094423290436154202e+05 -2.043215374903893098e+05 -8.416165264954844315e+04 1.523678358149598353e+05 -2.187582060302047466e+03 -7.698691743103993940e+04 5.281578293194079743e+04 1.359114396611685379e+03 3.563435970716347219e+04 7.604196412974545092e+04 5.401361220592716563e+03 -6.022752996623567742e+04 -2.330864684378834863e+04 -1.253748856499167960e+04 2.886268174510855533e+04 -6.811239970526205434e+04 4.245585712331248214e+04 2.903016336457094440e+04 3.816263397985706251e+04 -4.006199667180387769e+04 -7.723860056071062900e+03 6.337541857017765869e+04 1.191722349482278805e+05 1.634354322020106156e+04 -4.933162735300065833e+04 -2.595526021412557748e+04 6.226172483082510735e+04 1.183388886451384606e+05 3.958648996333905870e+03 5.075393934873569378e+04 -3.348493608837711508e+04 -4.743889901964081218e+04
2.809569568606025074e+06 9.618325153197208419e+05 8.046578586102889851e+06 2.553994308235066384e+07 4.242170249676441774e+06 2.672952807199959061e+05 4.519591228171227849e+05 5.150894813410699135e+04 -3.957943224785233906e+04 7.779245214471289364e+04 9.166969742134261469e+04 -5.014508884107884660e+04 -2.540866344448302407e+05 -3.153310547531705379e+04 7.774631968582904665e+04 -9.968690395468154748e+04 1.544454658812435082e+04 7.015519765639278921e+04 -6.880783598995486682e+04 6.056046125161031523e+04 9.972084786893406999e+04 1.213914242124685115e+05 1.538810741856081877e+05 9.937103287414852821e+04 1.760284186492635854e+04 -5.250057239012378705e+04 4.225761540336715552e+04 -1.316214996126401238e+05 1.675091498184479133e+04 1.706912197457989096e+05 -2.846951587536548323e+04 -2.296709259903600923e+03 6.904711032885448367e+04 -5.083438934940290892e+03 -5.408779514706204282e+03 -7.043464315048357093e+03 -8.641362517360864149e+04 3.637627048129680134e+03 -1.010211757713040606e+04 1.850239327333202527e+04 9.863413833780835557e+04 8.656113039757133811e+04 6.713462026267380861e+04 1.193198832231372216e+04 -6.769036674759094603e+04 -4.491232710367310938e+04 -4.501000458985722071e+04 2.161926009139942835e+03 -3.704592092489862989e+04 -3.835063963489172602e+04 2.946897496638835582e+04 9.524521079204885609e+03 -1.906565108047723811e+02 1.209310595770915279e+04 2.162406022122450304e+04
1.265213544594508858e+05 2.523367327443018730e+05 1.588354683453436242e+06 4.242170249676441774e+06 1.456297037052096985e+07 2.105707602269306313e+06 5.910008018166024704e+05 2.570341389152268821e+05 -4.703315803158204653e+05 9.668681972656567814e+04 3.334320313892929698e+04 -4.181792325283991522e+04 -1.343248909107181244e+05 1.508712262179747631e+05 1.169722611292943184e+05 1.297756958264378773e+04 9.171627470997886121e+03 6.205980347733821691e+04 -1.586226911608058072e+04 7.970612932546342199e+04 1.044526477446418867e+05 1.496638626944287680e+05 3.891736077834387834e+04 3.339350853870542778e+04 -5.011178920169064077e+04 -2.253839416833029463e+04 -9.901258160970025347e+04 -9.922764187119320559e+04 -4.603596395427516836e+04 1.053393386195542989e+05 -7.482920108510952559e+04 -4.387753918411421182e+04 -7.433796945854036312e+04 -2.117018876045804518e+03 -5.466624454933708330e+04 6.682601743355186773e+04 7.404928348489540440e+03 3.614596897381616145e+04 -6.455285790974973679e+03 -8.969888433524932907e+02 -4.284774895764899702e+04 -2.846681539888877160e+04 6.257661278324037266e+04 -1.754621658873935303e+03 -2.464053779892907551e+04 1.958762013848763672e+04 4.747667254721772224e+03 -1.642280358571649049e+04 2.019834663181109136e+04 1.070562372570841399e+04 2.132832921478392382e+04 2.807984919219971925e+04 1.899777227717809001e+04 -5.890351369622578204e+03 -4.033634639896596127e+03
-9.240291139445478329e+05 -1.767595388008396141e+06 1.966708644692001690e+05 2.672952807199959061e+05 2.105707602269306313e+06 8.597341209825089201e+06 1.141935961247548461e+06 3.269899469533257070e+05 8.568973189735659616e+03 1.793427849005682801e+05 4.344135338399869506e+05 1.729209470012545935e+05 1.474475249574281916e+05 1.022587724697329832e+05 -1.548527008714267322e+04 7.100531892399289063e+04 -1.119615332785284227e+04 5.373937170541439627e+03 7.345331852387349500e+03 -7.291093265574645193e+04 -1.882940227098416290e+04 -2.951188576599665248e+04 -3.015605521481212782e+04 -5.634604097083765373e+04 -3.797497760617652239e+04 4.047038017677360040e+04 4.827819213890699757e+04 -2.985206056855939551e+03 -1.400258736028028216e+04 -2.572427067512287977e+04 -6.962573207383195950e+03 4.456326723229362688e+04 1.654090853210890418e+04 1.192172613397632995e+04 9.231528642822326219e+03 -6.762132781764456922e+03 2.294674173970701668e+04 2.823070095220691655e+03 1.149914149136718879e+04 8.835808115264786466e+03 2.498496505484575664e+03 -2.653589195702610596e+04 9.592014181777249178e+03 4.161032281846067781e+04 -5.904644685954681336e+03 5.755095470048947755e+04 1.383090334016755332e+04 1.750322286787288249e+04 9.717286701406552311e+03 2.406749959909897370e+04 6.899181418267898152e+03 -7.534349786157044946e+03 2.697904899617083356e+04 3.759941416731961908e+03 2.458517711367374795e+04
1.070966370119864354e+06 3.340771776753251906e+05 4.174675504598809057e+05 4.519591228171227849e+05 5.910008018166024704e+05 1.141935961247548461e+06 6.447253063405050896e+06 1.129592237668602960e+06 7.305217602815735154e+04 3.119499839542713016e+05 2.206374656139688450e+05 2.819977269651623792e+05 1.503492373402285739e+05 -2.733073695864932597e+04 7.785232191991414584e+04 2.200050882475927938e+04 9.255505934999685269e+04 -2.807545238619235170e+04 1.246645422971652733e+05 5.835681512768210087e+04 9.133592034244199749e+04 6.099356774285627034e+04 -4.510767360319211002e+04 -5.268493121215356223e+04 6.507686811778472475e+04 1.257486119803248585e+05 1.740156543632206012e+04 5.113889896133365255e+04 5.598892228588162106e+04 4.262120620215615781e+04 5.128651289732542864e+03 3.371248565833870089e+03 3.775355836044630996e+04 2.476346033309773702e+04 2.353228015313423748e+04 5.531237066323884937e+04 3.138930438795231385e+04 2.786630281020965049e+04 1.849622374975499952e+03 4.132373143243855884e+04 1.290394725133035172e+04 5.829655382841475512e+04 3.858071805900627805e+04 -8.437198685607432708e+03 -7.990338459955477447e+03 3.487725469434652041e+03 1.380866709002175594e+04 -1.846756471167914424e+04 -7.007909798994484845e+03 1.240306100194811006e+04 1.109471837122742363e+04 1.214917974647364281e+04 -1.037816614991741062e+03 9.099470409766248849e+03 1.997523068589278046e+04
8.058414911494463449e+05 4.014506373072974966e+05 -3.263840393266512547e+05 5.150894813410699135e+04 2.570341389152268821e+05 3.269899469533257070e+05 1.129592237668602960e+06 4.533871137317404151e+06 6.238005134125803597e+05 1.767912524038071570e+05 -4.724727415804999328e+04 6.488293957750487607e+03 -1.473392305884883390e+05 -3.817004450376830846e+03 4.104672653544846980e+03 -5.552152400243585726e+04 9.651719884902676858e+04 -5.969722884235224228e+03 4.383668173436031793e+04 3.307482527017394023e+04 6.347443519953461509e+04 5.681068743218750569e+03 -2.563455101981148982e+04 -8.726562380614374706e+04 5.389361632245068176e+04 6.054941078307509997e+03 -3.926208663068641727e+03 6.534597999990553035e+03 1.790193786203151376e+03 1.058227284376187708e+04 1.418592349281479437e+04 -1.635004827926786311e+04 2.008125607694927385e+04 1.507724675994926110e+04 3.329876056370936567e+04 1.254347654770847112e+04 2.608431095020810244e+04 2.324589479469348953e+04 -1.145476929598059178e+04 1.549275765159175717e+04 -6.676040308130265657e+03 -2.443301056645610879e+04 -2.181541315637920343e+04 -1.470865774898171003e+04 7.061542121488277189e+03 -2.127418285815295530e+04 -9.280847521363701162e+03 -2.266379439678854033e+04 -3.060208640871821117e+01 -8.919284754756130269e+02 -1.513345549352437956e+04 -2.328457480983859205e+04 -2.150583718828092606e+04 6.657861468616973980e+03 -3.397699780824581012e+03
5.875117556507600239e+04 -1.103063770860239601e+05 6.585317760760693345e+05 -3.957943224785233906e+04 -4.703315803158204653e+05 8.568973189735659616e+03 7.305217602815735154e+04 6.238005134125803597e+05 3.364222598323990591e+06 4.596608753459232976e+05 1.140276932943563770e+04 6.640780251081220922e+04 -8.156232946917636582e+03 1.083205332706640183e+05 7.865390357557941752e+04 4.301334652374902362e+04 -8.436515467306118808e+04 2.301326379677267687e+04 -2.430559390527382493e+04 6.321326148175048729e+04 -2.945461015118903379e+04 -1.215999390661969846e+04 1.060556327098473412e+04 3.472451095234811510e+04 5.267736660487953486e+04 -4.414323096347852697e+04 1.990270845458189342e+03 2.318839860527315250e+04 -1.006455529064034454e+04 -1.299791629239355279e+04 3.588396928250735800e+04 5.604958143044009375e+03 1.339502137216943538e+03 2.130089168307547880e+03 2.287733765273755853e+04 -1.196997097399228733e+04 -4.347645559999979810e+02 1.222264117411570624e+04 2.892044099934346741e+04 4.509325533612043728e+03 6.475979369123208016e+03 -2.018414922018553261e+04 -8.775873330299989902e+03 8.221344025208649327e+03 1.424790519574135942e+04 -2.719060405492670611e+02 -1.685738592273581844e+03 -7.496692159904750952e+03 4.700710618820946365e+03 -2.202768850219651358e+04 2.659280990173549071e+03 2.972377362252492094e+04 8.131272931354802495e+03 1.645966978973795267e+04 -1.124723698769497059e+04
-5.737948973065698519e+05 5.081949547747165198e+05 4.707354209617828601e+05 7.779245214471289364e+04 9.668681972656567814e+04 1.793427849005682801e+05 3.119499839542713016e+05 1.767912524038071570e+05 4.596608753459232976e+05 2.313364963573863264e+06 4.123041514434073470e+05 7.157269159721225151e+03 -1.704276405531059936e+04 6.029238297388811770e+04 8.168256211036107561e+04 4.637167910404136637e+04 -1.378391058041281394e+04 -7.937337870984601068e+03 5.694526632108912600e+04 9.095097002248243371e+04 5.144540947806593613e+04 -2.070269311697133890e+04 -3.072059077313801026e+04 -1.728203971975294917e+04 3.361506372072009981e+04 2.706950164021850651e+04 -9.719832707553239743e+03 3.507469874603418430e+04 1.012850155560101848e+04 -1.584039238263410516e+04 1.625996602137386071e+04 -6.304199267037535719e+03 -4.354314134219564039e+03 8.429080693269281255e+03 1.425804541510641866e+04 -1.708420524971254054e+04 2.611233341300073516e+04 4.064357841162785917e+03 5.057260118814621819e+03 2.195953136276533769e+04 -9.312739017660650376e+00 1.439318779027034725e+04 -3.101948864314094862e+03 -5.185674547211624485e+03 -7.967294535178577462e+03 -1.323818392105742532e+04 -1.283772196263878504e+04 -6.032904797446779412e+03 1.368448217089256559e+03 3.202354671230239546e+03 -1.139787238332319794e+04 1.506079911188179176e+04 1.482926332684577574e+03 -7.114575607987000012e+02 8.058508840961436363e+03
-1.825440271957861551e+05 4.954615048273964931e+03 2.449008315705853165e+05 9.166969742134261469e+04 3.334320313892929698e+04 4.344135338399869506e+05 2.206374656139688450e+05 -4.724727415804999328e+04 1.140276932943563770e+04 4.123041514434073470e+05 2.175602795392988715e+06 4.171702644142902573e+05 1.146759748719818599e+05 5.929267399236251367e+04 -1.368203204517561289e+03 3.317776633559750917e+04 4.831479441882446554e+04 1.078810246491188263e+04 2.583279572187989834e+04 -6.744581274038681840e+03 7.221056838223501472e+03 1.350113910012181259e+04 3.938170602361374040e+04 7.407415038492825261e+03 8.638338455771137887e+03 2.537668011581327301e+04 5.619431066151770210e+03 4.712955796930516226e+04 4.658579235880461056e+02 1.275172719201698055e+04 2.902137165902452762e+04 1.378876021229030994e+04 1.147619462739405571e+04 1.879044059746001949e+03 -6.773648795159431302e+02 3.757898066456273227e+03 -1.047613901198189342e+04 -1.537773823064808676e+04 9.269686313535203226e+03 3.219365739223975834e+04 2.566541478667102638e+04 3.139615738480842992e+04 1.879247862029058888e+04 2.161896742668432853e+04 -9.709123631012504120e+03 1.314096056613100882e+04 1.487623318539598222e+04 -1.407630880540952239e+04 -2.495843430707919197e+03 -2.050799222946982354e+03 -8.665546351038012290e+03 1.390148917447993517e+04 3.583494867036627511e+03 -1.597714171147653542e+04 5.889333196775991382e+03
-1.079896378299645148e+06 -1.692390628100015165e+05 1.378288292605401657e+05 -5.014508884107884660e+04 -4.181792325283991522e+04 1.729209470012545935e+05 2.819977269651623792e+05 6.488293957750487607e+03 6.640780251081220922e+04 7.157269159721225151e+03 4.171702644142902573e+05 1.525250675624429015e+06 3.768548838204272324e+05 8.109761241362019791e+04 6.394838913648792368e+04 -1.611599521856368665e+04 -3.651149169568721845e+04 5.753418290310360135e+03 -1.848633720246702433e+04 -4.815502751982096015e+03 7.468849106109771128e+03 -1.382017387061924637e+04 6.001085871850747253e+02 1.437338355955052248e+04 3.779706334361286281e+03 -5.881369861679590031e+03 -1.904114878815087650e+04 2.469043079387995385e+04 -1.608811328452596172e+04 -2.544344404637048865e+04 1.871862951596431230e+04 8.479278948417564607e+03 1.386030963104713373e+04 -9.539269983434622191e+03 -3.620375210672961657e+03 9.522903166439165943e+03 -5.712470025909821743e+03 -1.146297274497323087e+04 -1.027653497006804719e+04 -1.465157774365322985e+04 3.267550005430394322e+03 -1.733788066492911094e+04 8.753701345593992301e+03 3.871011963707800078e+03 9.693491263871269439e+02 6.009835487608026597e+03 3.585807289587575220e+00 -4.535400467133508755e+03 -1.265124665213143271e+04 -6.535327837558713327e+03 4.556457523036152452e+03 1.612664639144732428e+04 5.822222752431506706e+03 5.565191200312299770e+03 5.640651374199920610e+03
-8.234667321594554232e+04 -1.676744145963774936e+05 -2.152965899932082102e+05 -2.540866344448302407e+05 -1.343248909107181244e+05 1.474475249574281916e+05 1.503492373402285739e+05 -1.473392305884883390e+05 -8.156232946917636582e+03 -1.704276405531059936e+04 1.146759748719818599e+05 3.768548838204272324e+05 1.413475437111540930e+06 2.883134210218303488e+05 7.375795997101745161e+04 1.294106854034744356e+04 2.989691727771751539e+04 3.299147647703239636e+04 8.816112139031312836e+03 3.744128838625620119e+04 4.282247225138270005e+04 1.668105374506231965e+04 5.743613355350174970e+03 6.850120847239584691e+03 3.947439731441986805e+04 2.443885207501314289e+04 3.960373291237882222e+04 2.901991436247367892e+04 7.425632803723174220e+03 -6.472949739565437085e+03 -1.362731432449478962e+04 9.888479183017241667e+03 -7.777658857843196074e+02 5.979287346778442952e+03 1.670358559211799729e+04 9.361889241408709495e+03 1.438721488489329022e+04 6.372734610222361880e+03 2.599213924800970744e+03 1.090712323143541289e+04 2.393562996236875551e+04 -3.445865780658849417e+03 1.900593291226299334e+04 1.000003942811709021e+04 -7.346986963332035884e+03 2.048804223198879754e+03 -6.650192203336480816e+03 -1.904630285441016667e+03 8.007563884474963743e+03 1.179074947589019757e+04 1.175904671177411910e+04 6.804097215698575383e+03 1.440965633478142445e+04 -9.282119517105147679e+03 2.768354662559782810e+03
9.403988490723579889e+05 1.665750788667241577e+05 2.093904847569412959e+05 -3.153310547531705379e+04 1.508712262179747631e+05 1.022587724697329832e+05 -2.733073695864932597e+04 -3.817004450376830846e+03 1.083205332706640183e+05 6.029238297388811770e+04 5.929267399236251367e+04 8.109761241362019791e+04 2.883134210218303488e+05 1.175094346486070892e+06 1.843834997721436084e+05 2.799020277051195080e+04 3.063495091324140594e+04 4.629045091702275386e+04 3.354300030142377364e+04 8.305116970222470991e+04 3.889662614421537728e+04 1.987753594861903184e+04 9.046009738772909259e+03 1.757442690261355528e+04 1.515882701467581683e+04 1.771189198559155557e+04 1.669672022170969649e+04 2.798257964920188533e+04 -8.977257556293625385e+03 4.269796944288002123e+03 9.898403190412745971e+03 -7.474033503049216051e+03 1.406011452496369657e+03 1.820455894950225411e+04 6.890126571819732817e+03 1.307576040023211681e+04 1.083077258091905242e+04 1.574583061064975300e+04 -1.365252284279369633e+04 -2.822331140723028966e+03 1.258087863312923764e+04 -2.344848864032681831e+03 -1.584095048010908067e+04 6.380649054084323097e+02 -7.458542968524153366e+03 3.617687193891729748e+03 -1.258975198158243620e+04 -8.593262086576551155e+03 3.802077373471809551e+03 5.603146556468728704e+03 3.000107681522893017e+03 -1.980433235779280949e+04 6.269443180655186552e+03 -1.810450951508651542e+03 -1.541536760298484978e+03
1.937748799316061559e+04 -7.649658328792382963e+04 -3.769616623046308523e+05 7.774631968582904665e+04 1.169722611292943184e+05 -1.548527008714267322e+04 7.785232191991414584e+04 4.104672653544846980e+03 7.865390357557941752e+04 8.168256211036107561e+04 -1.368203204517561289e+03 6.394838913648792368e+04 7.375795997101745161e+04 1.843834997721436084e+05 9.129175525347815128e+05 1.920019392643295287e+05 4.867013008544236072e+04 3.258987651966042176e+04 2.167655173972306147e+04 2.370266994692993103e+04 5.751532002701371675e+04 5.052529951949099086e+03 -1.799247419741892372e+04 -3.944973458037863566e+03 2.254639415489922612e+04 1.199208869086880804e+04 4.035746049824880174e+03 1.457029739531135601e+04 1.553562260962183063e+04 2.284114555214337088e+04 9.636062541791206968e+03 1.769290272708937482e+04 1.932318407189670324e+04 9.150185450667997429e+03 2.587081728058480508e+02 -1.919639719528848332e+02 2.246432824702564540e+04 -1.743068396278584260e+03 5.170492659541669127e+03 -1.561366357670541447e+03 7.395311213279198455e+03 9.488085889332362058e+03 -2.970307836463636704e+03 -1.007979562383759367e+04 8.627721820471559113e+03 -2.448586512960861910e+03 -2.793606698668608260e+03 -7.067807679654786625e+03 -2.816142548958823227e+03 4.018781413969336427e+03 -1.963002642433702476e+03 2.780549108660517959e+03 7.889440605711283752e+03 5.132030092726420662e+03 4.290080811474025069e+01
1.996939705493098882e+04 -2.104017742045333434e+05 -2.283187099985883688e+05 -9.968690395468154748e+04 1.297756958264378773e+04 7.100531892399289063e+04 2.200050882475927938e+04 -5.552152400243585726e+04 4.301334652374902362e+04 4.637167910404136637e+04 3.317776633559750917e+04 -1.611599521856368665e+04 1.294106854034744356e+04 2.799020277051195080e+04 1.920019392643295287e+05 7.539599890294084325e+05 1.339916618202386890e+05 -2.048189619182664956e+03 1.841448697551296937e+04 3.968701187692163512e+04 1.143094642338390258e+04 1.113621184804133554e+04 2.729491834259786629e+03 2.690589149269053087e+04 2.360836256014010360e+04 1.049497650337992309e+04 1.359203839775631423e+04 2.954665292916212275e+04 4.172084556922360434e+02 2.093874328618705840e+04 2.221218755986598262e+04 1.243439107007928214e+04 5.979304392628503592e+03 -9.378906878438403510e+03 4.598784651840543916e+02 7.446194487422337261e+03 8.881413021008362193e+03 1.814646976283237336e+03 1.809163320283641588e+04 2.503852071498825353e+03 8.759166114509962426e+03 2.851912551545799943e+03 1.181190407907962981e+04 1.009456552733000171e+04 8.259954983791987615e+03 1.511031553734371846e+04 1.687217542651863187e+04 5.776474475898514356e+03 1.246811941017935169e+03 6.745419289790457697e+03 7.072165450004367813e+03 8.937942434340671753e+03 6.532421307748821164e+03 1.650680970546550725e+03 1.183300017942127670e+04
-7.582107286046983209e+05 -4.879603135516140028e+05 -2.106101140665456114e+04 1.544454658812435082e+04 9.171627470997886121e+03 -1.119615332785284227e+04 9.255505934999685269e+04 9.651719884902676858e+04 -8.436515467306118808e+04 -1.378391058041281394e+04 4.831479441882446554e+04 -3.651149169568721845e+04 2.989691727771751539e+04 3.063495091324140594e+04 4.867013008544236072e+04 1.339916618202386890e+05 6.656823446682028007e+05 1.179041061785549246e+05 4.960381139217370946e+04 4.648586226814067049e+04 1.316403819879285766e+04 3.172672120873752647e+04 3.661681589264969807e+04 -1.304295361620569565e+04 -6.241605339986163926e+03 4.991592812530271658e+03 1.186825500493734580e+04 1.145783355613219283e+04 2.990588725214553779e+04 2.391754492408322767e+04 1.610376848761960537e+04 1.452756566025391476e+04 3.891708964213535182e+03 6.491249770398985675e+02 1.437718347295898275e+04 9.169972167565518248e+03 3.809660710855505840e+03 9.417965000537449669e+03 -1.316310538228677387e+03 4.705696556326513019e+03 5.808277634526583824e+03 1.469129278258101658e+04 3.964570549779150042e+03 8.850092968470758933e+03 -6.477201867189878612e+03 -2.693487476834171957e+03 4.021369095661053507e+03 5.251938327832053801e+02 -8.718840029987108210e+03 -4.959219761138982108e+02 2.930090600737359637e+03 7.020761561102808628e+03 -7.058225565516875122e+01 2.991350349510232263e+03 2.167967127411984166e+03
-1.055733476212630514e+06 -1.481875025427115615e+05 -3.147372892638440244e+05 7.015519765639278921e+04 6.205980347733821691e+04 5.373937170541439627e+03 -2.807545238619235170e+04 -5.969722884235224228e+03 2.301326379677267687e+04 -7.937337870984601068e+03 1.078810246491188263e+04 5.753418290310360135e+03 3.299147647703239636e+04 4.629045091702275386e+04 3.258987651966042176e+04 -2.048189619182664956e+03 1.179041061785549246e+05 5.549335917577270884e+05 1.225153879188411665e+05 3.658006388867524947e+04 3.380771457051298785e+04 3.008613070131745917e+04 1.192491068736559282e+04 2.256513222330315693e+04 1.091277441938982156e+04 1.659413724773228387e+04 2.268334490282625848e+04 1.707565412512482726e+04 3.156294912166898484e+03 7.462832009680334522e+03 2.076892605640895999e+04 2.188471352604004642e+04 7.223927846154589133e+03 9.774094065524883490e+01 -6.092092224435798471e+02 -8.489013961413726065e+03 2.607978820476957935e+03 1.037085926569138337e+03 5.826012006023289359e+03 8.875355627985598403e+03 1.405329603340671747e+04 4.521055661439391770e+03 2.530801855002518550e+03 -6.713542837825191327e+02 4.009669909157873917e+03 4.705546441851026430e+03 -1.531846166676470602e+03 -3.969545149798314469e+03 1.324314268924258249e+04 -2.978068990568766594e+02 -5.293942882008718698e+03 6.439839103606870594e+03 5.052900996774552368e+03 1.194644515264856818e+04 1.192459082666698305e+04
-2.243165349654795136e+04 -1.910170395503767359e+05 4.190683263921387697e+04 -6.880783598995486682e+04 -1.586226911608058072e+04 7.345331852387349500e+03 1.246645422971652733e+05 4.383668173436031793e+04 -2.430559390527382493e+04 5.694526632108912600e+04 2.583279572187989834e+04 -1.848633720246702433e+04 8.816112139031312836e+03 3.354300030142377364e+04 2.167655173972306147e+04 1.841448697551296937e+04 4.960381139217370946e+04 1.225153879188411665e+05 5.445576566489124671e+05 1.129824114398295642e+05 4.857025669120578823e+04 2.403641890695039910e+04 5.564235253662362811e+04 1.987861318066611784e+04 1.751819286021217522e+03 7.687344411477607537e+03 1.113171679971829508e+04 3.076865127108371962e+04 1.931151941355597955e+04 1.945953344911082968e+04 5.543357732866754304e+03 7.097260579811731077e+03 4.841442300651070582e+03 5.733591502251188103e+03 1.667429315515656754e+03 2.392134937654956957e+03 9.560784591987614476e+03 -5.072441847185810389e+02 -1.178352844831851689e+04 5.882860479674392082e+03 4.549387321760486884e+03 3.931679231632821484e+03 -7.339802245491520807e+03 2.540232015255242459e+03 -2.228840257149393892e+03 4.771928985033030585e+03 -4.413259317837548224e+03 -8.588624118884521522e+03 7.553881219346734724e+03 9.055746928126794728e+02 3.131389590339617257e+02 -2.326443937848302426e+02 -8.705540189808649302e+03 7.552487091715963288e+03 -1.165842344483003217e+03
-1.368362108911728719e+05 -2.423526972906309820e+05 1.901773022187447641e+05 6.056046125161031523e+04 7.970612932546342199e+04 -7.291093265574645193e+04 5.835681512768210087e+04 3.307482527017394023e+04 6.321326148175048729e+04 9.095097002248243371e+04 -6.744581274038681840e+03 -4.815502751982096015e+03 3.744128838625620119e+04 8.305116970222470991e+04 2.370266994692993103e+04 3.968701187692163512e+04 4.648586226814067049e+04 3.658006388867524947e+04 1.129824114398295642e+05 4.301882987967754016e+05 6.597120948744728230e+04 8.456220737987601751e+03 2.820565240289674330e+04 2.612563364595460371e+04 2.744955982153190052e+04 1.670748391677412292e+04 1.217074173575443820e+04 -8.888355243717038320e+03 1.224494233745938436e+04 5.118725108521020047e+03 1.916602684966851302e+04 7.889224287460978303e+03 4.006294890581272284e+03 6.557408846360071038e+03 1.174584391429234074e+03 -1.303883584097472749e+03 8.015420067935589032e+03 6.016440900834501008e+03 8.901656412800357430e+03 2.396702671157479017e+03 3.122357427238656783e+03 5.927839049299648650e+03 -1.352391012951268749e+03 -1.112671008657029779e+04 -6.501787156736884754e+03 1.719567489559770820e+03 2.746643722602615981e+03 -2.982021105039054873e+03 2.909201683604710524e+03 1.974927922553856206e+03 3.923474464122002246e+03 2.628509899719156238e+02 -5.460736179571348657e+03 -4.121999622282826749e+03 -1.358512762768910761e+03
5.014730202305252315e+05 1.125756317295748158e+05 2.137137265303185559e+05 9.972084786893406999e+04 1.044526477446418867e+05 -1.882940227098416290e+04 9.133592034244199749e+04 6.347443519953461509e+04 -2.945461015118903379e+04 5.144540947806593613e+04 7.221056838223501472e+03 7.468849106109771128e+03 4.282247225138270005e+04 3.889662614421537728e+04 5.751532002701371675e+04 1.143094642338390258e+04 1.316403819879285766e+04 3.380771457051298785e+04 4.857025669120578823e+04 6.597120948744728230e+04 3.766441264493878698e+05 8.891830454427063523e+04 3.115351812061830788e+04 1.299027472040633620e+04 2.208135810618938558e+04 9.177841422021352628e+03 1.391579812671048558e+03 -1.482969313455718066e+03 1.210706108522463546e+04 7.363483658104272763e+03 5.142139640459964539e+03 5.990251347404366697e+02 4.033729659844228081e+03 -1.176131336830355849e+03 -3.398465626479859111e+03 1.813096302184242461e+02 1.558539941168876067e+04 -2.812293946711765329e+03 7.332510348483797316e+02 1.633077116874109606e+03 3.537296620089729458e+03 -2.844562715164279894e+02 3.715052754087590074e+03 2.747457756649031580e+03 -3.549640448747198207e+03 3.039875663056035592e+03 4.265414936954686709e+03 4.962033916701190719e+03 -7.119313738162856680e+03 -2.504403186773117795e+03 -2.935540260154188218e+03 4.036543559492455643e+03 -9.753818884942021441e+02 -3.663743045365995386e+02 3.832749236764595025e+03
-4.683011259576917510e+05 -1.865407943965918093e+05 1.224824187940675765e+05 1.213914242124685115e+05 1.496638626944287680e+05 -2.951188576599665248e+04 6.099356774285627034e+04 5.681068743218750569e+03 -1.215999390661969846e+04 -2.070269311697133890e+04 1.350113910012181259e+04 -1.382017387061924637e+04 1.668105374506231965e+04 1.987753594861903184e+04 5.052529951949099086e+03 1.113621184804133554e+04 3.172672120873752647e+04 3.008613070131745917e+04 2.403641890695039910e+04 8.456220737987601751e+03 8.891830454427063523e+04 3.692407224213510053e+05 8.901514855051592167e+04 7.469003666826208246e+03 1.282072296560948780e+04 2.864186482773464377e+03 8.472125812016993223e+03 1.031617087605570123e+04 4.204041094465098467e+03 1.122205539814451731e+04 -7.368159130475570237e+03 6.211469789675627908e+03 1.050412518753436598e+04 1.243570861358350703e+04 -1.772180531317751274e+03 2.933300119998106803e-01 -1.540144014080952275e+03 -1.186160642609232127e+04 -2.863837736721772217e+03 1.662349939039322066e+01 4.246692258724665407e+03 -1.028611026366353599e+03 -5.571383950741057561e+03 -4.459435491256650494e+03 -3.151056807440798366e+03 2.859280904873683085e+02 1.421580899405847276e+03 1.110845597079710615e+03 -7.891617600506331655e+03 -2.435237544748773871e+03 4.320682586590673964e+02 6.362856513491753503e+03 -2.038706314897631273e+03 -3.928530845436750496e+03 -2.179449401737706012e+03
6.155538586560975527e+05 1.358755717896899732e+05 2.501452218841749418e+05 1.538810741856081877e+05 3.891736077834387834e+04 -3.015605521481212782e+04 -4.510767360319211002e+04 -2.563455101981148982e+04 1.060556327098473412e+04 -3.072059077313801026e+04 3.938170602361374040e+04 6.001085871850747253e+02 5.743613355350174970e+03 9.046009738772909259e+03 -1.799247419741892372e+04 2.729491834259786629e+03 3.661681589264969807e+04 1.192491068736559282e+04 5.564235253662362811e+04 2.820565240289674330e+04 3.115351812061830788e+04 8.901514855051592167e+04 3.278032146118501551e+05 6.394898977538105100e+04 7.684208604258146806e+03 6.242430215350329490e+03 3.867672979015320038e+02 1.233507925236863412e+04 1.274073969142366332e+04 7.258210028414307999e+03 1.661703398108542387e+03 8.693172304765494118e+03 1.434587166397059627e+04 6.165330750068904308e+03 7.271667375683250611e+03 6.906800107801292143e+03 4.295014685411107166e+03 -6.837518785865852806e+03 -5.481097574393929790e+03 2.214606035879016872e+03 2.716823990611988847e+03 8.457488641511981768e+03 -4.233369046595171312e+03 1.632927589828715782e+03 3.360510083348996432e+03 -1.595857723138449501e+03 -2.618642163525226806e+03 8.574803375556109586e+02 -6.615855301550426702e+03 3.049982292748986310e+03 4.175509899756561367e+02 9.851719298731366507e+03 3.351410486136901454e+03 5.000342334786204447e+03 1.590146880566538130e+03
3.784966654219123884e+05 2.963780101991350239e+04 1.094423290436154202e+05 9.937103287414852821e+04 3.339350853870542778e+04 -5.634604097083765373e+04 -5.268493121215356223e+04 -8.726562380614374706e+04 3.472451095234811510e+04 -1.728203971975294917e+04 7.407415038492825261e+03 1.437338355955052248e+04 6.850120847239584691e+03 1.757442690261355528e+04 -3.944973458037863566e+03 2.690589149269053087e+04 -1.304295361620569565e+04 2.256513222330315693e+04 1.987861318066611784e+04 2.612563364595460371e+04 1.299027472040633620e+04 7.469003666826208246e+03 6.394898977538105100e+04 3.050941920600252924e+05 7.845539981087981141e+04 1.658234757560117578e+04 1.207893978288589278e+04 3.125501208740203310e+03 7.762896022146580435e+03 1.561803034020853192e+04 1.204243817566033067e+04 1.941070901502254128e+04 2.297199755909668602e+04 1.652628050928361745e+03 -4.833516186941166779e+03 -9.412735001025586826e+03 -2.895870601077937408e+03 -7.400477818957990166e+03 7.597948999889244988e+03 4.041945729790887526e+03 6.780929361882041917e+01 -2.377113903013092113e+03 9.552199586660164641e+03 4.083942126392289538e+03 -3.607110191855149424e+02 2.249697159065236519e+03 3.854074231094130027e+03 4.831101471606762971e+03 8.188994483952926203e+03 2.038840414291220213e+03 8.023212381444926905e+03 9.805980834892185158e+03 4.199954542944322384e+03 4.112160915832883802e+03 6.155074142017891063e+03
4.448178891392862424e+05 4.378469870867911959e+04 -2.043215374903893098e+05 1.760284186492635854e+04 -5.011178920169064077e+04 -3.797497760617652239e+04 6.507686811778472475e+04 5.389361632245068176e+04 5.267736660487953486e+04 3.361506372072009981e+04 8.638338455771137887e+03 3.779706334361286281e+03 3.947439731441986805e+04 1.515882701467581683e+04 2.254639415489922612e+04 2.360836256014010360e+04 -6.241605339986163926e+03 1.091277441938982156e+04 1.751819286021217522e+03 2.744955982153190052e+04 2.208135810618938558e+04 1.282072296560948780e+04 7.684208604258146806e+03 7.845539981087981141e+04 2.879343521527677658e+05 6.830389950976963155e+04 9.455216051696999784e+03 9.315342745950405515e+03 8.816978262587404970e+03 7.125248010744294334e+03 1.708556032184655123e+04 1.285115786798109366e+04 1.021793157022962805e+04 1.098416998299955230e+04 -2.010114879560543613e+03 -1.014660640132473600e+04 -1.723481814560182329e+03 9.570886501779574246e+03 3.534617737607728486e+03 -4.632986158167922781e+02 2.085266809604125683e+03 4.544922769989612789e+03 3.756915616888610657e+03 -4.034817269150887114e+03 -4.057019022799406684e+02 2.648112676655527594e+03 -2.269345456835617085e+02 -2.056469668685540000e+03 2.436273072748577761e+03 3.937296711966447219e+03 4.217940750162862059e+03 4.327058807826607335e+03 7.464830874335436874e+02 -5.803565450115362410e+02 3.637214237753742509e+03
1.555539282091628702e+05 -2.501182257229109528e+05 -8.416165264954844315e+04 -5.250057239012378705e+04 -2.253839416833029463e+04 4.047038017677360040e+04 1.257486119803248585e+05 6.054941078307509997e+03 -4.414323096347852697e+04 2.706950164021850651e+04 2.537668011581327301e+04 -5.881369861679590031e+03 2.443885207501314289e+04 1.771189198559155557e+04 1.199208869086880804e+04 1.049497650337992309e+04 4.991592812530271658e+03 1.659413724773228387e+04 7.687344411477607537e+03 1.670748391677412292e+04 9.177841422021352628e+03 2.864186482773464377e+03 6.242430215350329490e+03 1.658234757560117578e+04 6.830389950976963155e+04 2.586317329546801921e+05 5.492598764768107503e+04 1.964970807174912261e+04 1.002698491282586656e+04 5.693368970875118976e+03 1.566290425487426728e+04 8.989780355220018464e+03 1.523230355881153082e+04 9.620001593167193278e+03 -1.808592820101541065e+03 9.721555474192258771e+03 1.513542624678920947e+04 1.076933196936710738e+04 5.308795979438866198e+03 3.351015987118002158e+03 -5.679992443603347965e+03 4.348436340466506408e+03 -3.161957971162942613e+03 5.020457870574481603e+03 9.200139491017909677e+03 -7.557679521726456642e+02 -1.042675012257947401e+03 -4.026829965011726017e+03 2.010834679668962281e+03 4.602233581101128948e+03 -2.637045542137116740e+02 9.809536275156963256e+02 1.728308416855923724e+03 -1.857753089098408509e+03 1.970783782151806236e+03
-1.138310511163370757e+04 -1.887766535617699628e+04 1.523678358149598353e+05 4.225761540336715552e+04 -9.901258160970025347e+04 4.827819213890699757e+04 1.740156543632206012e+04 -3.926208663068641727e+03 1.990270845458189342e+03 -9.719832707553239743e+03 5.619431066151770210e+03 -1.904114878815087650e+04 3.960373291237882222e+04 1.669672022170969649e+04 4.035746049824880174e+03 1.359203839775631423e+04 1.186825500493734580e+04 2.268334490282625848e+04 1.113171679971829508e+04 1.217074173575443820e+04 1.391579812671048558e+03 8.472125812016993223e+03 3.867672979015320038e+02 1.207893978288589278e+04 9.455216051696999784e+03 5.492598764768107503e+04 2.267532984209083370e+05 5.239740839288640564e+04 5.559288661749483254e+03 8.905046529046580872e+02 8.457755482742873937e+03 -3.697882466751580978e+03 3.651424987933867214e+03 4.861396639090806389e+02 9.043264937788455427e+03 1.112343811265947261e+04 4.391874110066796675e+03 5.521478759815853664e+03 9.356032981365655360e+03 -4.216199175183519401e+03 -1.112024884216715236e+03 4.104654955600814901e+03 2.079526831785873583e+03 7.126691024542971718e+03 -4.433031840368852841e+02 1.777983720666863974e+03 -2.596766124499843045e+03 2.986175126362363699e+03 4.487501602800912224e+03 1.152266479264412510e+03 3.905129563683829019e+03 3.072755546936619794e+03 5.974392152305658783e+03 -1.592584973758764022e+02 3.496457298547491973e+03
-1.984989812740709021e+04 -2.247271541177626350e+05 -2.187582060302047466e+03 -1.316214996126401238e+05 -9.922764187119320559e+04 -2.985206056855939551e+03 5.113889896133365255e+04 6.534597999990553035e+03 2.318839860527315250e+04 3.507469874603418430e+04 4.712955796930516226e+04 2.469043079387995385e+04 2.901991436247367892e+04 2.798257964920188533e+04 1.457029739531135601e+04 2.954665292916212275e+04 1.145783355613219283e+04 1.707565412512482726e+04 3.076865127108371962e+04 -8.888355243717038320e+03 -1.482969313455718066e+03 1.031617087605570123e+04 1.233507925236863412e+04 3.125501208740203310e+03 9.315342745950405515e+03 1.964970807174912261e+04 5.239740839288640564e+04 2.131619891722753528e+05 4.587225195078742399e+04 1.121619504074853648e+04 1.598580606502232513e+04 1.130222059943573549e+04 5.035130926376314164e+03 4.791052376515330252e+03 7.843414603855536370e+03 6.976819437909211047e+03 2.635120026129440703e+03 1.421541242985256758e+03 5.303179841862802277e+03 3.199916441058500368e+03 -1.373389196730579442e+03 4.483515671798135372e+03 1.353862680287011472e+03 1.852467537850247709e+03 2.979515220524265715e+03 -4.385773554539331371e+02 5.240205945080446099e+02 1.348039003995253779e+03 4.997381036477577254e+03 6.551591423817527357e+03 -2.463579169036357143e+03 2.545865730985392929e+03 1.262991215339402743e+03 1.718532739958331149e+03 3.609091009778072930e+03
