# Pk covarinace for p=3.0, SGC Pk*A/Q0(0)
8.012757260219390392e+08 7.871104910294908285e+07 6.752845094997737557e+06 2.238801504152362701e+06 -2.300792998451062944e+06 6.299771387337017804e+05 -6.502839876913864864e+05 -1.297370407024353277e+06 -6.854424447997315838e+03 -4.472080551186953671e+05 -1.568172959697831175e+04 -1.668680206655579153e+06 1.489252277644394781e+05 2.793423049544612295e+05 1.156185636961276876e+06 -4.763996936864301679e+05 -6.760377484076444525e+05 -8.466679419582238188e+04 1.634962537345474411e+05 7.899606315509659471e+05 -3.888165642370630521e+05 2.161206063636617619e+05 4.824958962436586153e+05 3.773121007500410196e+05 6.370193960667194333e+05 8.943415227186193806e+04 -2.298615284162471071e+05 1.178251140375081741e+05 -1.786848955627086689e+05 -9.820446192124029039e+04 -4.737417540250032907e+05 3.886389590341025614e+05 4.629818473461748217e+05 2.863290401291155140e+05 -3.919197128379001515e+05 -1.203421891738569975e+05 1.921637896619321837e+05 3.501235029375756130e+04 2.379810124246486812e+05 -8.597885906537310802e+04 6.073147174308578251e+05 3.108000769433715031e+05 1.349195184570118727e+05 1.313856741590971978e+04 4.947584553289219621e+05 3.169255506309519988e+05 -6.661223917227941274e+04 2.520118845142007631e+05 2.087462277177424403e+05 1.406709558972920931e+05 7.506073225849267328e+04 -1.922747497450982046e+05 1.775224419518378563e+05 -2.847079558864192222e+04 -3.551906652589877922e+04
7.871104910294908285e+07 1.575863239840970337e+08 1.724675837838281691e+07 3.360674733015619218e+06 2.418532979777822737e+06 -2.018294915454664500e+06 -8.573429258597386070e+04 -4.567258721454031765e+05 -5.835121475388383260e+05 1.231094148808614817e+06 -3.754535747533957474e+05 -6.286395789023219841e+05 -5.988161320873264922e+05 7.396464604955600225e+04 1.093307901521994791e+05 5.504520250537551474e+05 4.545738437800150714e+05 2.818919806339979405e+05 -2.348141723877717159e+05 5.880918533148706774e+04 -2.565725698409509787e+05 -1.646158133970847121e+05 8.099643116615824692e+04 2.229004294601782749e+05 -3.777716088139365456e+04 -7.597849081157075125e+04 -2.968317741802974706e+04 -2.548897431794179138e+05 -9.810692451976996381e+04 1.700539375244253024e+05 -1.504207585014588549e+05 -2.934252724472472910e+05 1.894434001025620091e+05 4.448838189291129820e+05 1.602752855131190445e+05 -1.025659559684302949e+05 3.349122376574699592e+04 -1.492740314792923455e+05 -5.626698372359509449e+03 2.394453706233034973e+04 -1.150249964277368999e+05 -1.606413828744406637e+05 -1.594232834377383115e+05 -1.392343316466118849e+05 2.856061275051028933e+05 7.858640216063064872e+04 -5.837130859418843465e+04 7.090660032289357332e+04 3.305412458298104466e+05 -1.915529756400432379e+05 -1.445606529382698936e+05 -1.427464358960601967e+05 -1.188141140110057677e+04 -1.055057067058285429e+04 2.280873427102473943e+04
6.752845094997737557e+06 1.724675837838281691e+07 6.863455202284614742e+07 1.367205110889010876e+07 2.443895870695578866e+06 7.185471054500401951e+05 5.569923454084655968e+05 4.986169050519635784e+05 8.640276379831525264e+05 6.429980244485600851e+05 2.651424826612196048e+05 1.070235894365957007e+06 6.487894224747463340e+03 4.534047836213607225e+05 9.709692312480237160e+04 1.856548246830311837e+05 1.085796051787471952e+05 -2.389256924598020851e+05 3.361776942403707071e+05 5.426493030926754000e+05 2.506607796775808965e+05 1.334632776451270911e+05 6.244571325322554185e+04 8.024731096237459860e+04 -2.478933172444545780e+05 -1.071361784303971363e+05 3.294173877419587225e+05 2.468253288172767498e+05 4.815427622352754042e+03 1.296499652592282946e+05 -7.932827067032577179e+04 2.308337019747417435e+04 1.430197517145212914e+05 4.036606411237947759e+04 -1.957363396905143163e+05 -5.236445099114685581e+04 -1.813595449699722521e+05 -2.617519155472949478e+03 5.633004682483064244e+03 9.464100692885386525e+04 8.947799417416693177e+04 1.633699359303275705e+05 -2.511408352769607154e+04 7.341369754246697994e+04 1.430503196603220713e+05 1.857580030073107046e+05 4.585386180615508056e+04 -9.391046103807241889e+04 6.587319239277348970e+04 6.067810331699343806e+04 -5.554337120932886137e+03 -7.837391117157420376e+04 -2.584260463514067851e+03 -1.924121809215518588e+05 -7.112576007715455489e+04
2.238801504152362701e+06 3.360674733015619218e+06 1.367205110889010876e+07 3.699076524234654754e+07 6.632966567507628351e+06 2.716616702965797740e+05 1.068905894427137682e+06 3.995931487154874485e+05 -4.751000011492437625e+04 9.763114387255796464e+04 1.237635785811809910e+05 1.023535284309133931e+04 -3.971210245374906226e+05 1.951326813847874000e+05 2.845040019116320764e+05 -2.039719653307739936e+05 -1.825379997001817974e+05 1.143142978295058711e+05 1.669840515185254335e+05 1.298357167220140982e+05 1.580065364852912608e+05 8.447872549549068208e+04 7.967870388422768156e+04 1.575081955434787960e+05 1.514275715078985377e+05 -1.040935449477845686e+05 5.285606191951415531e+04 -1.622040268980000401e+05 2.872025806748601099e+04 5.034082107476095553e+04 -4.620596126165862370e+04 4.498459090830780042e+04 1.742179314261840482e+05 5.637419099035069667e+04 7.239304337701822806e+04 8.695447603840135343e+03 -1.255664091201555857e+05 -6.172416113816500729e+04 -6.552396625588104507e+04 1.364107667786656748e+04 1.847992231058339239e+05 1.429059876633012609e+05 -2.480800842916395050e+04 -4.873433789422653354e+04 -5.163431969497079263e+04 -5.029011171734903473e+04 -7.933845947773761873e+04 1.527897167186742627e+04 -3.248256441826546052e+03 -4.002052409406431980e+04 -2.962030171235485977e+04 -1.779322360038652187e+04 -1.184565248491147759e+04 -6.151263195158252347e+04 8.943069563046869007e+03
-2.300792998451062944e+06 2.418532979777822737e+06 2.443895870695578866e+06 6.632966567507628351e+06 2.275109418279233575e+07 3.266978708133215085e+06 5.488512668881232385e+05 1.877431949699793186e+05 -3.127992606236389256e+05 2.498955933051994944e+05 9.800182212968371459e+04 -3.660453246373861330e+05 -3.207320750299748033e+05 4.668855942710111267e+05 3.486887851515439106e+05 8.935179046597213892e+04 5.991776332095242833e+04 1.608145147136257146e+05 1.782622529304056661e+05 9.437425967131493962e+04 1.863385811931928329e+05 1.575671037768910464e+05 9.287050212174038461e+04 1.622573923456191842e+05 1.921473433679771188e+04 -6.817229404275090019e+03 -1.384276922538016224e+05 -1.583890522502711101e+05 -1.613703288757770497e+04 1.699369377742822107e+05 -1.678192134318643657e+05 -1.217273146433565271e+05 -2.178885899823133514e+04 -1.141632660924798074e+04 -9.620025514088904310e+04 7.978450477228526142e+04 1.261089530653938855e+05 5.821729476993981370e+04 -4.247192600510514603e+04 -4.521970987900496402e+04 -3.883525638377953146e+04 -1.550208653260996107e+04 4.586274222979110345e+04 -4.441850377908917289e+04 -4.363646334516253410e+04 -2.391631079754730672e+04 -4.866359867610898800e+04 3.152769496660728328e+04 1.758827709015738492e+03 -3.778596504968152294e+04 -4.660566663950320799e+04 -2.433761013199718218e+04 4.017911961572240398e+04 2.476387084631274320e+03 7.156342013363000297e+04
6.299771387337017804e+05 -2.018294915454664500e+06 7.185471054500401951e+05 2.716616702965797740e+05 3.266978708133215085e+06 1.332321764135665819e+07 2.153015277895748615e+06 5.409370890282733599e+05 5.325642939167100703e+05 2.594211105133072415e+05 1.933675237733723770e+05 1.094494402107389760e+05 1.558269878430656972e+05 2.487555804905515397e+05 7.553339267063894658e+04 8.646881918658752693e+04 4.361442735700277262e+04 -8.305004596812726231e+04 8.137456612296565436e+04 -6.052011721784137626e+04 1.075789462033022755e+04 5.604457549893613032e+04 -2.856626591577870386e+03 -1.811337995183029125e+04 2.781564721951421689e+03 -1.189233398114279771e+04 6.039993883626601018e+04 -5.577576422086015373e+04 5.055199022804424203e+03 -3.865234347238823102e+04 -5.735331474977235484e+04 8.180591183614733745e+04 2.985379423479275647e+04 5.128279024094211491e+04 -5.592387618720701721e+04 -4.931726751017287461e+04 7.059936925803408667e+04 4.008099227539030107e+04 -1.828758032479394751e+04 6.301281854323602602e+03 3.062715567399376596e+04 5.329758593380826824e+03 -2.541362833221776600e+04 5.645926937869732501e+04 1.461819239513743378e+04 7.216071309529538848e+04 1.978736085477520828e+04 4.097445882613499271e+04 -2.504944414381802926e+04 2.646988609893889225e+04 1.122208714681933088e+04 -3.190988980903046013e+03 6.703558851364163274e+04 3.436282116325486277e+04 6.703785337771609193e+04
-6.502839876913864864e+05 -8.573429258597386070e+04 5.569923454084655968e+05 1.068905894427137682e+06 5.488512668881232385e+05 2.153015277895748615e+06 9.628680597359841689e+06 2.057719419565269956e+06 2.868845862838909961e+05 2.582239247997906932e+05 1.971577683899305412e+05 3.572623453395313118e+05 1.859732558825766901e+05 9.751158781683201960e+04 1.875237992336226744e+05 -7.342020700298075099e+04 1.299479684296868654e+05 -1.058825407802298141e+05 1.924515133315533749e+05 1.157125580069627031e+05 1.744062167090572475e+05 2.961831161247341151e+04 -4.070583598650746717e+04 -1.468856958042540828e+04 6.153654672145378572e+04 1.424677092023796868e+05 1.057593112959160790e+05 6.348852308995951898e+04 5.067686144173797220e+04 4.827510956765564333e+04 -3.419216206906137813e+04 6.431365085345037369e+04 3.945550876659108326e+04 -4.474598348285479005e+03 2.223383245181076563e+04 5.356233116225811500e+03 1.738501920026806329e+04 2.728282622020044528e+03 3.390599605368212360e+04 6.843142193233143189e+04 -5.663458081465154464e+03 5.338241286818545632e+04 1.626515701260161040e+04 -2.698370140826396891e+03 -1.842462036263845448e+03 9.950734406733815831e+02 1.804250501978386092e+04 -1.428273794404003274e+04 -9.845086804664926603e+03 1.627040346957192378e+04 2.072945076670934213e+04 1.088493747520874422e+04 2.119742794103202323e+04 1.017563120387669369e+04 5.592457948424758069e+04
-1.297370407024353277e+06 -4.567258721454031765e+05 4.986169050519635784e+05 3.995931487154874485e+05 1.877431949699793186e+05 5.409370890282733599e+05 2.057719419565269956e+06 6.907447449246546254e+06 1.054918445713661378e+06 2.986146479438040406e+05 -6.840198234544812294e+04 1.232954354315487435e+05 -7.528767183263976767e+04 -1.755213583709116210e+04 8.276929864166875632e+03 -5.843829896888217627e+04 3.540745857687440730e+04 -4.530146874604744517e+04 5.968310082694912126e+04 8.805455352777881490e+04 1.132602948041963682e+05 7.645882242521099397e+04 -1.351797262629453871e+04 -1.005953863764739363e+05 7.474077575205206813e+04 3.217662077085490091e+04 9.457514406930032419e+04 5.438134354043789790e+04 2.073568866939349027e+04 -1.808349945585662499e+04 2.292732798889872720e+04 -1.109244395009977052e+04 -7.004865578226777870e+03 1.517347244794979633e+04 7.527613319162098924e+04 4.419740125174804416e+04 6.918472333774037543e+04 3.780778058767547191e+04 -1.040890660080248745e+04 4.199758929412318685e+04 1.353224146509459752e+04 -2.008911715529787034e+04 -4.751421133416730299e+04 -5.909503060121996532e+04 8.380622001391659069e+03 -6.679280245803452999e+03 -1.330907946296248701e+04 -2.328550162238940902e+04 1.499999443808257638e+04 -2.149823403611514368e+04 -1.344769520403618662e+04 -1.065011711500142519e+04 -2.800096043137118249e+04 -2.455695057737395473e+04 -5.310804874179530088e+03
-6.854424447997315838e+03 -5.835121475388383260e+05 8.640276379831525264e+05 -4.751000011492437625e+04 -3.127992606236389256e+05 5.325642939167100703e+05 2.868845862838909961e+05 1.054918445713661378e+06 4.851560703101390973e+06 8.073662590933108004e+05 7.738666379235287604e+04 3.166099294837078196e+05 9.078939446240721736e+04 8.795679096347258019e+04 5.823806600366318162e+04 1.785146392395791918e+04 -8.326484061854670290e+04 2.497844644620832696e+04 1.996712564101761416e+02 1.090583910260733101e+05 -3.140868160735902347e+04 4.351386603776858101e+04 6.967684542406204855e+04 1.023260163069988630e+05 1.108347237180472730e+05 -4.544588824091239803e+04 5.743893874315801804e+04 3.521910916752152843e+04 -1.294561906108829498e+04 -4.650327819927800738e+04 3.144067641864105826e+04 1.984107086174659344e+04 1.906420937447616961e+04 4.353362657015672448e+04 -3.416063299892766736e+03 -4.705161385515640723e+04 5.811646136291906828e+01 -2.031021511960538419e+03 6.372880377098746067e+03 -2.166657362701692819e+03 -1.023592429915877801e+04 -5.529001840286063270e+03 -3.724839075108282123e+04 -7.534729571106315234e+03 1.248063664090334896e+04 2.733081499601122778e+04 -1.504646833048764893e+04 -1.893843675950573743e+04 1.701195544541798881e+04 -1.561876946346691511e+04 2.134850034209119985e+04 6.387730108540231595e+04 1.312090413365432141e+04 -6.120184077527814225e+03 -1.729541163250362661e+04
-4.472080551186953671e+05 1.231094148808614817e+06 6.429980244485600851e+05 9.763114387255796464e+04 2.498955933051994944e+05 2.594211105133072415e+05 2.582239247997906932e+05 2.986146479438040406e+05 8.073662590933108004e+05 3.321317334587971680e+06 5.826249083644238999e+05 1.256356116138561483e+05 6.278305344445993251e+04 6.866914170270948671e+04 1.050948802313561755e+05 6.132231670781243884e+04 3.831962560303945338e+03 -2.387649173639547735e+04 4.995966839830288518e+04 1.223746136382328405e+05 8.096955601671662589e+04 -7.317896200263313949e+04 -2.290338507019639565e+02 4.059289677007679711e+04 4.070455876112696569e+04 1.401366378180863830e+04 -9.757097103858171977e+03 1.389785465121293782e+04 1.332832072397902266e+04 2.655378978038585774e+04 -7.169873711753505631e+03 2.002238348767926072e+04 1.446937028493647995e+04 1.392543634037021911e+04 3.006099266372154307e+04 -2.334765290496945818e+04 3.701410510975892976e+04 1.341209877115764812e+03 -4.388612443937074204e+03 3.956258174548087118e+04 -2.045280247125363530e+03 -1.382553878437243657e+04 -8.314997095183200145e+03 -9.650649802486572298e+03 4.884793360536404180e+03 -7.279152034680480938e+03 -2.219871233557359301e+04 -6.354125356353778443e+03 -7.251862237316459868e+03 9.209402197008590520e+03 -1.951302073173295139e+04 3.003638282157033609e+04 -2.902734129455858238e+03 -8.346943742213987207e+03 1.241673005878339427e+04
-1.568172959697831175e+04 -3.754535747533957474e+05 2.651424826612196048e+05 1.237635785811809910e+05 9.800182212968371459e+04 1.933675237733723770e+05 1.971577683899305412e+05 -6.840198234544812294e+04 7.738666379235287604e+04 5.826249083644238999e+05 3.124741921751970891e+06 5.925224506625885842e+05 1.035663950731578661e+05 9.960823746410779131e+04 1.324241124457371479e+05 6.098403268518219556e+04 4.801800004066052679e+03 -2.675520630428884488e+03 4.518336821707069612e+04 3.406886633666996204e+04 1.903797761880544567e+04 2.381532419772008507e+04 6.232265194489934947e+04 3.372240344872843707e+04 6.661327087048706017e+04 3.873815392336479272e+04 1.184089673348370525e+04 3.400666951068558410e+04 4.604567229933932686e+04 7.114859630735240353e+04 -8.575914812923199861e+03 -2.026657025645147223e+04 -4.963093806681537899e+03 4.872413010297910660e+03 -1.622641214830568788e+04 -8.953529562867182904e+03 -2.062986569796902404e+04 -2.179783084079192849e+04 -1.528157394114500676e+03 3.304320911101822276e+04 1.038487000621816151e+03 1.255646949999806748e+04 2.447931793793998440e+04 3.473278539495064615e+04 2.344364787735650680e+03 3.325819130567549564e+03 9.416124804644045071e+03 -2.489936048992545329e+04 1.457629055296262413e+04 2.650087224452737428e+04 1.807175672920086299e+03 4.340499507976071072e+03 2.250683338390612789e+03 -2.555825661328075512e+04 -1.530792576071655640e+04
-1.668680206655579153e+06 -6.286395789023219841e+05 1.070235894365957007e+06 1.023535284309133931e+04 -3.660453246373861330e+05 1.094494402107389760e+05 3.572623453395313118e+05 1.232954354315487435e+05 3.166099294837078196e+05 1.256356116138561483e+05 5.925224506625885842e+05 2.262335498753319494e+06 4.845250600917245029e+05 1.139560737119039113e+05 3.804417652063601417e+04 1.409984198649944301e+04 -8.172394460646805237e+04 -2.189363313804604331e+04 -9.906314710892886797e+04 -1.084084898054582663e+04 -2.636089428195325127e+03 -1.005530234261899932e+04 -6.273139927196796179e+02 6.905657307282977854e+04 3.830085447748283332e+04 -1.598995938144555657e+04 -2.377203513125212703e+04 1.984682172293106851e+04 2.442099933771588258e+04 -3.863676466672135575e+04 3.964371887045511539e+04 -1.551071111531326460e+04 7.206379743919699649e+03 -3.052975984889808024e+04 -1.719981506619192442e+04 -2.495731166753149864e+03 -8.768114948260365054e+03 -1.016879964281742105e+04 -9.705982932395516400e+03 -1.126850694601648866e+04 6.875370423056684558e+03 -3.573429256964776869e+04 1.228737833962736840e+04 2.683597204781994515e+04 2.061546021943816595e+04 -2.783413486431265937e+03 -2.042298389319629860e+04 -1.196957328943065113e+04 -3.674267429845017887e+03 1.431081142959152749e+04 1.317566323371918406e+04 2.220867411728237857e+04 5.013604647076290348e+03 8.631007185671347543e+03 8.097549237938489568e+03
1.489252277644394781e+05 -5.988161320873264922e+05 6.487894224747463340e+03 -3.971210245374906226e+05 -3.207320750299748033e+05 1.558269878430656972e+05 1.859732558825766901e+05 -7.528767183263976767e+04 9.078939446240721736e+04 6.278305344445993251e+04 1.035663950731578661e+05 4.845250600917245029e+05 1.971213659542551031e+06 4.068245655527619529e+05 1.316042735729331907e+05 9.122410651324581704e+04 2.414498994220570239e+04 -1.137404421204315213e+03 -1.768620794092262440e+04 4.069047935020986188e+04 2.707774603343814306e+04 5.309680948023514065e+04 -5.136821142724333185e+04 5.020614974108076240e+03 3.838446279403068911e+04 5.700303719006194115e+03 5.290832770382293529e+04 6.487090246656025556e+04 2.445363470138009143e+04 6.370777111512512420e+03 -6.386879741491968161e+03 -2.491170116126073026e+03 1.569918686852253268e+04 1.466004614920419772e+04 -3.479733254217496778e+03 1.882450476010825150e+04 7.280208494075862291e+03 9.098567138865079187e+02 -3.306648456156356133e+02 3.473290785821416648e+03 2.888924906915143220e+04 -1.123007377985615130e+04 2.017963546221122670e+04 8.686173365567285146e+03 -1.624373001366926292e+04 9.346229034441446856e+03 -1.633143882697527624e+04 -5.003601028720624527e+03 1.474178116041960038e+03 1.456758178539629444e+04 2.704598862678067599e+04 1.826548794066063056e+04 2.172353531984583969e+04 3.600331426856741928e+03 1.772240067823216668e+04
2.793423049544612295e+05 7.396464604955600225e+04 4.534047836213607225e+05 1.951326813847874000e+05 4.668855942710111267e+05 2.487555804905515397e+05 9.751158781683201960e+04 -1.755213583709116210e+04 8.795679096347258019e+04 6.866914170270948671e+04 9.960823746410779131e+04 1.139560737119039113e+05 4.068245655527619529e+05 1.653361944703359623e+06 3.568947380472579389e+05 2.468595105260251876e+04 4.505692597172961541e+04 4.943511361349482468e+04 -7.276693331243054672e+03 6.154386890801537083e+04 6.224956202475641476e+04 2.698035706030410438e+04 -8.505218427934449892e+02 1.728709253004386846e+04 3.550423215102933318e+04 1.687891284728629034e+04 -5.265338788245115211e+03 2.114693255639462586e+04 9.242814840457315313e+02 -3.593579399486265174e+03 1.353210167906681636e+04 2.510356083350764948e+03 4.149726763944274353e+03 -7.672492443026286310e+03 -2.049353047760566551e+04 1.448691649427288939e+04 1.981903234836498086e+04 1.148311145063934600e+04 -1.693372489859494817e+04 -4.965844356839213106e+03 2.051077964627476467e+04 1.811389825666442994e+04 -1.366888590654517429e+04 -8.877365747533389367e+03 -1.599830107543385566e+04 5.285684208149026745e+03 -1.553700411640221682e+04 1.358060727796975925e+03 6.902855045980886644e+03 -8.986701318236933730e+03 -7.386411067089373319e+03 -1.435408928488156198e+04 2.275410877190909105e+03 -5.943812266901466501e+03 -1.326970558522813553e+04
1.156185636961276876e+06 1.093307901521994791e+05 9.709692312480237160e+04 2.845040019116320764e+05 3.486887851515439106e+05 7.553339267063894658e+04 1.875237992336226744e+05 8.276929864166875632e+03 5.823806600366318162e+04 1.050948802313561755e+05 1.324241124457371479e+05 3.804417652063601417e+04 1.316042735729331907e+05 3.568947380472579389e+05 1.324195857429539319e+06 2.581180326052198361e+05 4.915090811066995229e+04 3.260424280140521296e+04 9.915192924620018857e+02 1.541929952701408365e+04 5.335240765130028740e+04 7.797184035582533397e+03 4.342100339413153051e+03 3.339157695404920560e+03 -9.662857517938784440e+03 2.126790204580592763e+04 -6.043019522527971276e+03 -3.479087612771540080e+03 1.370638204383618540e+04 3.180158243834192035e+04 9.348633667601650814e+03 1.768001280615499127e+04 3.657997137021667004e+04 2.840122947476856552e+03 -2.523722881425783635e+04 4.409146920834907178e+03 3.647034641006331367e+04 1.759745536190172061e+04 9.917056059591010126e+03 5.683632059294641294e+03 4.888657924457900663e+03 1.532179709206738517e+04 -1.988318140568274248e+04 -1.133948728209161527e+04 2.139015778247345224e+04 1.220192824009754440e+04 -3.165401446084399140e+03 -1.629329882171406098e+04 -3.378495780839116833e+03 -7.336287620039342073e+03 -1.714990511366917053e+04 5.747026380153838545e+03 2.327228400687099565e+03 1.354375099279741562e+03 3.706532512601305370e+03
-4.763996936864301679e+05 5.504520250537551474e+05 1.856548246830311837e+05 -2.039719653307739936e+05 8.935179046597213892e+04 8.646881918658752693e+04 -7.342020700298075099e+04 -5.843829896888217627e+04 1.785146392395791918e+04 6.132231670781243884e+04 6.098403268518219556e+04 1.409984198649944301e+04 9.122410651324581704e+04 2.468595105260251876e+04 2.581180326052198361e+05 1.031357674489325844e+06 1.854030017230368394e+05 1.708651547324718558e+04 6.336467412968555436e+04 3.368340088449325413e+04 2.389390793841436971e+04 7.341764316319226054e+03 1.118462057701159210e+04 1.533973990870810303e+04 1.733302866364304646e+04 1.562139685847676265e+04 1.483483804668726589e+04 3.293650863832676259e+04 -7.809987355394857332e+03 1.063886349583388801e+04 1.163398164028714564e+04 -1.029086874205708227e+03 5.700217567712627897e+03 -1.033268200470498959e+04 -1.158342042506881808e+04 4.082876427412718385e+03 1.128730463103584771e+04 1.227185494532688790e+04 1.567222783431387325e+04 6.078301725756784435e+03 -3.480231856884495755e+03 1.193612102162583142e+04 1.757172837747641825e+04 1.276444766114577942e+04 2.402796744009388203e+04 2.184547513261390122e+04 2.594972770677310109e+04 8.578203962112236695e+03 1.663957450783005697e+03 -9.426413502617037011e+03 -1.954147093909366959e+03 1.259909062552332762e+04 2.173307645729427895e+04 5.925786223183300535e+03 8.293143219076404421e+03
-6.760377484076444525e+05 4.545738437800150714e+05 1.085796051787471952e+05 -1.825379997001817974e+05 5.991776332095242833e+04 4.361442735700277262e+04 1.299479684296868654e+05 3.540745857687440730e+04 -8.326484061854670290e+04 3.831962560303945338e+03 4.801800004066052679e+03 -8.172394460646805237e+04 2.414498994220570239e+04 4.505692597172961541e+04 4.915090811066995229e+04 1.854030017230368394e+05 9.525082107394200284e+05 1.904728844170264201e+05 5.510382295266172150e+04 3.693861588117617066e+04 5.853647085598188823e+03 4.067137886154092121e+04 1.381911907995661932e+04 -1.567850252094149982e+04 -4.101034206550132694e+03 9.857078433293683702e+03 1.861076099997643178e+04 1.015103421802952653e+04 3.202453507852704934e+04 5.238031456956236798e+04 1.236041243588225552e+04 3.203166139861671400e+04 1.270472192342029985e+03 -1.026917700366804820e+04 3.112964797432039995e+04 6.103380184059850762e+03 1.338794161357007852e+03 2.868360379966595065e+04 7.992171883972972864e+03 -8.559900471054575064e+02 8.914671506795048117e+03 6.523632469158796084e+03 3.137399968939357677e+03 5.188171186299549845e+03 -5.428824467511501098e+03 -5.386307933051222790e+03 8.285025320431959699e+03 1.053613196120657904e+03 -6.731171743292979045e+03 -4.379474813421029467e+03 7.165085643419127337e+03 1.483811404924042472e+04 5.716031283027659811e+02 8.818153444087169191e+03 7.074270358527914141e+03
-8.466679419582238188e+04 2.818919806339979405e+05 -2.389256924598020851e+05 1.143142978295058711e+05 1.608145147136257146e+05 -8.305004596812726231e+04 -1.058825407802298141e+05 -4.530146874604744517e+04 2.497844644620832696e+04 -2.387649173639547735e+04 -2.675520630428884488e+03 -2.189363313804604331e+04 -1.137404421204315213e+03 4.943511361349482468e+04 3.260424280140521296e+04 1.708651547324718558e+04 1.904728844170264201e+05 8.034895661392912734e+05 1.586753477118061855e+05 3.379868059484475089e+04 5.223281721821690007e+04 3.904673379547342483e+04 2.544317823622120341e+04 2.650603769682635902e+04 2.055408803065809025e+03 6.878244930600675616e+03 1.809459094289453424e+04 3.164629085292155651e+04 5.653437905916028285e+03 8.624992997321212897e+03 5.359893955116692268e+03 1.936083339846223680e+04 1.458913466056279867e+04 -6.462934385509618551e+03 -4.395989527624760740e+03 7.579620582882381314e+03 8.274055086281627155e+03 1.767926494432623440e+04 -2.572987523330664317e+03 3.643094670797290291e+03 1.418474021443803213e+04 5.687044370885912031e+03 4.296166019929556569e+03 -9.406427788879364016e+03 -5.562674475273863209e+03 -4.671757848483213706e+02 -6.144711959163692882e+03 -1.443813770739698839e+03 1.240352348046056068e+04 -3.171585684170787772e+03 -2.418860416729626650e+03 1.559969309135126787e+04 1.368506473104677025e+04 6.834619502415352144e+03 2.008896562164834904e+04
1.634962537345474411e+05 -2.348141723877717159e+05 3.361776942403707071e+05 1.669840515185254335e+05 1.782622529304056661e+05 8.137456612296565436e+04 1.924515133315533749e+05 5.968310082694912126e+04 1.996712564101761416e+02 4.995966839830288518e+04 4.518336821707069612e+04 -9.906314710892886797e+04 -1.768620794092262440e+04 -7.276693331243054672e+03 9.915192924620018857e+02 6.336467412968555436e+04 5.510382295266172150e+04 1.586753477118061855e+05 8.095691489980205661e+05 1.951704941539475694e+05 5.582899825240846258e+04 3.746477122947610042e+04 4.058886774294137285e+04 -5.266982982048303711e+03 4.215388853634884072e+03 -1.279502689572015697e+03 5.826026070529555000e+03 3.141964254013640675e+04 1.404568460768378282e+04 1.504704213821601843e+04 -3.066110271465566711e+03 1.857035653575740798e+04 3.369788591233064653e+04 5.558167266376476618e+03 7.828439060572015478e+03 -2.392447358590107342e+03 2.241935302266241342e+04 3.089097571734561825e+03 -2.666855070041677391e+04 -1.161609376148434421e+03 1.012492934044969297e+04 1.802468521189043167e+04 1.254781347386113521e+04 9.441214937283577456e+03 4.315478413486114732e+03 1.625379330479900636e+04 -2.853473506683586038e+03 -2.675663367614492017e+03 3.621456487784902038e+03 -1.265821254461588978e+03 -2.416653568259880103e+03 4.006068463131100089e+03 -5.781731770899621552e+03 3.095336263110436903e+03 3.280577053554638042e+03
7.899606315509659471e+05 5.880918533148706774e+04 5.426493030926754000e+05 1.298357167220140982e+05 9.437425967131493962e+04 -6.052011721784137626e+04 1.157125580069627031e+05 8.805455352777881490e+04 1.090583910260733101e+05 1.223746136382328405e+05 3.406886633666996204e+04 -1.084084898054582663e+04 4.069047935020986188e+04 6.154386890801537083e+04 1.541929952701408365e+04 3.368340088449325413e+04 3.693861588117617066e+04 3.379868059484475089e+04 1.951704941539475694e+05 6.657514820187179139e+05 1.381742875236066175e+05 3.171985838716412763e+04 2.346667668453141232e+04 1.878588760685409943e+04 3.071085422896713499e+04 1.765841500422631361e+04 2.622425867239546278e+04 -1.572658402073612888e+04 2.594846432574911887e+03 -3.037434155593893138e+03 1.591300213726631591e+04 1.852634361810791233e+04 1.089368634242494591e+04 3.393224562284421154e+03 -9.242511190939416338e+03 1.167441991827629636e+03 1.946836757144115472e+04 1.478281213342673982e+04 1.488276270395338724e+04 8.670090536972533300e+03 1.046149059511640735e+04 8.553547234561401638e+03 2.152681205686743397e+03 -1.554309321823906066e+04 -9.896147359711090758e+03 -1.025720419938192435e+03 1.950661643161018219e+04 1.514222840349929356e+04 1.429523070610025934e+04 9.487968109857385571e+03 7.917947420307659741e+03 5.760409205979709441e+03 -7.912226868271967760e+03 -1.910606158955066121e+03 6.371347520542041821e+03
-3.888165642370630521e+05 -2.565725698409509787e+05 2.506607796775808965e+05 1.580065364852912608e+05 1.863385811931928329e+05 1.075789462033022755e+04 1.744062167090572475e+05 1.132602948041963682e+05 -3.140868160735902347e+04 8.096955601671662589e+04 1.903797761880544567e+04 -2.636089428195325127e+03 2.707774603343814306e+04 6.224956202475641476e+04 5.335240765130028740e+04 2.389390793841436971e+04 5.853647085598188823e+03 5.223281721821690007e+04 5.582899825240846258e+04 1.381742875236066175e+05 5.560746536470479332e+05 1.302428386958702176e+05 4.952806702169453638e+04 2.211491924941788238e+04 3.897049763106767205e+04 2.197084055271832040e+04 3.122280849013700572e+04 -8.321097957962838336e+03 1.414102044568334168e+04 1.053740678145831953e+04 1.357474505372580279e+04 -6.220509767526014002e+03 1.351022715663604868e+04 -5.805496956171614329e+03 1.963313183896970259e+03 1.824922467457220773e+04 3.594067089017403487e+04 6.334185059190281208e+03 -3.864008968387990421e+02 8.003379609111282662e+03 7.113076692649712641e+03 1.508393483169072056e+02 9.515892534082249767e+03 -4.720248299022461651e+03 -1.081211061876998065e+04 2.959609384272740954e+03 8.239642765325061191e+03 1.016307624363136347e+04 -4.741654554848839325e+03 -3.455561848036566516e+03 -2.492285840229340920e+03 1.482876332958816647e+03 -3.841012048600561002e+02 -6.970642725362959936e+03 4.268267970692843846e+03
2.161206063636617619e+05 -1.646158133970847121e+05 1.334632776451270911e+05 8.447872549549068208e+04 1.575671037768910464e+05 5.604457549893613032e+04 2.961831161247341151e+04 7.645882242521099397e+04 4.351386603776858101e+04 -7.317896200263313949e+04 2.381532419772008507e+04 -1.005530234261899932e+04 5.309680948023514065e+04 2.698035706030410438e+04 7.797184035582533397e+03 7.341764316319226054e+03 4.067137886154092121e+04 3.904673379547342483e+04 3.746477122947610042e+04 3.171985838716412763e+04 1.302428386958702176e+05 5.536217653732881881e+05 1.332541005271485483e+05 2.621720661700036726e+04 3.982767013301229599e+04 1.784620962734428031e+04 2.790957378943657750e+04 1.892218350048604771e+04 -4.747559277310423568e+03 8.264477412019259646e+03 1.142272517470878665e+04 1.720265197829636963e+04 1.776780139485851396e+04 1.374549098072425477e+04 -3.608694852061200436e+03 8.236968873242882182e+03 1.133227585339135294e+04 4.247698886068987122e+03 5.325733965874796922e+03 -9.899949940313377738e+03 7.429463922285047374e+03 3.017581451711544105e+03 -1.434574158371091471e+03 -1.143666968228717269e+04 -7.683674205492276087e+03 3.828715231310530271e+03 2.725693181388489847e+03 9.226638936945389560e+02 5.346710556884668222e+02 -6.611691762137436854e+03 9.622771864740112733e+02 7.908157382548056091e+01 2.052550124459326526e+03 2.335863999942805094e+03 1.179146025110384107e+04
4.824958962436586153e+05 8.099643116615824692e+04 6.244571325322554185e+04 7.967870388422768156e+04 9.287050212174038461e+04 -2.856626591577870386e+03 -4.070583598650746717e+04 -1.351797262629453871e+04 6.967684542406204855e+04 -2.290338507019639565e+02 6.232265194489934947e+04 -6.273139927196796179e+02 -5.136821142724333185e+04 -8.505218427934449892e+02 4.342100339413153051e+03 1.118462057701159210e+04 1.381911907995661932e+04 2.544317823622120341e+04 4.058886774294137285e+04 2.346667668453141232e+04 4.952806702169453638e+04 1.332541005271485483e+05 4.740598397257175529e+05 9.586511728854087414e+04 3.284074462414736627e+04 6.461475353264325349e+03 3.207505983223603380e+03 1.686794324822740964e+04 8.127037802125505550e+03 -2.943804173425416593e+03 2.962592635432884435e+03 1.343049659811422680e+04 1.894844851512645982e+04 1.654157721418640722e+04 1.487688856830077202e+04 1.063728016525276325e+04 9.216370442462526626e+03 4.725100460701654811e+03 -2.801957214705705610e+03 2.662010844222508695e+03 3.382471098997328227e+03 1.536087413205379198e+04 -2.179883564315222429e+03 -2.898093512857247333e+03 1.503971878286505853e+04 5.122622577099839873e+03 1.351503751400747660e+03 8.749864346081290932e+03 9.497889339372675749e+03 6.973002799622943712e+03 6.196414947520916030e+03 9.916425546045151350e+03 6.253987356602733598e+03 1.121954790824397060e+04 2.788636209670316475e+03
3.773121007500410196e+05 2.229004294601782749e+05 8.024731096237459860e+04 1.575081955434787960e+05 1.622573923456191842e+05 -1.811337995183029125e+04 -1.468856958042540828e+04 -1.005953863764739363e+05 1.023260163069988630e+05 4.059289677007679711e+04 3.372240344872843707e+04 6.905657307282977854e+04 5.020614974108076240e+03 1.728709253004386846e+04 3.339157695404920560e+03 1.533973990870810303e+04 -1.567850252094149982e+04 2.650603769682635902e+04 -5.266982982048303711e+03 1.878588760685409943e+04 2.211491924941788238e+04 2.621720661700036726e+04 9.586511728854087414e+04 4.211930399107726407e+05 1.056030689850939089e+05 2.479137156668649186e+04 2.427043951257115259e+04 2.216420809173975795e+04 3.694867069761863604e+03 5.499323224057989137e+03 1.846848293628305328e+04 1.638249451395388132e+04 3.345712142984404636e+04 1.106116602767678160e+04 -1.340932030741669405e+04 -7.599614723410112674e+03 -7.365370160104814659e+02 -1.164388398758722724e+04 1.559775325424415132e+04 8.739639673684292575e+03 -5.639878207035752666e+02 1.554177281684104173e+03 1.018802597120560313e+04 9.092177715479372637e+03 9.714323052766932960e+03 1.098719453539865754e+03 -4.133257599811659929e+03 2.201064336030274262e+03 1.093164159949160967e+04 2.567001411287787960e+03 6.590217627701499623e+03 1.350830641082369402e+04 4.330806024480790484e+02 4.694556571756987069e+03 3.086227189988297596e+03
6.370193960667194333e+05 -3.777716088139365456e+04 -2.478933172444545780e+05 1.514275715078985377e+05 1.921473433679771188e+04 2.781564721951421689e+03 6.153654672145378572e+04 7.474077575205206813e+04 1.108347237180472730e+05 4.070455876112696569e+04 6.661327087048706017e+04 3.830085447748283332e+04 3.838446279403068911e+04 3.550423215102933318e+04 -9.662857517938784440e+03 1.733302866364304646e+04 -4.101034206550132694e+03 2.055408803065809025e+03 4.215388853634884072e+03 3.071085422896713499e+04 3.897049763106767205e+04 3.982767013301229599e+04 3.284074462414736627e+04 1.056030689850939089e+05 4.130363743145772023e+05 1.141585415740375611e+05 4.125336392112830072e+04 2.326744241623497510e+04 3.877069633539552797e+03 1.974454860086300641e+03 2.096194262471800903e+04 2.043050293650953972e+04 1.594182973560369464e+04 2.328387013428693899e+04 3.902448067792012353e+03 4.480341003459036074e+03 1.203728668884039689e+04 5.874680324326346636e+03 8.369035922880633734e+03 2.817728602831693479e+03 8.780393611533329022e+03 1.214663799500159985e+04 7.407768701203181990e+03 -6.739812512017341760e+03 3.101260842655702163e+03 7.659024768132611825e+03 -3.866531600561389951e+03 4.991503033956648324e+03 1.016756412129724254e+03 8.334322840615654059e+03 3.827170208685536181e+03 1.064215277285120101e+04 -3.063536010266912854e+03 -4.058531164087139587e+03 6.374554953277936875e+03
8.943415227186193806e+04 -7.597849081157075125e+04 -1.071361784303971363e+05 -1.040935449477845686e+05 -6.817229404275090019e+03 -1.189233398114279771e+04 1.424677092023796868e+05 3.217662077085490091e+04 -4.544588824091239803e+04 1.401366378180863830e+04 3.873815392336479272e+04 -1.598995938144555657e+04 5.700303719006194115e+03 1.687891284728629034e+04 2.126790204580592763e+04 1.562139685847676265e+04 9.857078433293683702e+03 6.878244930600675616e+03 -1.279502689572015697e+03 1.765841500422631361e+04 2.197084055271832040e+04 1.784620962734428031e+04 6.461475353264325349e+03 2.479137156668649186e+04 1.141585415740375611e+05 3.893528984212380601e+05 1.044572765269843949e+05 2.970030802067355762e+04 1.906669551817983665e+04 2.694683603150309500e+04 2.325032806120603709e+04 5.332864206879916310e+03 9.249863736151834019e+03 1.052360894460463714e+04 1.184633007500612075e+04 1.938143060564721600e+04 2.668433636132872925e+04 2.217423152911864599e+04 1.492839323683348994e+04 7.292115617350545108e+03 -3.802336468124880867e+03 5.707530143944408337e+03 -1.368834447975800458e+03 -1.061288196303474251e+03 1.047724221713309453e+04 -1.346154310789565216e+03 -4.440477427349596837e+03 1.480099072595033931e+03 7.854045874086353251e+03 9.734206662362437783e+03 -4.150506389151682015e+03 1.606753941682339700e+03 -7.445327811224037760e+03 -4.235053489904064008e+03 7.148329003885484781e+03
-2.298615284162471071e+05 -2.968317741802974706e+04 3.294173877419587225e+05 5.285606191951415531e+04 -1.384276922538016224e+05 6.039993883626601018e+04 1.057593112959160790e+05 9.457514406930032419e+04 5.743893874315801804e+04 -9.757097103858171977e+03 1.184089673348370525e+04 -2.377203513125212703e+04 5.290832770382293529e+04 -5.265338788245115211e+03 -6.043019522527971276e+03 1.483483804668726589e+04 1.861076099997643178e+04 1.809459094289453424e+04 5.826026070529555000e+03 2.622425867239546278e+04 3.122280849013700572e+04 2.790957378943657750e+04 3.207505983223603380e+03 2.427043951257115259e+04 4.125336392112830072e+04 1.044572765269843949e+05 3.309608651333263842e+05 8.739763419559031900e+04 1.699303186626939714e+04 -2.473056334862158110e+03 1.653624634070916727e+04 1.145215888058225119e+03 5.678197567059378343e+03 -2.833127761211971574e+03 1.745427929985618175e+04 2.303608837501203379e+04 7.110024620784157378e+03 1.760681416618311050e+04 1.551216515312705087e+04 -7.580681263455389853e+02 1.660596850594745092e+03 8.741131710771020153e+03 1.647694457913117276e+03 -1.168357793494972299e+02 5.223157630475909173e+03 6.204480917448568107e+03 -6.712332904533413057e+03 4.719473760272937852e+02 5.701010930958610516e+03 -1.086807791824005989e+02 6.158119428867094030e+02 8.435101208153904508e+02 9.483849947317923579e+03 -1.628048268251678110e+03 5.497592035573752582e+03
1.178251140375081741e+05 -2.548897431794179138e+05 2.468253288172767498e+05 -1.622040268980000401e+05 -1.583890522502711101e+05 -5.577576422086015373e+04 6.348852308995951898e+04 5.438134354043789790e+04 3.521910916752152843e+04 1.389785465121293782e+04 3.400666951068558410e+04 1.984682172293106851e+04 6.487090246656025556e+04 2.114693255639462586e+04 -3.479087612771540080e+03 3.293650863832676259e+04 1.015103421802952653e+04 3.164629085292155651e+04 3.141964254013640675e+04 -1.572658402073612888e+04 -8.321097957962838336e+03 1.892218350048604771e+04 1.686794324822740964e+04 2.216420809173975795e+04 2.326744241623497510e+04 2.970030802067355762e+04 8.739763419559031900e+04 3.071692403395478614e+05 7.277907297288987320e+04 1.454662120572990716e+04 2.461110180723244412e+04 1.830838111370186016e+04 5.546529574421948382e+03 7.199496142676420277e+03 7.714885885856167079e+03 2.543654917142704562e+03 3.744404975475342781e+03 3.931659898115531178e+03 1.393467235051653006e+04 3.289762150977940109e+03 -1.858207282072991575e+03 6.929299719611114597e+03 3.749473159921953084e+03 -1.780104064451860268e+03 6.585104995485555264e+03 1.111264369557966802e+03 2.479809627960541548e+03 -2.480981652872099858e+03 7.036454455042792688e+03 5.446375174491359758e+03 -3.391684646372598309e+03 4.786279971382132317e+03 2.586625364296874523e+03 3.044396948664434149e+03 9.184749833879723155e+03
