# Pk covarinace for p=1.6, SGC Pk*A/Q0(0)
9.574620430026208162e+08 1.033986710139797777e+08 9.443549037261685356e+06 9.018822257802128792e+06 5.747274761056135409e+06 -2.412832860005003866e+06 1.576921736822183477e+06 1.986639803546940908e+06 8.624407538211971987e+05 -6.699032692135950783e+05 -1.942211782768999459e+06 -2.517255611921980977e+06 -5.194740021348691662e+05 1.472014245698404033e+06 -2.460444084943116643e+06 7.144986448554543313e+04 -5.390314624117662897e+05 -1.619284466704370454e+06 5.159164499945103307e+05 -6.424163520902215969e+05 3.730951149573686416e+05 -1.202688760673710378e+06 9.405493004666995257e+05 9.341531198737070663e+05 2.893766741987498826e+05 -6.252843883884626848e+04 -1.436197747260041942e+05 6.864300491403863998e+04 -2.906101608225484379e+05 -6.475633156691633631e+05 -6.373033582364062313e+05 -6.549032683265710948e+05 -2.676472165292334466e+04 7.282851595688145608e+05 -6.750226381835938082e+04 1.376166076706926979e+05 -4.628150260461983853e+05 2.765605894916882971e+05 -1.509243545484709903e+05 -4.926565357873269240e+05 -9.635716942507759086e+04 3.540461311178304022e+05 1.991991165758707502e+05 8.835957816262096458e+04 -2.296569732809288835e+05 -2.414941323371298495e+04 -3.293791038950164802e+05 -3.244344815374822356e+05 -7.923650710567522037e+04 3.273488389757884306e+03 2.447950375167880266e+05 -3.578084487784613739e+05 -6.304659139099168824e+05 -1.310913140961920144e+05 1.992565384073839814e+05
1.033986710139797777e+08 1.960578896711162627e+08 3.145535859016508237e+07 4.606504195928295376e+05 -9.247018641824550286e+04 -2.262195594927937258e+06 8.364006199992418988e+04 1.055553722981186351e+06 9.407670287313553272e+05 -1.872524327273699455e+05 -1.522141876823216444e+05 -2.355758826312089514e+04 2.954685952975019463e+05 4.359727104284222005e+05 -7.192866638892623596e+05 -7.442213273942195810e+05 -1.130164472697946476e+06 -7.350069366174237803e+05 -1.101291554337294801e+05 -1.583219006367163965e+05 6.510505525250941282e+05 -3.836817575418152728e+02 2.762617553664696170e+05 -1.202754484834922332e+05 1.787343956915625895e+05 -5.451761273607361363e+05 4.121444490028214932e+04 -3.353130916164611699e+05 -4.620188584996063146e+05 -2.034332273942288302e+05 4.934061030410303647e+04 -3.687536533991279430e+05 1.060408466618026141e+05 3.375233494821989443e+05 -1.286634671663137997e+05 -2.757636315599700320e+05 -3.583774304894926026e+05 -3.229834830226169433e+05 -3.529473425543177873e+05 -2.447704813255204062e+05 -3.510821966126297484e+05 6.208023036537940061e+04 4.803602348752006947e+04 1.626532095964070868e+04 -3.714545970588818891e+05 -1.742007807375954872e+05 -3.252677035437089507e+05 -2.500728965286482435e+03 4.901595156175392185e+04 1.196264128931293817e+05 7.954713265374349430e+04 -1.834304625879507512e+05 -1.002989456908447464e+05 2.172687915690932277e+04 -7.925210142181644915e+04
9.443549037261685356e+06 3.145535859016508237e+07 8.954171322551146150e+07 1.438870702465185337e+07 3.166457972232245840e+06 -6.694815717887958454e+04 8.428440862481533550e+05 -1.480628186935718637e+06 1.203498552869053558e+06 2.802384954423107556e+05 3.897306303095905459e+05 -5.641114896827656776e+05 -5.196988188095355290e+05 6.933957372027487145e+04 -1.194640287263599923e+06 -7.144067033600752475e+05 -2.793330550829067361e+05 -7.406316764721774962e+05 -2.541059344367695739e+05 -1.299667670372608700e+04 1.898602592092378472e+05 -3.662160448856423318e+04 2.664207969531809213e+05 4.521126976988769457e+04 -1.490938392540862551e+05 7.039357269407827698e+04 4.445139999218167213e+04 -3.600523840248145862e+05 -2.880444848425216624e+05 -5.013930420068446256e+04 -3.371447094023338286e+04 -1.364763592116887448e+05 3.935962563533215143e+04 -4.238207313128733404e+03 1.001732415600629902e+05 9.511970262413071760e+04 1.455694430109045934e+05 7.041119960712094326e+04 -4.595673188899149682e+04 1.233179426822730165e+05 1.579194393371881742e+05 1.442263215408540855e+05 9.078284025076960097e+04 1.060373594403426250e+05 1.939429890529665136e+04 1.892345398150644323e+05 7.954781561277300352e+04 4.586457742088775558e+04 -1.240063576836923021e+05 -8.728611701134685063e+03 1.761439229733674147e+05 5.823746469579751283e+04 9.286961674810550176e+04 5.875900328001320304e+04 1.985511970787812606e+04
9.018822257802128792e+06 4.606504195928295376e+05 1.438870702465185337e+07 4.514298109160353243e+07 8.310489297528107651e+06 1.049508368740850128e+06 2.154036662337509333e+05 9.253645096590544563e+04 2.026755031767927285e+05 -3.784856792320242384e+05 -2.156679988325392769e+05 -7.031229340770407580e+05 -3.398145526602707105e+05 5.041783501785556291e+04 2.242809847412969975e+05 3.551188541986369091e+04 2.045261776992493833e+04 -5.357844876795067830e+04 -4.288814054864423815e+05 -9.483691677604689903e+04 1.444273289658992435e+05 7.748189475606974156e+04 1.163739342586789280e+05 9.867696319996326929e+04 9.859066464783834817e+04 7.859140871243237052e+04 1.843030926807301876e+05 -5.225558259097336122e+04 5.975898105786767701e+04 3.283442098040218116e+05 1.996594246371796544e+04 1.006544355228393397e+04 1.858553170876739614e+03 -1.858285477216342042e+04 -9.723761453408069428e+03 9.022897141770348753e+03 -5.420831940486568783e+04 2.860332902563405878e+04 9.149576367312614457e+04 5.795416416263463907e+04 2.717919215784301559e+04 7.752677039607078768e+04 1.589068225853746699e+05 1.345810395938173751e+05 -8.897249870923062554e+04 5.552554591029474250e+04 9.877011093090044596e+03 1.982708058677088047e+04 -5.627936683996736247e+04 -1.022328862010644079e+05 7.721855130605993327e+04 2.309488964729172949e+04 5.145649187743628136e+04 6.396117326195398346e+04 9.301124100351693050e+04
5.747274761056135409e+06 -9.247018641824550286e+04 3.166457972232245840e+06 8.310489297528107651e+06 2.539390049148718640e+07 5.064060554745548405e+06 1.219509202700594440e+06 8.678791765342011058e+04 -4.989174305600340012e+05 -9.614850849077884050e+04 -3.474848849042896472e+04 1.803187419472259062e+05 9.076273112056204991e+04 -1.746062996255293547e+05 -3.791831631183040008e+04 -3.265164811174432907e+04 -2.330916103169077251e+05 5.544742710792474099e+04 -6.929674156367538671e+04 1.273753191224437760e+05 2.187380801597242826e+05 2.306679067516513460e+05 3.735465072426792176e+04 -6.292150524170215795e+04 -5.850038916016724397e+04 -3.476650640755765198e+04 4.347741743258205679e+04 6.797712741290917620e+04 -5.679249957368039031e+04 1.434546792843523144e+05 3.741718903116062575e+04 4.795973635831607680e+04 -1.235036983316607366e+05 -3.902443978471701848e+04 -5.781195146898361418e+04 7.089349105893215165e+04 -7.467122469018310949e+04 3.220618479450221639e+04 7.902209837809557212e+04 1.041815263944191975e+04 -7.488088564877818862e+04 -6.115696154604340336e+03 9.805741857381208683e+04 4.021145497837872244e+04 -9.098969567348306009e+04 3.980869804101873888e+04 4.085070903563394677e+04 -4.850564927700872795e+04 2.373887158902498777e+04 1.742129918006523803e+04 5.331983444825391780e+04 1.109678546238891286e+05 1.652106678483207816e+03 -2.015299768725198373e+04 -6.597580816027959372e+03
-2.412832860005003866e+06 -2.262195594927937258e+06 -6.694815717887958454e+04 1.049508368740850128e+06 5.064060554745548405e+06 1.583397681743512861e+07 2.934926696266879328e+06 6.699831176260022912e+05 1.373920000006736082e+05 1.215915179995462240e+05 9.983573723358109128e+05 4.069000022519939812e+05 3.340390970178755815e+05 1.547373427991445933e+05 8.942204281132557662e+04 2.349670804695142433e+05 -2.145235528009210975e+04 1.075367972812806402e+05 2.418848482659689034e+04 3.108858861389701633e+04 1.773913781148201379e+05 1.485870140597471800e+04 -9.490572416665527271e+03 -9.561591632536106044e+04 -1.595335855090191035e+04 4.198430426029695809e+04 9.203167307990459085e+04 6.214649788548849028e+04 2.938916223167335556e+04 1.100561938887888573e+04 2.003594937092290274e+04 2.477102715405259369e+04 3.400612245025746233e+04 -5.893527957089927077e+04 2.731792810196444407e+04 -2.736338208224215123e+04 5.827981889871017302e+03 -3.176998598394120199e+04 2.724315989851025370e+04 2.022241937421539114e+04 -9.714556121355746654e+03 -9.655194947008991221e+03 4.434536357088961086e+04 7.943171059725036321e+04 -2.331488765525344206e+04 8.084075990319866105e+04 3.683837868258001981e+04 8.040335420249733033e+03 5.175592696260486991e+04 6.624312928974490205e+04 4.655123384620472643e+04 4.701371965760304738e+04 -5.178550370446701891e+03 -3.284618717967964039e+04 4.958510700752015691e+04
1.576921736822183477e+06 8.364006199992418988e+04 8.428440862481533550e+05 2.154036662337509333e+05 1.219509202700594440e+06 2.934926696266879328e+06 1.150310000503110327e+07 2.340372814402491320e+06 1.387767052337922796e+05 7.449785460712948116e+05 5.760225383872872917e+05 2.974624722132259049e+05 2.017038446427617164e+05 -6.441725359462182678e+04 7.595117559625324793e+04 3.221620272706788965e+05 1.133616991068310308e+05 9.936738809612356999e+04 9.676468995760253165e+04 -2.412696740187301111e+04 3.218078776287872097e+04 1.726283004304700880e+05 -4.716772263051220216e+04 -2.870334377779172428e+04 2.026838951801373914e+05 1.761410196943546762e+05 -5.144045329396676971e+04 7.796842390206156415e+04 7.838375867129434482e+04 1.105508599219566386e+05 4.238527501854835282e+04 -1.278443237505483921e+04 7.641628306749834155e+04 9.810395823777340411e+04 6.145171128467260132e+04 1.328965820642174804e+05 3.950929488698083878e+04 5.755219162095630600e+04 -7.111470193282340188e+04 6.153919336928175471e+04 1.663069535028835162e+04 1.048224296774969698e+05 1.008893328265965829e+05 1.585223199967967048e+04 -1.776837184062270899e+04 -2.901835834573387547e+04 -5.504310638969881438e+03 -2.812812553085328545e+04 -1.372313939827791728e+03 4.823536153573704360e+04 1.367328394777450376e+04 3.689248805097654258e+04 -2.470423998390181805e+04 -1.406484220476697192e+04 1.784082265981135060e+04
1.986639803546940908e+06 1.055553722981186351e+06 -1.480628186935718637e+06 9.253645096590544563e+04 8.678791765342011058e+04 6.699831176260022912e+05 2.340372814402491320e+06 7.684316447857129388e+06 1.323932047947351821e+06 3.905459547793495585e+05 1.223509810305596475e+05 2.265569083059492550e+04 -1.365746883956487000e+05 -6.004182690273451954e+03 -5.390405365948582039e+04 7.329033726503183061e+03 2.007419933236861834e+05 9.064884146241257258e+04 1.577633357035068912e+04 3.259289515726533500e+04 4.800390984560756624e+04 -5.334706925162741391e+04 -4.819418761701894255e+04 -3.367839421395162208e+04 1.349751636021663435e+05 -1.009213581478211563e+04 -6.342098326665377681e+04 5.332903248423404148e+04 4.831931784602020343e+04 2.548486427629964965e+04 -5.893755858645574335e+03 1.186985917129286236e+03 7.428717512519838056e+04 6.195897251872566267e+04 -2.126717305355419739e+04 -1.127436574768535684e+04 1.170197684301361369e+04 8.537382988577013748e+03 -2.552801058372548869e+04 4.128821959145156870e+04 -2.034608257649033840e+04 -4.687620473532626306e+02 2.591342261641306322e+04 2.845162361138535198e+04 2.512719534973436566e+03 -3.161450830867230252e+04 -2.735532303107385815e+03 -3.123567558722475587e+04 2.920846752517645655e+03 2.959594689119860050e+04 -3.861078275438311539e+04 -9.739304402479087003e+03 9.776678657643254837e+02 5.460325683987165394e+04 1.803819685147404743e+04
8.624407538211971987e+05 9.407670287313553272e+05 1.203498552869053558e+06 2.026755031767927285e+05 -4.989174305600340012e+05 1.373920000006736082e+05 1.387767052337922796e+05 1.323932047947351821e+06 6.072036074918312021e+06 1.134946609006060753e+06 6.136823962135104375e+04 -1.244134389878109914e+02 4.015741572415703558e+04 2.113485988153337385e+05 1.613216915231068560e+05 6.127977937802513043e+04 -1.624739102065609768e+05 1.520616962211006903e+05 2.981739805277026608e+04 5.955640840687027230e+04 -2.815201505333046589e+04 -5.408955407549162192e+04 -3.947976603553251334e+04 7.106680822049312383e+02 5.830444072789845086e+04 -2.728646300533988324e+04 -2.248867284095733339e+04 7.208497913171371329e+04 1.182343819508935485e+04 1.352763152016564345e+04 2.952006662486656205e+04 3.737219964149496718e+03 2.736732142843606198e+03 -3.040787570549008524e+04 2.448439323007180428e+04 -1.674429934613471778e+04 -6.499063835143623464e+02 3.586135672473806335e+04 4.511267316744508571e+04 2.834563937190153865e+03 5.491756321093163024e+03 -3.607630485581154790e+04 5.299596009226288515e+03 -2.719547506749572221e+03 4.270401256867720804e+04 -1.231172899450503428e+04 -1.342389417928390912e+03 3.221414617625869596e+03 1.429569876534289688e+04 -4.099867611565817060e+04 -2.534120439400339455e+04 4.253736204163797083e+04 2.275385188352559635e+04 4.555794746677738294e+04 5.221202549346120577e+03
-6.699032692135950783e+05 -1.872524327273699455e+05 2.802384954423107556e+05 -3.784856792320242384e+05 -9.614850849077884050e+04 1.215915179995462240e+05 7.449785460712948116e+05 3.905459547793495585e+05 1.134946609006060753e+06 4.368732695295900106e+06 1.009987416589952423e+06 1.053299798949334072e+05 -5.719044634157033579e+04 1.188183657593088865e+05 1.016050258078879415e+05 9.264644491085036134e+04 5.386362226415521036e+03 1.186970313939649495e+05 1.843844293749214849e+05 1.391206905551608361e+05 3.661924998956939817e+04 5.960056835863693414e+04 -7.184212593119507073e+04 -8.708105534987410647e+04 1.024458229571981792e+04 3.675596412642020732e+04 -1.709918506750844244e+04 8.671695375961896207e+04 4.648521059162741949e+03 -6.748518819972868368e+04 5.444806660829495377e+04 -1.604021043720114358e+04 -2.080756904757819939e+04 -4.275921501150250492e+02 -2.840127092109206933e+04 -2.151702192715571073e+04 3.385605884832917945e+04 3.073950717664209151e+03 -5.008306783374652696e+03 8.329116057182296572e+03 1.716127119408309954e+04 4.598302683397525107e+04 -3.606861970627962819e+03 1.877583741228409417e+04 1.703183426473884538e+03 -2.698311858365345324e+04 -2.841484179404983297e+04 -6.583883929506063396e+03 1.771490724963743196e+04 1.667086846662180687e+04 5.127654944598388283e+03 2.361079354008060545e+04 6.964351284518459579e+03 6.006311254676246790e+03 8.452374695822098147e+03
-1.942211782768999459e+06 -1.522141876823216444e+05 3.897306303095905459e+05 -2.156679988325392769e+05 -3.474848849042896472e+04 9.983573723358109128e+05 5.760225383872872917e+05 1.223509810305596475e+05 6.136823962135104375e+04 1.009987416589952423e+06 3.711785039134384133e+06 8.661224287112564780e+05 1.641044377940710692e+05 6.011004432998372795e+04 -6.262788331620706595e+04 7.946232243350701174e+04 1.951875736110676371e+05 6.836022998529608594e+04 4.450196313894152991e+04 4.677639081327646272e+04 9.906209174645620806e+04 6.919766761807922740e+04 6.163994966017104889e+04 2.753611894599178868e+03 -1.481156237768944266e+04 2.542314507746941672e+04 3.484051657382849953e+04 1.028036961674819322e+05 -3.336310540680883423e+04 -3.243676810569073496e+04 7.052055927343155781e+04 7.250185690929653356e+04 1.990228175962403475e+04 -3.026076388161648720e+04 -4.504154318935781703e+03 1.009868855400363282e+04 -3.475130662818763085e+04 -3.055248246118246607e+04 -1.365262578666402260e+04 2.658568433072805055e+04 4.862168743649108364e+04 5.952037090118766355e+04 1.472366840251218309e+04 4.850614206022654253e+04 -1.853871831377425769e+04 1.108965469959114307e+04 1.206288906202745602e+04 1.485907751159473946e+03 -3.793076518704952377e+03 3.764670894037693415e+03 -1.057372483754324094e+04 2.679255123696539886e+04 4.559947939281942126e+03 -2.361645570519118337e+04 2.155390149050614127e+04
-2.517255611921980977e+06 -2.355758826312089514e+04 -5.641114896827656776e+05 -7.031229340770407580e+05 1.803187419472259062e+05 4.069000022519939812e+05 2.974624722132259049e+05 2.265569083059492550e+04 -1.244134389878109914e+02 1.053299798949334072e+05 8.661224287112564780e+05 2.819296409074870404e+06 8.269147706469830591e+05 1.256047345211762440e+05 1.237944632392576605e+05 -4.404675331656232447e+04 2.774490276300756886e+04 2.498843943013946773e+04 9.756372674206340889e+03 -3.311418818011301937e+03 4.163163776236594276e+04 -1.044495695795444044e+04 2.349573635820312847e+04 -1.814083659320205334e+04 -3.491156451545521850e+04 -9.155104074367949579e+03 -3.549742026391231207e+02 8.508503919364993635e+04 -2.740258003574367467e+04 -2.030966067941288202e+04 2.592986821155280632e+04 2.656501326655502635e+04 3.443980534070875729e+04 -2.633499031844358797e+03 7.469621560942649921e+03 1.953949550203075341e+04 -9.850841523288632743e+03 -2.547648515297015911e+04 -4.683702970233085216e+04 -2.013852451452122114e+04 1.419298668828531481e+04 8.883791435642477836e+02 2.656331653115318841e+04 -3.768297214180299761e+03 -1.385481608174090798e+04 8.771818517425530445e+03 1.965410870054948828e+04 -8.896417689563531894e+02 -1.239375244486879274e+04 -1.704741356760036069e+03 5.969762133069705669e+03 4.085997887104346592e+04 1.917783130552544390e+04 3.017489284257959298e+03 4.171052994786764430e+02
-5.194740021348691662e+05 2.954685952975019463e+05 -5.196988188095355290e+05 -3.398145526602707105e+05 9.076273112056204991e+04 3.340390970178755815e+05 2.017038446427617164e+05 -1.365746883956487000e+05 4.015741572415703558e+04 -5.719044634157033579e+04 1.641044377940710692e+05 8.269147706469830591e+05 2.592766503598191310e+06 6.609784810680570081e+05 1.328574833433581807e+05 -4.369015157316589466e+04 1.042192361152470257e+05 9.971108384120200935e+04 2.375658197239521542e+04 8.090620805384730920e+04 1.048747395396616776e+05 -2.519297053148314080e+04 5.975903848220767395e+04 3.497512655314233416e+04 3.929759661418887117e+04 1.747576506306479496e+04 6.288893482741940534e+04 5.017448545675801870e+04 1.952124356363241532e+04 -3.583662226484356506e+04 -3.097052769560316301e+04 1.496399470817900692e+04 -1.010413903153894353e+04 -8.850608690647766707e+03 3.300837237607085990e+04 -5.917748920634362548e+03 2.080892019421801888e+04 -8.344196640458505499e+03 -2.745984504005049530e+04 2.418753678747556478e+04 3.766706415224629018e+04 1.281241593112492774e+04 2.425476950301134275e+04 1.504124565766699925e+04 5.637991992088331244e+03 -1.202759308214768498e+04 -1.034470559904769652e+04 -1.997588498138133582e+04 3.603039035740822328e+03 1.015730719673603744e+04 -6.343269001736738574e+03 1.231118582873852574e+04 1.029314521879797940e+04 -3.171552894459229356e+04 -1.224913081759897977e+04
1.472014245698404033e+06 4.359727104284222005e+05 6.933957372027487145e+04 5.041783501785556291e+04 -1.746062996255293547e+05 1.547373427991445933e+05 -6.441725359462182678e+04 -6.004182690273451954e+03 2.113485988153337385e+05 1.188183657593088865e+05 6.011004432998372795e+04 1.256047345211762440e+05 6.609784810680570081e+05 2.204611436299814843e+06 3.898236694479385624e+05 1.609282543126059172e+05 1.339291604855529440e+05 1.103452048905145784e+05 8.202218058202065004e+04 1.271131989772164816e+05 4.733174639725961606e+04 -3.327088750903232722e+03 3.633199573832457099e+04 7.055020474371919408e+04 2.683907862011698671e+04 5.014734007552224284e+03 3.202886643566387647e+04 3.302617300567583879e+04 -9.557252278643647514e+03 2.994120726922799804e+04 4.007576759414681874e+03 -2.179120641592163884e+04 -7.999476510414255245e+03 4.014973497916252381e+04 3.117581264582006406e+04 8.958116890875337504e+02 1.123967666337770606e+04 1.542809180118048425e+04 -1.596556725352878129e+04 -5.106856060026862906e+03 4.092857942432889104e+03 -2.358302438912523212e+04 -2.443230501158609695e+04 8.107915091614283483e+03 1.359791981318471153e+04 -7.160004351332552687e+03 -2.557490712703710960e+04 -2.250682455650362317e+04 -4.951434244167570796e+03 1.666454821775119490e+04 8.548390135954061861e+02 -2.604493093532617786e+04 2.046557344746885065e+04 -6.977675953110798218e+03 -5.448035046457330282e+03
-2.460444084943116643e+06 -7.192866638892623596e+05 -1.194640287263599923e+06 2.242809847412969975e+05 -3.791831631183040008e+04 8.942204281132557662e+04 7.595117559625324793e+04 -5.390405365948582039e+04 1.613216915231068560e+05 1.016050258078879415e+05 -6.262788331620706595e+04 1.237944632392576605e+05 1.328574833433581807e+05 3.898236694479385624e+05 1.733954804156190250e+06 4.847967242341357050e+05 1.351375478481216414e+05 1.497301296273052867e+05 7.348404206899976998e+04 6.026562030213550315e+04 7.922943018199269136e+04 1.365266676090327019e+04 -2.281724892509636265e+04 3.881633142213393057e+03 7.052962198637539404e+04 9.599541499102519083e+03 3.468228408396186569e+04 2.593558714530826182e+04 2.090654354933532886e+04 2.913307509350555483e+04 7.076405857065589771e+03 1.698704451249635531e+04 9.484104109719051849e+03 5.362701376808578971e+03 2.576915522824189975e+04 1.944421524620211812e+03 2.451905084441469808e+04 -1.353057492893001654e+04 5.669182905533411031e+03 -2.914814367159124231e+03 1.753306541145989831e+04 2.139330566709697086e+04 2.896483402732899413e+04 -6.131576703280908987e+03 1.355160831169454832e+04 -1.086632248435762267e+04 -8.407407768438188214e+03 -6.196250661152170323e+03 2.977869277759552915e+02 1.792148551168760969e+04 5.007717936145550084e+03 2.432780012066310974e+03 1.857174532805248600e+04 7.502982904818139104e+03 -7.355479642629607042e+02
7.144986448554543313e+04 -7.442213273942195810e+05 -7.144067033600752475e+05 3.551188541986369091e+04 -3.265164811174432907e+04 2.349670804695142433e+05 3.221620272706788965e+05 7.329033726503183061e+03 6.127977937802513043e+04 9.264644491085036134e+04 7.946232243350701174e+04 -4.404675331656232447e+04 -4.369015157316589466e+04 1.609282543126059172e+05 4.847967242341357050e+05 1.521095452593546594e+06 3.401545078652961529e+05 9.961422911652715993e+04 6.172681260116298654e+04 1.143183004702104081e+05 5.156367231494864245e+04 3.096552165842222530e+04 3.037482502477710659e+04 7.882264208667127241e+04 7.181469948163187655e+04 2.509416459136796220e+03 2.851261370432985495e+04 6.170296730112288060e+04 3.821020467526798711e+03 3.375516645526039792e+04 2.386147359424821843e+04 1.637814252208493963e+04 1.254072196890057057e+04 -3.736355779827652441e+03 -3.946746884466985193e+03 1.718824548472633251e+04 1.550144685092034342e+04 5.326684160266307117e+03 2.653720371985345628e+04 2.678408016354960637e+03 3.249987916716282780e+04 1.012191426648394554e+04 1.551582719181833272e+04 1.776964765619747050e+04 2.123086697384131639e+03 1.742115575650602113e+04 5.676864279943843940e+03 7.066660092911030006e+03 -1.934982482327875459e+03 2.127529900835304215e+04 1.194302733926425026e+04 7.515397085358019467e+03 -7.938003206295329619e+02 -1.542165994808443975e+04 3.389750542013036466e+04
-5.390314624117662897e+05 -1.130164472697946476e+06 -2.793330550829067361e+05 2.045261776992493833e+04 -2.330916103169077251e+05 -2.145235528009210975e+04 1.133616991068310308e+05 2.007419933236861834e+05 -1.624739102065609768e+05 5.386362226415521036e+03 1.951875736110676371e+05 2.774490276300756886e+04 1.042192361152470257e+05 1.339291604855529440e+05 1.351375478481216414e+05 3.401545078652961529e+05 1.290541848425146425e+06 2.983044409745619050e+05 1.190403053980339319e+05 1.104035749702767498e+05 4.325872160523108323e+04 5.587787164798672893e+04 9.979140782871416013e+04 2.438923342304705875e+04 3.200019128645923047e+04 -3.243026906718989267e+03 1.023313382501682463e+04 4.321280965565767838e+04 3.857715645974204381e+04 3.289217383247838006e+04 1.096350812665676858e+04 1.769343207537417402e+04 1.106305549855975914e+04 2.140836450147665164e+04 2.035380502074549440e+04 1.049169989662375156e+04 3.654364505588764132e+03 -3.496857442201308004e+03 4.489675447932003408e+03 1.953322652150635258e+04 1.592907997077612163e+04 2.147211119443941789e+04 7.570962764044013056e+03 1.218027272076111512e+04 -1.257464448746161543e+04 -1.712296048278600210e+03 -5.918107686638841187e+03 -1.395595419598808576e+03 -1.839475860662580453e+04 -5.879042556228610920e+03 9.507976721419079695e+03 1.258540719014834394e+04 3.675100589966546522e+03 -1.102952837255704253e+04 5.278417366052831312e+03
-1.619284466704370454e+06 -7.350069366174237803e+05 -7.406316764721774962e+05 -5.357844876795067830e+04 5.544742710792474099e+04 1.075367972812806402e+05 9.936738809612356999e+04 9.064884146241257258e+04 1.520616962211006903e+05 1.186970313939649495e+05 6.836022998529608594e+04 2.498843943013946773e+04 9.971108384120200935e+04 1.103452048905145784e+05 1.497301296273052867e+05 9.961422911652715993e+04 2.983044409745619050e+05 1.047959969633028144e+06 2.977977009895989904e+05 9.371952259485774266e+04 7.246367076124495361e+04 3.537351296425938926e+04 1.811041814020129823e+04 4.848596316755541920e+04 3.345245146201969328e+04 1.149432145238759222e+04 2.706623211395584440e+04 3.177154944459204489e+04 -3.555712849420935981e+03 2.680535945318057202e+04 2.210581152473850307e+04 4.043675275515222893e+04 2.058135078448934655e+04 7.923723319791789436e+03 8.905807398871220357e+03 -2.361272870138316284e+04 -4.798929249864089797e+03 -5.999808628132453123e+03 1.591249225602153456e+04 1.745153200978194945e+04 2.242392656139783139e+04 2.546724008973867512e+03 7.705351078593704187e+03 3.807085629605501708e+03 1.517016095046496957e+04 1.300996697714236325e+04 -1.835395949016428631e+03 -7.581211149108979043e+03 1.572383215117435066e+04 1.069417049038384721e+04 6.650178622981769877e+03 1.265950937568934387e+04 4.302806961349313497e+03 1.524786190469584290e+04 2.164490842074144166e+04
5.159164499945103307e+05 -1.101291554337294801e+05 -2.541059344367695739e+05 -4.288814054864423815e+05 -6.929674156367538671e+04 2.418848482659689034e+04 9.676468995760253165e+04 1.577633357035068912e+04 2.981739805277026608e+04 1.843844293749214849e+05 4.450196313894152991e+04 9.756372674206340889e+03 2.375658197239521542e+04 8.202218058202065004e+04 7.348404206899976998e+04 6.172681260116298654e+04 1.190403053980339319e+05 2.977977009895989904e+05 9.649826119179456728e+05 2.308616245650037599e+05 1.063419278975020134e+05 1.860597717175433718e+04 7.996350932411139365e+04 4.833274263640563731e+04 -3.700569878051223327e+02 1.772872295514535654e+04 2.247905102111636006e+04 4.674838491087653529e+04 2.674718666088346436e+04 2.656139767776263034e+04 1.201927626451127617e+04 1.024613991499257281e+04 2.764586774339580643e+03 9.723914598021532584e+03 2.419542428651605405e+03 4.931866217285135463e+03 -1.547875263238841762e+04 6.887546343386532499e+03 -9.507571168839178426e+03 1.279770412240400037e+04 2.920095922116326165e+03 1.618284982838112228e+03 -2.377132767245818832e+04 -4.495379940519804904e+02 -2.779327618339340461e+03 7.097614490354777672e+02 -2.730320243292963369e+03 -8.847369235906497124e+03 8.344753047313961360e+03 1.540761153263292363e+04 1.175079084374596459e+04 6.775024959131215837e+03 -1.405978453187803279e+04 8.263643901724024545e+03 3.750560245460068927e+03
-6.424163520902215969e+05 -1.583219006367163965e+05 -1.299667670372608700e+04 -9.483691677604689903e+04 1.273753191224437760e+05 3.108858861389701633e+04 -2.412696740187301111e+04 3.259289515726533500e+04 5.955640840687027230e+04 1.391206905551608361e+05 4.677639081327646272e+04 -3.311418818011301937e+03 8.090620805384730920e+04 1.271131989772164816e+05 6.026562030213550315e+04 1.143183004702104081e+05 1.104035749702767498e+05 9.371952259485774266e+04 2.308616245650037599e+05 8.110216929467369337e+05 1.545046680417563766e+05 3.817503348821318650e+04 5.287736434515460132e+04 4.817879990739812638e+04 5.556189033913292951e+04 3.560515398695143085e+04 1.823816187682339660e+04 1.962538918204796573e+03 2.858669233565107788e+04 2.312921495626940668e+04 2.712623836683633272e+04 6.972521059610579869e+03 9.000862920526365997e+03 1.162553314900509395e+04 4.363928086140077539e+03 -7.773634145275429546e+03 2.564303715529676992e+02 1.040676473817384976e+04 2.058643961193321229e+04 1.726518292176038085e+04 -8.482217508856676432e+03 4.674245188670973221e+03 -4.288946926864196030e+03 -2.382363786016367442e+02 -1.503988570687860374e+03 -1.597600760215952107e+02 -1.012460889386719100e+04 -1.763956690561567666e+04 -2.796479753155259459e+03 -9.465953636815982009e+02 7.663795951919514664e+03 -3.108172621178627651e+03 2.467921305788910331e+02 -5.448440073415275037e+03 -4.940807765471126004e+03
3.730951149573686416e+05 6.510505525250941282e+05 1.898602592092378472e+05 1.444273289658992435e+05 2.187380801597242826e+05 1.773913781148201379e+05 3.218078776287872097e+04 4.800390984560756624e+04 -2.815201505333046589e+04 3.661924998956939817e+04 9.906209174645620806e+04 4.163163776236594276e+04 1.048747395396616776e+05 4.733174639725961606e+04 7.922943018199269136e+04 5.156367231494864245e+04 4.325872160523108323e+04 7.246367076124495361e+04 1.063419278975020134e+05 1.545046680417563766e+05 7.175303450043279445e+05 1.863829288255587744e+05 5.840840051165013574e+04 5.487055423023751064e+04 3.889193752684101491e+04 8.197282307155772287e+03 2.688469193202779934e+03 9.193663586545042563e+03 2.969987903357181494e+04 1.287149698000756689e+04 7.538727289464889509e+03 8.845079846739154164e+03 7.103957073508842768e+03 7.699450746056584649e+03 -8.407522502912692289e+03 -1.042396698478357212e+04 -1.731025167685989345e+03 -9.820592699405939129e+03 -3.449475831417271365e+02 2.166974143017814214e+01 4.012654864831660689e+03 2.019633166907538453e+03 2.082505829019665271e+03 2.335213872602776246e+04 -2.647470175637788088e+03 4.964209845860133100e+03 2.621467087172172342e+03 1.726091673840639089e+02 -7.430260353821602621e+03 3.995472015195382482e+03 2.047134477013119749e+03 1.273382279826062950e+04 4.662653306651965977e+03 6.616548578436118987e+03 9.215538991039504253e+03
-1.202688760673710378e+06 -3.836817575418152728e+02 -3.662160448856423318e+04 7.748189475606974156e+04 2.306679067516513460e+05 1.485870140597471800e+04 1.726283004304700880e+05 -5.334706925162741391e+04 -5.408955407549162192e+04 5.960056835863693414e+04 6.919766761807922740e+04 -1.044495695795444044e+04 -2.519297053148314080e+04 -3.327088750903232722e+03 1.365266676090327019e+04 3.096552165842222530e+04 5.587787164798672893e+04 3.537351296425938926e+04 1.860597717175433718e+04 3.817503348821318650e+04 1.863829288255587744e+05 6.561374528069082880e+05 1.755071224778358883e+05 1.437135555475456385e+04 1.116739638644830848e+04 1.309985726274994340e+04 4.447099708891460068e+03 1.637732431799912774e+04 1.717712405815941383e+04 2.559586745201678423e+04 -5.723207744460814865e+03 1.362553053040801569e+04 1.850768340117547632e+04 1.023933513739065165e+04 -2.726585405662783614e+03 -7.211685781070171970e+02 -1.125332122108268595e+04 -1.745838618950188902e+04 -1.583892810432948136e+04 1.637491853326385899e+04 1.136660935560576945e+04 5.568323685223442226e+03 -6.706302140876210615e+03 2.639205883757648280e+03 -3.836651270298121119e+01 -8.313216926844097543e+03 2.337107011216503452e+03 2.304266666243197960e+03 -1.392585390946055304e+04 8.608729483082177467e+03 6.319384692363837530e+03 1.301546801602583037e+04 -8.898004171126613073e+03 -1.408585202231928633e+04 -1.129290675652456230e+04
9.405493004666995257e+05 2.762617553664696170e+05 2.664207969531809213e+05 1.163739342586789280e+05 3.735465072426792176e+04 -9.490572416665527271e+03 -4.716772263051220216e+04 -4.819418761701894255e+04 -3.947976603553251334e+04 -7.184212593119507073e+04 6.163994966017104889e+04 2.349573635820312847e+04 5.975903848220767395e+04 3.633199573832457099e+04 -2.281724892509636265e+04 3.037482502477710659e+04 9.979140782871416013e+04 1.811041814020129823e+04 7.996350932411139365e+04 5.287736434515460132e+04 5.840840051165013574e+04 1.755071224778358883e+05 6.129903753507809015e+05 1.523348839250912133e+05 1.983196527731343303e+04 1.299125035428655792e+04 7.018639970296399952e+03 2.323756263369145017e+04 3.422284585824580427e+04 1.868325020269431116e+04 1.002805072936141914e+04 1.635836835595183402e+04 1.808285867376764145e+04 4.274125707597062501e+03 1.283582529263980359e+04 9.218870774893131966e+03 9.351193892758101356e+03 -1.046465024546901805e+04 6.836619981614271069e+01 1.037901822730063577e+04 3.841286857132093246e+03 5.048879106026838599e+03 -8.181295626737641214e+03 9.273972856629568923e+03 7.213203749903892685e+02 -8.939271652602255926e+03 -6.403643801887328664e+03 -9.442885659402159945e+03 -1.938423202497999591e+04 4.389706609888116304e+02 -4.924697416826374138e+03 7.503910827530372444e+03 -6.738806370351071564e+02 -5.807086358397300501e+03 -2.312844931958415600e+03
9.341531198737070663e+05 -1.202754484834922332e+05 4.521126976988769457e+04 9.867696319996326929e+04 -6.292150524170215795e+04 -9.561591632536106044e+04 -2.870334377779172428e+04 -3.367839421395162208e+04 7.106680822049312383e+02 -8.708105534987410647e+04 2.753611894599178868e+03 -1.814083659320205334e+04 3.497512655314233416e+04 7.055020474371919408e+04 3.881633142213393057e+03 7.882264208667127241e+04 2.438923342304705875e+04 4.848596316755541920e+04 4.833274263640563731e+04 4.817879990739812638e+04 5.487055423023751064e+04 1.437135555475456385e+04 1.523348839250912133e+05 5.737989311704722932e+05 1.680230224903103663e+05 2.394690912450688484e+04 2.117041513260917054e+04 -2.357674277474737210e+03 2.343353859123387883e+04 3.201626523350237403e+04 1.738622711442193031e+04 3.408752019081490289e+04 1.625657578732086949e+04 -7.651833034881000231e+02 1.047901987451910770e+02 -1.227448598862598010e+04 -5.177922103918343964e+03 -1.141042134535514742e+04 6.674786945401086996e+03 -2.290472358983030517e+03 -1.458400574983372508e+03 -5.278247034185401390e+03 9.961481437311031186e+03 8.424695603992062388e+03 -9.397168428279683212e+03 3.165862317042374798e+03 8.134441603887503334e+03 3.209256411372992716e+03 9.009016171474844668e+03 4.255745666269464891e+03 8.542033405603466235e+03 7.784985106082125640e+03 7.188606693144451128e+03 2.922492254593543294e+03 1.209014877816032822e+04
2.893766741987498826e+05 1.787343956915625895e+05 -1.490938392540862551e+05 9.859066464783834817e+04 -5.850038916016724397e+04 -1.595335855090191035e+04 2.026838951801373914e+05 1.349751636021663435e+05 5.830444072789845086e+04 1.024458229571981792e+04 -1.481156237768944266e+04 -3.491156451545521850e+04 3.929759661418887117e+04 2.683907862011698671e+04 7.052962198637539404e+04 7.181469948163187655e+04 3.200019128645923047e+04 3.345245146201969328e+04 -3.700569878051223327e+02 5.556189033913292951e+04 3.889193752684101491e+04 1.116739638644830848e+04 1.983196527731343303e+04 1.680230224903103663e+05 5.345691108067079913e+05 1.184376723719037836e+05 4.451071183981830472e+03 1.109037962245320705e+04 2.463459034025205256e+04 1.822450564318810939e+04 1.584296728956974948e+04 1.860920078058337094e+04 1.728373944631765698e+04 7.750171371984387406e+03 -2.101814474752460228e+03 -1.632256914055994821e+04 -6.232854873378722914e+03 1.156194910502404673e+04 -1.015578498768014242e+03 1.259067286096578528e+03 -4.374302375300363565e+03 1.107478900603088505e+03 1.217956033279538360e+03 -5.605911694884368444e+03 -4.294535892355377655e+03 6.698739141902561641e+03 -1.056104022937761692e+04 -1.389165028268327478e+04 5.692690987679059617e+03 3.248397192907724730e+03 5.182347999227824403e+03 -3.431440379086816392e+03 -8.864106476728929920e+02 -2.235951006047549072e+03 2.626529357024345245e+03
-6.252843883884626848e+04 -5.451761273607361363e+05 7.039357269407827698e+04 7.859140871243237052e+04 -3.476650640755765198e+04 4.198430426029695809e+04 1.761410196943546762e+05 -1.009213581478211563e+04 -2.728646300533988324e+04 3.675596412642020732e+04 2.542314507746941672e+04 -9.155104074367949579e+03 1.747576506306479496e+04 5.014734007552224284e+03 9.599541499102519083e+03 2.509416459136796220e+03 -3.243026906718989267e+03 1.149432145238759222e+04 1.772872295514535654e+04 3.560515398695143085e+04 8.197282307155772287e+03 1.309985726274994340e+04 1.299125035428655792e+04 2.394690912450688484e+04 1.184376723719037836e+05 4.475250542407833855e+05 1.018099628353543230e+05 2.991389477124159384e+04 6.551544603272582208e+03 -5.631405460653752925e+03 1.191419357384901195e+04 2.355904314583911400e+04 3.526263016445030371e+04 2.711947946747319656e+04 -5.315171536575104255e+03 1.302494788578906264e+04 1.865921899002966529e+04 3.367302918533360298e+03 -1.109495424282867134e+04 9.805424626061021627e+03 -9.607852237359000355e+03 1.357657629779797935e+04 -5.324028977975148337e+03 1.212346546441325700e+04 1.698750953297782326e+04 8.246529705812592510e+03 4.986479010293744977e+03 1.524889382359339152e+03 -3.470891661070631471e+03 5.245496637363724403e+03 5.305287187051365436e+03 -2.193969152772531743e+03 1.168929104549736803e+04 -1.904374039435816485e+03 -7.587129908337280995e+02
-1.436197747260041942e+05 4.121444490028214932e+04 4.445139999218167213e+04 1.843030926807301876e+05 4.347741743258205679e+04 9.203167307990459085e+04 -5.144045329396676971e+04 -6.342098326665377681e+04 -2.248867284095733339e+04 -1.709918506750844244e+04 3.484051657382849953e+04 -3.549742026391231207e+02 6.288893482741940534e+04 3.202886643566387647e+04 3.468228408396186569e+04 2.851261370432985495e+04 1.023313382501682463e+04 2.706623211395584440e+04 2.247905102111636006e+04 1.823816187682339660e+04 2.688469193202779934e+03 4.447099708891460068e+03 7.018639970296399952e+03 2.117041513260917054e+04 4.451071183981830472e+03 1.018099628353543230e+05 4.269795698510124348e+05 9.803392018288308464e+04 7.828592477549566865e+03 2.000861658204551350e+04 1.309161350117006077e+04 -8.319431025902440524e+03 6.814940933196895458e+03 1.560360308278596494e+04 1.710905126653009938e+04 1.223688072312959048e+04 1.230240932619094747e+04 1.911799403116088570e+03 1.356158373396557909e+04 9.037650904377236429e+02 -2.257392588580853044e+03 1.791550760917620551e+02 8.005670019919049082e+03 1.800622985871724813e+04 1.970988632662127657e+03 4.987327386393892084e+03 8.077961569241742836e+03 1.219498044913118065e+04 9.446777420346108556e+03 1.036866026018891534e+04 1.236423977342108446e+04 7.792319699069327726e+03 6.583957583358544980e+03 4.264683003789159557e+03 8.590364470283284390e+03
6.864300491403863998e+04 -3.353130916164611699e+05 -3.600523840248145862e+05 -5.225558259097336122e+04 6.797712741290917620e+04 6.214649788548849028e+04 7.796842390206156415e+04 5.332903248423404148e+04 7.208497913171371329e+04 8.671695375961896207e+04 1.028036961674819322e+05 8.508503919364993635e+04 5.017448545675801870e+04 3.302617300567583879e+04 2.593558714530826182e+04 6.170296730112288060e+04 4.321280965565767838e+04 3.177154944459204489e+04 4.674838491087653529e+04 1.962538918204796573e+03 9.193663586545042563e+03 1.637732431799912774e+04 2.323756263369145017e+04 -2.357674277474737210e+03 1.109037962245320705e+04 2.991389477124159384e+04 9.803392018288308464e+04 3.828348478589294245e+05 8.375102687729126774e+04 2.112604622121706416e+04 2.085555221652282489e+04 1.986075913273693368e+04 1.644232803800044712e+04 1.197053092476875827e+04 1.114772934947061003e+04 2.231891697149516403e+04 7.433947084964607711e+03 6.475551271019433443e+03 7.782890795680616520e+02 -3.951614190876487100e+03 -3.332625974447477347e+03 2.906348567737074518e+03 2.662170351126006608e+03 3.408625681068696849e+03 2.251449697550750898e+03 -1.742811361904014575e+03 -3.020935484955728498e+03 5.734862882850836286e+03 8.604830295550069422e+03 1.687375050005277808e+04 2.629184803920516060e+03 1.937462480747024074e+03 2.482750489950306928e+03 -1.247984142371240523e+03 5.199311501683322604e+03
