#Data file ../eboss_data/eBOSS_QSO_clustering_data-SGC-vDR16.txt
#Random file ../eboss_data/eBOSS_QSO_clustering_random-SGC-vDR16.txt
#Number of data elements used: 125499
#Number of random elements used: 7169801
#Effective number of data elements weighted by wcol: 135244.203654
#Effective number of randoms elements weighted by wcol: 7727606.743769
#Effective number of data elements weighted by wcol*wsys: 135477.949666
#Effective number of randoms elements weighted by wcol*wsys: 7557160.948627
#Effective redshift value from data 1.541280
#Effective redshift value from randoms 1.541240
#Size of the Box 6400.000000 Mpc/h
#Area of the survey used 1839.000000 deg^2
#Value of alpha: 0.017927
#Normalization using randoms file
#Normalization 1.060801e-05
#Type of Computation: FFT
#Number of grid cells: 512
#Type of Mass Assigment: PCS
#Type of Yamamoto: GridCenter
#Number of Interlacing steps: 2
#Grid Correction: yes
#Value of Om=0.310000
#Computation using multigrid: no
#Shapes of the triangles: all
#k1-centerbin	 k1-eff	 k2-centerbin	 k2-eff	 k3-centerbin	 k3-eff	 Bispectrum-Bshotnoise	 Bsn	 Q-Qsn	 Qsn	 Number of Triangles
0.005000 0.005785 0.005000 0.005785 0.005000 0.005785 41430650253.019463 5268463149.715467 5.372174 0.683144 1279602.000000
0.005000 0.005785 0.005000 0.005785 0.010000 0.010426 -13993521059.409697 5268463149.715467 -2.421726 0.911763 1649546.000000
0.005000 0.005785 0.005000 0.005785 0.015000 0.015283 126207640446.094208 5268463149.715467 22.133173 0.923936 134678.000000
0.005000 0.005785 0.010000 0.010426 0.010000 0.010426 8258048480.863504 5268463149.715467 1.962359 1.251944 5389684.000000
0.005000 0.005785 0.010000 0.010426 0.015000 0.015283 48509474725.347862 5268463149.715467 11.699147 1.270608 4780802.000000
0.005000 0.005785 0.010000 0.010426 0.020000 0.020215 42118252010.584618 5268463149.715467 9.165009 1.146427 350293.999999
0.005000 0.005785 0.015000 0.015283 0.015000 0.015283 29617222457.779755 5268463149.715467 7.249952 1.289659 11787603.999999
0.005000 0.005785 0.015000 0.015283 0.020000 0.020215 35221617131.790390 5268463149.715467 7.774842 1.162964 9423194.000000
0.005000 0.005785 0.015000 0.015283 0.025000 0.025168 62648197895.963966 5268463149.715467 15.234619 1.281171 593030.000000
0.005000 0.005785 0.020000 0.020215 0.020000 0.020215 23950389265.706924 5268463149.715467 4.785288 1.052639 21398212.000000
0.005000 0.005785 0.020000 0.020215 0.025000 0.025168 21344693589.191895 5268463149.715467 4.681800 1.155598 15663374.000001
0.005000 0.005785 0.020000 0.020215 0.030000 0.030121 20164788495.733223 5268463149.715467 4.391092 1.147263 990241.999998
0.005000 0.005785 0.025000 0.025168 0.025000 0.025168 10126693744.080732 5268463149.715467 2.446415 1.272760 32795632.000004
0.005000 0.005785 0.025000 0.025168 0.030000 0.030121 41672797733.686134 5268463149.715467 9.992096 1.263246 23355854.000000
0.005000 0.005785 0.025000 0.025168 0.035000 0.035112 56224466982.008629 5268463149.715467 14.471753 1.356063 1409678.000000
0.005000 0.005785 0.030000 0.030121 0.030000 0.030121 36191782107.479477 5268463149.715467 8.613203 1.253830 47400076.000006
0.005000 0.005785 0.030000 0.030121 0.035000 0.035112 23680684695.224075 5268463149.715467 6.048534 1.345674 32754265.999997
0.005000 0.005785 0.030000 0.030121 0.040000 0.040109 29667107892.012329 5268463149.715467 8.638221 1.534027 1831502.000002
0.005000 0.005785 0.035000 0.035112 0.035000 0.035112 23152970038.423279 5268463149.715467 6.359883 1.447193 65639740.000004
0.005000 0.005785 0.035000 0.035112 0.040000 0.040109 24561003840.706871 5268463149.715467 7.723306 1.656689 43715865.999997
0.005000 0.005785 0.035000 0.035112 0.045000 0.045093 40465663534.510292 5268463149.715467 13.771363 1.792975 2501093.999999
0.005000 0.005785 0.040000 0.040109 0.040000 0.040109 26268293739.385811 5268463149.715467 9.538648 1.913105 84659196.000019
0.005000 0.005785 0.040000 0.040109 0.045000 0.045093 20096511571.502022 5268463149.715467 7.943057 2.082337 56070730.000015
0.005000 0.005785 0.040000 0.040109 0.050000 0.050083 13653246154.057936 5268463149.715467 5.646355 2.178794 3159998.000000
0.005000 0.005785 0.045000 0.045093 0.045000 0.045093 24859954226.008690 5268463149.715467 10.735521 2.275133 107189884.000001
0.005000 0.005785 0.045000 0.045093 0.050000 0.050083 14461752198.867563 5268463149.715467 6.548605 2.385678 70082162.000005
0.005000 0.005785 0.045000 0.045093 0.055000 0.055083 -2603259269.470970 5268463149.715467 -1.245138 2.519905 3881462.000002
0.005000 0.005785 0.050000 0.050083 0.050000 0.050083 4464522706.868757 5268463149.715467 2.122500 2.504705 132561052.000032
0.005000 0.005785 0.050000 0.050083 0.055000 0.055083 5204474454.793331 5268463149.715467 2.617448 2.649630 85715929.999996
0.005000 0.005785 0.050000 0.050083 0.060000 0.060076 23029970134.347481 5268463149.715467 11.013526 2.519515 4638565.999998
0.005000 0.005785 0.055000 0.055083 0.055000 0.055083 17435003706.017189 5268463149.715467 9.292922 2.808110 161109004.000029
0.005000 0.005785 0.055000 0.055083 0.060000 0.060076 12902502570.141188 5268463149.715467 6.528558 2.665798 102777049.999988
0.005000 0.005785 0.055000 0.055083 0.065000 0.065066 17461793336.543854 5268463149.715467 9.617145 2.901625 5692910.000011
0.005000 0.005785 0.060000 0.060076 0.060000 0.060076 12894716109.087107 5268463149.715467 6.203167 2.534461 189849796.000036
0.005000 0.005785 0.060000 0.060076 0.065000 0.065066 13226198591.723303 5268463149.715467 6.908471 2.751889 121345154.000018
0.005000 0.005785 0.060000 0.060076 0.070000 0.070064 15022856741.915899 5268463149.715467 7.637003 2.678270 6556813.999986
0.005000 0.005785 0.065000 0.065066 0.065000 0.065066 19236246624.286125 5268463149.715467 10.954266 3.000177 224203251.999972
0.005000 0.005785 0.065000 0.065066 0.070000 0.070064 10567917332.302898 5268463149.715467 5.848917 2.915883 141694585.999987
0.005000 0.005785 0.065000 0.065066 0.075000 0.075061 -174040269.188831 5268463149.715467 -0.106281 3.217274 7610077.999995
0.005000 0.005785 0.070000 0.070064 0.070000 0.070064 17780723985.836929 5268463149.715467 9.568909 2.835286 259944700.000045
0.005000 0.005785 0.070000 0.070064 0.075000 0.075061 15607180342.837278 5268463149.715467 9.251826 3.123108 163455313.999979
0.005000 0.005785 0.070000 0.070064 0.080000 0.080056 26047134087.790253 5268463149.715467 15.990077 3.234257 8763806.000002
0.005000 0.005785 0.075000 0.075061 0.075000 0.075061 14800262362.130617 5268463149.715467 9.722276 3.460848 298094571.999936
0.005000 0.005785 0.075000 0.075061 0.080000 0.080056 15270409283.519007 5268463149.715467 10.412313 3.592365 186714493.999990
0.005000 0.005785 0.080000 0.080056 0.080000 0.080056 13349062284.803576 5268463149.715467 9.456696 3.732266 338728240.000029
0.010000 0.010426 0.010000 0.010426 0.010000 0.010426 -46392693450.966499 5268463149.715467 -15.455039 1.755110 11305320.000003
0.010000 0.010426 0.010000 0.010426 0.015000 0.015283 -16565883235.626602 5268463149.715467 -5.607404 1.783328 16452398.000002
0.010000 0.010426 0.010000 0.010426 0.020000 0.020215 20403249279.736382 5268463149.715467 6.183930 1.596795 12486314.000000
0.010000 0.010426 0.010000 0.010426 0.025000 0.025168 -68750986700.519424 5268463149.715467 -23.107437 1.770748 791030.000002
0.010000 0.010426 0.015000 0.015283 0.015000 0.015283 -2960825110.974761 5268463149.715467 -1.018392 1.812116 24697799.999998
0.010000 0.010426 0.015000 0.015283 0.020000 0.020215 13687671927.206831 5268463149.715467 4.213705 1.621879 32770166.000005
0.010000 0.010426 0.015000 0.015283 0.025000 0.025168 7787925855.469440 5268463149.715467 2.659726 1.799281 22518350.000000
0.010000 0.010426 0.015000 0.015283 0.030000 0.030121 25237509877.838707 5268463149.715467 8.549628 1.784780 1347097.999999
0.010000 0.010426 0.020000 0.020215 0.020000 0.020215 -5724178698.572309 5268463149.715467 -1.581639 1.455721 44893824.000001
0.010000 0.010426 0.020000 0.020215 0.025000 0.025168 11165332990.261372 5268463149.715467 3.413516 1.610698 54651944.000003
0.010000 0.010426 0.020000 0.020215 0.030000 0.030121 12825426381.277895 5268463149.715467 3.890282 1.598061 36431636.000004
0.010000 0.010426 0.020000 0.020215 0.035000 0.035112 -25331235348.831909 5268463149.715467 -8.278376 1.721760 2148769.999998
0.010000 0.010426 0.025000 0.025168 0.025000 0.025168 5057539474.614874 5268463149.715467 1.715035 1.786561 68739912.000015
0.010000 0.010426 0.025000 0.025168 0.030000 0.030121 4822684647.707602 5268463149.715467 1.622238 1.772187 81348103.999987
0.010000 0.010426 0.025000 0.025168 0.035000 0.035112 3279138876.688128 5268463149.715467 1.190745 1.913123 52697414.000000
0.010000 0.010426 0.025000 0.025168 0.040000 0.040109 20249393210.596207 5268463149.715467 8.484053 2.207371 2841949.999996
0.010000 0.010426 0.030000 0.030121 0.030000 0.030121 -5300704525.047104 5268463149.715467 -1.768717 1.757958 99384695.999974
0.010000 0.010426 0.030000 0.030121 0.035000 0.035112 8181540362.683649 5268463149.715467 2.946613 1.897457 115038014.000010
0.010000 0.010426 0.030000 0.030121 0.040000 0.040109 -1421272725.022935 5268463149.715467 -0.590408 2.188561 71176186.000010
0.010000 0.010426 0.030000 0.030121 0.045000 0.045093 -20185496249.884453 5268463149.715467 -9.119883 2.380312 3775086.000009
0.010000 0.010426 0.035000 0.035112 0.035000 0.035112 7666820662.639526 5268463149.715467 2.985051 2.051258 137772864.000001
0.010000 0.010426 0.035000 0.035112 0.040000 0.040109 6271242784.691906 5268463149.715467 2.825594 2.373778 153728405.999963
0.010000 0.010426 0.035000 0.035112 0.045000 0.045093 2969223421.047347 5268463149.715467 1.458212 2.587389 94514346.000011
0.010000 0.010426 0.035000 0.035112 0.050000 0.050083 -6729610687.518886 5268463149.715467 -3.460835 2.709411 5075118.000000
0.010000 0.010426 0.040000 0.040109 0.040000 0.040109 8460695857.778986 5268463149.715467 4.442246 2.766180 177563759.999997
0.010000 0.010426 0.040000 0.040109 0.045000 0.045093 5848536109.453323 5268463149.715467 3.362617 3.029104 196487261.999972
0.010000 0.010426 0.040000 0.040109 0.050000 0.050083 1338815783.953778 5268463149.715467 0.808198 3.180394 119663241.999988
0.010000 0.010426 0.040000 0.040109 0.055000 0.055083 -4078631912.057650 5268463149.715467 -2.604755 3.364622 6310070.000006
0.010000 0.010426 0.045000 0.045093 0.045000 0.045093 8155408802.252144 5268463149.715467 5.150664 3.327372 224838023.999991
0.010000 0.010426 0.045000 0.045093 0.050000 0.050083 -273416116.852965 5268463149.715467 -0.181631 3.499845 245854190.000037
0.010000 0.010426 0.045000 0.045093 0.055000 0.055083 1475455003.373227 5268463149.715467 1.039199 3.710708 147907754.000040
0.010000 0.010426 0.045000 0.045093 0.060000 0.060076 13237330555.807058 5268463149.715467 8.847603 3.521350 7588334.000012
0.010000 0.010426 0.050000 0.050083 0.050000 0.050083 2620517080.932424 5268463149.715467 1.832953 3.685092 278074272.000069
0.010000 0.010426 0.050000 0.050083 0.055000 0.055083 -50967529.834797 5268463149.715467 -0.037846 3.912097 301365566.000085
0.010000 0.010426 0.050000 0.050083 0.060000 0.060076 -381985537.751849 5268463149.715467 -0.268861 3.708217 178452890.000002
0.010000 0.010426 0.050000 0.050083 0.065000 0.065066 -670908700.387300 5268463149.715467 -0.515287 4.046406 9278845.999978
0.010000 0.010426 0.055000 0.055083 0.055000 0.055083 3962755820.579401 5268463149.715467 3.128696 4.159585 338028887.999989
0.010000 0.010426 0.055000 0.055083 0.060000 0.060076 2352795063.852638 5268463149.715467 1.758311 3.937273 360688502.000023
0.010000 0.010426 0.055000 0.055083 0.065000 0.065066 27368712.625699 5268463149.715467 0.022371 4.306377 214468681.999992
0.010000 0.010426 0.055000 0.055083 0.070000 0.070064 -3523561846.367228 5268463149.715467 -2.796129 4.180798 11096606.000002
0.010000 0.010426 0.060000 0.060076 0.060000 0.060076 5571573580.236376 5268463149.715467 3.946234 3.731547 398104320.000008
0.010000 0.010426 0.060000 0.060076 0.065000 0.065066 4046489233.297192 5268463149.715467 3.128172 4.072829 425516558.000040
0.010000 0.010426 0.060000 0.060076 0.070000 0.070064 1150510950.557080 5268463149.715467 0.864091 3.956876 250315657.999946
0.010000 0.010426 0.060000 0.060076 0.075000 0.075061 -744004628.011469 5268463149.715467 -0.617389 4.371871 12720878.000017
0.010000 0.010426 0.065000 0.065066 0.065000 0.065066 5704296538.858873 5268463149.715467 4.829820 4.460801 470300615.999898
0.010000 0.010426 0.065000 0.065066 0.070000 0.070064 5987024668.216986 5268463149.715467 4.919068 4.328682 497867965.999950
0.010000 0.010426 0.065000 0.065066 0.075000 0.075061 3971143426.694563 5268463149.715467 3.620283 4.802981 290790865.999959
0.010000 0.010426 0.065000 0.065066 0.080000 0.080056 2795089970.691646 5268463149.715467 2.646299 4.988006 14749405.999977
0.010000 0.010426 0.070000 0.070064 0.070000 0.070064 5903196015.373470 5268463149.715467 4.708436 4.202168 545289815.999916
0.010000 0.010426 0.070000 0.070064 0.075000 0.075061 3384720379.657560 5268463149.715467 2.991165 4.655877 574088870.000135
0.010000 0.010426 0.070000 0.070064 0.080000 0.080056 4804749484.667490 5268463149.715467 4.407172 4.832515 334164374.000101
0.010000 0.010426 0.075000 0.075061 0.075000 0.075061 3208382889.770805 5268463149.715467 3.157801 5.185403 625253856.000150
0.010000 0.010426 0.075000 0.075061 0.080000 0.080056 2225713052.216544 5268463149.715467 2.278347 5.393052 655361455.999868
0.010000 0.010426 0.080000 0.080056 0.080000 0.080056 3495147453.499496 5268463149.715467 3.724036 5.613482 710428679.999976
0.015000 0.015283 0.015000 0.015283 0.015000 0.015283 25050943139.413666 5268463149.715467 8.756057 1.841486 36504744.000006
0.015000 0.015283 0.015000 0.015283 0.020000 0.020215 26041535831.281670 5268463149.715467 8.143312 1.647473 49215479.999999
0.015000 0.015283 0.015000 0.015283 0.025000 0.025168 9113575591.450371 5268463149.715467 3.162817 1.828392 59931668.000008
0.015000 0.015283 0.015000 0.015283 0.030000 0.030121 -7821466956.062405 5268463149.715467 -2.692434 1.813597 39519715.999999
0.015000 0.015283 0.015000 0.015283 0.035000 0.035112 -21292496678.384163 5268463149.715467 -7.916167 1.958720 2191346.000002
0.015000 0.015283 0.020000 0.020215 0.020000 0.020215 942168695.374313 5268463149.715467 0.264314 1.478003 66364128.000018
0.015000 0.015283 0.020000 0.020215 0.025000 0.025168 5289299567.194401 5268463149.715467 1.642535 1.636065 82110192.000015
0.015000 0.015283 0.020000 0.020215 0.030000 0.030121 8987869954.227907 5268463149.715467 2.769089 1.623170 97100095.999995
0.015000 0.015283 0.020000 0.020215 0.035000 0.035112 3795464909.544302 5268463149.715467 1.260305 1.749422 62014867.999983
0.015000 0.015283 0.020000 0.020215 0.040000 0.040109 -6071084124.333296 5268463149.715467 -2.318175 2.011703 3250322.000001
0.015000 0.015283 0.025000 0.025168 0.025000 0.025168 12725929823.523134 5268463149.715467 4.385116 1.815413 101609423.999999
0.015000 0.015283 0.025000 0.025168 0.030000 0.030121 16339484813.215940 5268463149.715467 5.584801 1.800750 122173295.999999
0.015000 0.015283 0.025000 0.025168 0.035000 0.035112 8407554806.900089 5268463149.715467 3.103199 1.944571 141395240.000042
0.015000 0.015283 0.025000 0.025168 0.040000 0.040109 9604434587.849146 5268463149.715467 4.092902 2.245140 86388753.999998
0.015000 0.015283 0.025000 0.025168 0.045000 0.045093 6326781022.497358 5268463149.715467 2.934288 2.443452 4391501.999987
0.015000 0.015283 0.030000 0.030121 0.030000 0.030121 7493617988.073702 5268463149.715467 2.540656 1.786233 146904936.000014
0.015000 0.015283 0.030000 0.030121 0.035000 0.035112 9331440939.347855 5268463149.715467 3.415897 1.928591 172962936.000019
0.015000 0.015283 0.030000 0.030121 0.040000 0.040109 11042813625.186312 5268463149.715467 4.665646 2.225953 192880061.999976
0.015000 0.015283 0.030000 0.030121 0.045000 0.045093 8798831255.732138 5268463149.715467 4.045039 2.422042 116062938.000014
0.015000 0.015283 0.030000 0.030121 0.050000 0.050083 11652448674.714384 5268463149.715467 5.603983 2.533749 5740901.999982
0.015000 0.015283 0.035000 0.035112 0.035000 0.035112 14619870060.463552 5268463149.715467 5.787300 2.085530 203641967.999998
0.015000 0.015283 0.035000 0.035112 0.040000 0.040109 9939236958.766397 5268463149.715467 4.555896 2.414931 231188951.999937
0.015000 0.015283 0.035000 0.035112 0.045000 0.045093 5251810743.382895 5268463149.715467 2.625000 2.633323 255505326.000032
0.015000 0.015283 0.035000 0.035112 0.050000 0.050083 7475752162.828192 5268463149.715467 3.913722 2.758157 152142857.999986
0.015000 0.015283 0.035000 0.035112 0.055000 0.055083 15834622789.240423 5268463149.715467 8.744209 2.909355 7594853.999989
0.015000 0.015283 0.040000 0.040109 0.040000 0.040109 8237311477.767004 5268463149.715467 4.402242 2.815609 262456607.999958
0.015000 0.015283 0.040000 0.040109 0.045000 0.045093 8810454821.920019 5268463149.715467 5.157899 3.084313 295325496.000040
0.015000 0.015283 0.040000 0.040109 0.050000 0.050083 6824949687.922884 5268463149.715467 4.195932 3.239015 322729434.000009
0.015000 0.015283 0.040000 0.040109 0.055000 0.055083 3691240020.997744 5268463149.715467 2.401394 3.427481 190490218.000019
0.015000 0.015283 0.040000 0.040109 0.060000 0.060076 603393807.441244 5268463149.715467 0.373168 3.258269 9242317.999955
0.015000 0.015283 0.045000 0.045093 0.045000 0.045093 10422872393.650644 5268463149.715467 6.704794 3.389081 332337792.000116
0.015000 0.015283 0.045000 0.045093 0.050000 0.050083 9447896318.219929 5268463149.715467 6.393806 3.565400 369583248.000033
0.015000 0.015283 0.045000 0.045093 0.055000 0.055083 1945774220.386176 5268463149.715467 1.396436 3.781052 400243189.999985
0.015000 0.015283 0.045000 0.045093 0.060000 0.060076 1582422132.368441 5268463149.715467 1.077499 3.587389 232256281.999979
0.015000 0.015283 0.045000 0.045093 0.065000 0.065066 9174980980.037254 5268463149.715467 6.806495 3.908430 11377069.999985
0.015000 0.015283 0.050000 0.050083 0.050000 0.050083 6391593935.990072 5268463149.715467 4.555195 3.754757 411008568.000043
0.015000 0.015283 0.050000 0.050083 0.055000 0.055083 6285121406.141682 5268463149.715467 4.756236 3.986885 453166871.999982
0.015000 0.015283 0.050000 0.050083 0.060000 0.060076 7497889809.308989 5268463149.715467 5.377282 3.778398 483118574.000028
0.015000 0.015283 0.050000 0.050083 0.065000 0.065066 5410335012.889868 5268463149.715467 4.235330 4.124270 280872758.000029
0.015000 0.015283 0.050000 0.050083 0.070000 0.070064 1669715314.706861 5268463149.715467 1.269846 4.006752 13549621.999996
0.015000 0.015283 0.055000 0.055083 0.055000 0.055083 5045991113.040104 5268463149.715467 4.060881 4.239921 499627535.999933
0.015000 0.015283 0.055000 0.055083 0.060000 0.060076 5735597468.650690 5268463149.715467 4.368404 4.012620 542215200.000073
0.015000 0.015283 0.055000 0.055083 0.065000 0.065066 5872439873.388851 5268463149.715467 4.893326 4.390050 578989933.999961
0.015000 0.015283 0.055000 0.055083 0.070000 0.070064 5525641865.473391 5268463149.715467 4.469644 4.261614 333698210.000000
0.015000 0.015283 0.055000 0.055083 0.075000 0.075061 11199943404.326824 5268463149.715467 10.038775 4.722248 16134637.999964
0.015000 0.015283 0.060000 0.060076 0.060000 0.060076 4094880039.427351 5268463149.715467 2.955275 3.802250 588431472.000041
0.015000 0.015283 0.060000 0.060076 0.065000 0.065066 5767351246.863655 5268463149.715467 4.544378 4.151279 639574176.000145
0.015000 0.015283 0.060000 0.060076 0.070000 0.070064 5370979613.117144 5268463149.715467 4.111140 4.032670 676640629.999897
0.015000 0.015283 0.060000 0.060076 0.075000 0.075061 8507879989.776655 5268463149.715467 7.197936 4.457287 387478681.999979
0.015000 0.015283 0.060000 0.060076 0.080000 0.080056 3434661894.546589 5268463149.715467 3.013243 4.622045 18461125.999993
0.015000 0.015283 0.065000 0.065066 0.065000 0.065066 4407195166.415039 5268463149.715467 3.804486 4.547971 695155943.999866
0.015000 0.015283 0.065000 0.065066 0.070000 0.070064 4713510992.654787 5268463149.715467 3.948032 4.412859 748530600.000104
0.015000 0.015283 0.065000 0.065066 0.075000 0.075061 7127265101.726988 5268463149.715467 6.626127 4.898023 787336057.999954
0.015000 0.015283 0.065000 0.065066 0.080000 0.080056 6151354971.210213 5268463149.715467 5.939920 5.087375 448417430.000100
0.015000 0.015283 0.070000 0.070064 0.070000 0.070064 5907898034.610100 5268463149.715467 4.803353 4.283467 805996272.000172
0.015000 0.015283 0.070000 0.070064 0.075000 0.075061 5803627218.847214 5268463149.715467 5.229866 4.747610 863076743.999956
0.015000 0.015283 0.070000 0.070064 0.080000 0.080056 3878755268.652838 5268463149.715467 3.628392 4.928397 903794816.000001
0.015000 0.015283 0.075000 0.075061 0.075000 0.075061 2520287126.847543 5268463149.715467 2.530191 5.289166 924207455.999911
0.015000 0.015283 0.075000 0.075061 0.080000 0.080056 4717422954.613995 5268463149.715467 4.926195 5.501621 985141920.000065
0.015000 0.015283 0.080000 0.080056 0.080000 0.080056 138721108.845999 5268463149.715467 0.150798 5.727130 1050097031.999827
0.020000 0.020215 0.020000 0.020215 0.020000 0.020215 11372062822.326591 5268463149.715467 2.870995 1.330078 89468160.000000
0.020000 0.020215 0.020000 0.020215 0.025000 0.025168 3429250142.631155 5268463149.715467 0.955571 1.468073 110715768.000020
0.020000 0.020215 0.020000 0.020215 0.030000 0.030121 5915372459.492538 5268463149.715467 1.635730 1.456846 133120559.999998
0.020000 0.020215 0.020000 0.020215 0.035000 0.035112 14757900388.124281 5268463149.715467 4.388186 1.566550 153903655.999998
0.020000 0.020215 0.020000 0.020215 0.040000 0.040109 10742323826.529329 5268463149.715467 3.655597 1.792850 93736588.000001
0.020000 0.020215 0.020000 0.020215 0.045000 0.045093 -6663856412.306931 5268463149.715467 -2.453827 1.940002 4930194.000003
0.020000 0.020215 0.025000 0.025168 0.025000 0.025168 9264829024.839039 5268463149.715467 2.857210 1.624758 136994304.000008
0.020000 0.020215 0.025000 0.025168 0.030000 0.030121 6714615376.832245 5268463149.715467 2.054454 1.611978 164726495.999998
0.020000 0.020215 0.025000 0.025168 0.035000 0.035112 10063975707.395565 5268463149.715467 3.318242 1.737090 193943447.999978
0.020000 0.020215 0.025000 0.025168 0.040000 0.040109 10997096715.845047 5268463149.715467 4.168174 1.996879 216196656.000007
0.020000 0.020215 0.025000 0.025168 0.045000 0.045093 3300955543.078652 5268463149.715467 1.357767 2.167052 129908621.999981
0.020000 0.020215 0.025000 0.025168 0.050000 0.050083 -1095321523.532350 5268463149.715467 -0.470605 2.263595 6560309.999988
0.020000 0.020215 0.030000 0.030121 0.030000 0.030121 15303559078.738924 5268463149.715467 4.645644 1.599328 198070583.999991
0.020000 0.020215 0.030000 0.030121 0.035000 0.035112 13934417516.650595 5268463149.715467 4.557528 1.723156 233202312.000049
0.020000 0.020215 0.030000 0.030121 0.040000 0.040109 7474004712.922293 5268463149.715467 2.809087 1.980140 264741048.000119
0.020000 0.020215 0.030000 0.030121 0.045000 0.045093 9789934969.537052 5268463149.715467 3.992142 2.148375 292341270.000067
0.020000 0.020215 0.030000 0.030121 0.050000 0.050083 8022166290.062845 5268463149.715467 3.416555 2.243782 172265993.999959
0.020000 0.020215 0.030000 0.030121 0.055000 0.055083 5051030754.563129 5268463149.715467 2.261270 2.358611 8433221.999982
0.020000 0.020215 0.035000 0.035112 0.035000 0.035112 7032974112.102043 5268463149.715467 2.482631 1.859761 274563432.000006
0.020000 0.020215 0.035000 0.035112 0.040000 0.040109 9123385093.897593 5268463149.715467 3.714085 2.144766 311713128.000066
0.020000 0.020215 0.035000 0.035112 0.045000 0.045093 9473210277.413338 5268463149.715467 4.193976 2.332452 350745312.000088
0.020000 0.020215 0.035000 0.035112 0.050000 0.050083 9316537033.453903 5268463149.715467 4.313528 2.439282 382677606.000059
0.020000 0.020215 0.035000 0.035112 0.055000 0.055083 10479971704.995768 5268463149.715467 5.108711 2.568238 223321625.999998
0.020000 0.020215 0.035000 0.035112 0.060000 0.060076 23161777325.939468 5268463149.715467 10.782012 2.452516 10925238.000025
0.020000 0.020215 0.040000 0.040109 0.040000 0.040109 9432318035.104023 5268463149.715467 4.461610 2.492052 353853792.000042
0.020000 0.020215 0.040000 0.040109 0.045000 0.045093 5861436335.498642 5268463149.715467 3.030169 2.723621 398192088.000017
0.020000 0.020215 0.040000 0.040109 0.050000 0.050083 7615993874.597427 5268463149.715467 4.129249 2.856462 442829423.999976
0.020000 0.020215 0.040000 0.040109 0.055000 0.055083 4498273220.182339 5268463149.715467 2.576652 3.017824 479092565.999997
0.020000 0.020215 0.040000 0.040109 0.060000 0.060076 5664638168.914907 5268463149.715467 3.089011 2.872971 275824834.000005
0.020000 0.020215 0.040000 0.040109 0.065000 0.065066 8316121174.396746 5268463149.715467 4.913096 3.112565 13609981.999985
0.020000 0.020215 0.045000 0.045093 0.045000 0.045093 5399537912.150282 5268463149.715467 3.060927 2.986622 448068144.000000
0.020000 0.020215 0.045000 0.045093 0.050000 0.050083 7878009038.096025 5268463149.715467 4.692725 3.138286 498307823.999969
0.020000 0.020215 0.045000 0.045093 0.055000 0.055083 4562862702.762140 5268463149.715467 2.878210 3.323296 549404472.000014
0.020000 0.020215 0.045000 0.045093 0.060000 0.060076 5531716616.285740 5268463149.715467 3.314932 3.157175 585091670.000022
0.020000 0.020215 0.045000 0.045093 0.065000 0.065066 5050689782.320993 5268463149.715467 3.290448 3.432324 337100737.999995
0.020000 0.020215 0.045000 0.045093 0.070000 0.070064 -3687770891.334583 5268463149.715467 -2.337262 3.339085 16318453.999995
0.020000 0.020215 0.050000 0.050083 0.050000 0.050083 5801211027.112661 5268463149.715467 3.635124 3.301297 554156759.999934
0.020000 0.020215 0.050000 0.050083 0.055000 0.055083 5873400511.340380 5268463149.715467 3.902587 3.500635 610991183.999911
0.020000 0.020215 0.050000 0.050083 0.060000 0.060076 5507961866.362585 5268463149.715467 3.472621 3.321624 663063648.000069
0.020000 0.020215 0.050000 0.050083 0.065000 0.065066 5305582280.559683 5268463149.715467 3.643853 3.618360 707164694.000219
0.020000 0.020215 0.050000 0.050083 0.070000 0.070064 5328641632.451853 5268463149.715467 3.557852 3.517671 402951626.000023
0.020000 0.020215 0.050000 0.050083 0.075000 0.075061 11204651978.592319 5268463149.715467 8.246267 3.877421 19345501.999979
0.020000 0.020215 0.055000 0.055083 0.055000 0.055083 3969281460.743948 5268463149.715467 2.801268 3.718148 673638792.000193
0.020000 0.020215 0.055000 0.055083 0.060000 0.060076 3379197220.915705 5268463149.715467 2.259516 3.522783 731071248.000058
0.020000 0.020215 0.055000 0.055083 0.065000 0.065066 4857052618.817198 5268463149.715467 3.546539 3.846944 794593584.000023
0.020000 0.020215 0.055000 0.055083 0.070000 0.070064 5471871150.546392 5268463149.715467 3.881043 3.736771 839546270.000137
0.020000 0.020215 0.055000 0.055083 0.075000 0.075061 10182564092.618156 5268463149.715467 7.984643 4.131258 476312042.000027
0.020000 0.020215 0.055000 0.055083 0.080000 0.080056 16136391654.724745 5268463149.715467 13.122308 4.284378 23008598.000004
0.020000 0.020215 0.060000 0.060076 0.060000 0.060076 6921864924.482246 5268463149.715467 4.390995 3.342133 793359720.000036
0.020000 0.020215 0.060000 0.060076 0.065000 0.065066 4886151002.566387 5268463149.715467 3.377356 3.641614 862330895.999908
0.020000 0.020215 0.060000 0.060076 0.070000 0.070064 3798404437.266380 5268463149.715467 2.552218 3.539978 928513295.999853
0.020000 0.020215 0.060000 0.060076 0.075000 0.075061 6049834637.237816 5268463149.715467 4.482082 3.903195 975799550.000090
0.020000 0.020215 0.060000 0.060076 0.080000 0.080056 3703039306.354271 5268463149.715467 2.842158 4.043653 550976749.999907
0.020000 0.020215 0.065000 0.065066 0.065000 0.065066 6015204318.303719 5268463149.715467 4.546978 3.982506 937273872.000113
0.020000 0.020215 0.065000 0.065066 0.070000 0.070064 5990648687.056919 5268463149.715467 4.396549 3.866535 1009230047.999750
0.020000 0.020215 0.065000 0.065066 0.075000 0.075061 7850587988.593452 5268463149.715467 6.381116 4.282313 1080707735.999989
0.020000 0.020215 0.065000 0.065066 0.080000 0.080056 5287195979.838251 5268463149.715467 4.459897 4.444095 1130297672.000222
0.020000 0.020215 0.070000 0.070064 0.070000 0.070064 7099152801.331112 5268463149.715467 5.060508 3.755532 1086708311.999789
0.020000 0.020215 0.070000 0.070064 0.075000 0.075061 6648434144.253487 5268463149.715467 5.240878 4.153064 1163661311.999969
0.020000 0.020215 0.070000 0.070064 0.080000 0.080056 6333755769.181120 5268463149.715467 5.178389 4.307421 1240408559.999593
0.020000 0.020215 0.075000 0.075061 0.075000 0.075061 6198722792.545467 5268463149.715467 5.433127 4.617762 1246108271.999783
0.020000 0.020215 0.075000 0.075061 0.080000 0.080056 4711048839.237013 5268463149.715467 4.291765 4.799570 1328231088.000203
0.020000 0.020215 0.080000 0.080056 0.080000 0.080056 1959786009.335042 5268463149.715467 1.857202 4.992687 1415842176.000122
0.025000 0.025168 0.025000 0.025168 0.025000 0.025168 13462724887.434538 5268463149.715467 4.606131 1.802550 169523808.000000
0.025000 0.025168 0.025000 0.025168 0.030000 0.030121 10622382336.614336 5268463149.715467 3.605034 1.788016 203828112.000008
0.025000 0.025168 0.025000 0.025168 0.035000 0.035112 17615344405.440392 5268463149.715467 6.454876 1.930548 239989199.999975
0.025000 0.025168 0.025000 0.025168 0.040000 0.040109 18294398158.616882 5268463149.715467 7.737603 2.228293 272450015.999933
0.025000 0.025168 0.025000 0.025168 0.045000 0.045093 14290414572.906351 5268463149.715467 6.576715 2.424645 301052304.000011
0.025000 0.025168 0.025000 0.025168 0.050000 0.050083 12117620539.725874 5268463149.715467 5.834039 2.536506 177693515.999985
0.025000 0.025168 0.025000 0.025168 0.055000 0.055083 9768517289.807627 5268463149.715467 4.953600 2.671630 8578944.000001
0.025000 0.025168 0.030000 0.030121 0.030000 0.030121 10717763938.982416 5268463149.715467 3.608135 1.773628 245087903.999968
0.025000 0.025168 0.030000 0.030121 0.035000 0.035112 10932209536.005226 5268463149.715467 3.973074 1.914708 288568679.999978
0.025000 0.025168 0.030000 0.030121 0.040000 0.040109 4072391088.592648 5268463149.715467 1.707714 2.209274 327586272.000017
0.025000 0.025168 0.030000 0.030121 0.045000 0.045093 8894162803.429176 5268463149.715467 4.057433 2.403423 368632992.000059
0.025000 0.025168 0.030000 0.030121 0.050000 0.050083 8446425475.558844 5268463149.715467 4.030443 2.513991 402282677.999954
0.025000 0.025168 0.030000 0.030121 0.055000 0.055083 4703013364.876123 5268463149.715467 2.363365 2.647515 232987349.999992
0.025000 0.025168 0.030000 0.030121 0.060000 0.060076 -510001973.146825 5268463149.715467 -0.244688 2.527691 10795800.000002
0.025000 0.025168 0.035000 0.035112 0.035000 0.035112 11191323823.046185 5268463149.715467 4.397638 2.070246 339748679.999954
0.025000 0.025168 0.035000 0.035112 0.040000 0.040109 10301206729.362337 5268463149.715467 4.685917 2.396572 385699512.000080
0.025000 0.025168 0.035000 0.035112 0.045000 0.045093 7152839323.668272 5268463149.715467 3.547359 2.612826 434017920.000113
0.025000 0.025168 0.035000 0.035112 0.050000 0.050083 8780970618.926037 5268463149.715467 4.560774 2.736403 482682287.999979
0.025000 0.025168 0.035000 0.035112 0.055000 0.055083 3741893829.993450 5268463149.715467 2.049795 2.886043 521928966.000004
0.025000 0.025168 0.035000 0.035112 0.060000 0.060076 5040881175.335016 5268463149.715467 2.632869 2.751736 297967277.999968
0.025000 0.025168 0.035000 0.035112 0.065000 0.065066 8155855443.188080 5268463149.715467 4.603387 2.973664 14317103.999959
0.025000 0.025168 0.040000 0.040109 0.040000 0.040109 9023782463.700182 5268463149.715467 4.784773 2.793551 437864952.000262
0.025000 0.025168 0.040000 0.040109 0.045000 0.045093 7913122644.041124 5268463149.715467 4.595563 3.059671 492732503.999941
0.025000 0.025168 0.040000 0.040109 0.050000 0.050083 5874593811.630762 5268463149.715467 3.582482 3.212847 547937064.000175
0.025000 0.025168 0.040000 0.040109 0.055000 0.055083 6505375417.141474 5268463149.715467 4.197522 3.399418 604149623.999994
0.025000 0.025168 0.040000 0.040109 0.060000 0.060076 5368482801.989908 5268463149.715467 3.293266 3.231910 643472837.999987
0.025000 0.025168 0.040000 0.040109 0.065000 0.065066 2952515020.598680 5268463149.715467 1.966612 3.509220 368924458.000008
0.025000 0.025168 0.040000 0.040109 0.070000 0.070064 -1023413010.140326 5268463149.715467 -0.663436 3.415325 17375143.999949
0.025000 0.025168 0.045000 0.045093 0.045000 0.045093 4457878334.203644 5268463149.715467 2.844341 3.361534 554429328.000129
0.025000 0.025168 0.045000 0.045093 0.050000 0.050083 7802297224.419125 5268463149.715467 5.236813 3.536133 616601304.000160
0.025000 0.025168 0.045000 0.045093 0.055000 0.055083 4233923400.880455 5268463149.715467 3.013345 3.749642 679823855.999970
0.025000 0.025168 0.045000 0.045093 0.060000 0.060076 6447869338.323187 5268463149.715467 4.354383 3.557905 737775215.999977
0.025000 0.025168 0.045000 0.045093 0.065000 0.065066 6426592745.560057 5268463149.715467 4.727711 3.875735 786867925.999900
0.025000 0.025168 0.045000 0.045093 0.070000 0.070064 4513036199.226978 5268463149.715467 3.227625 3.767889 445639502.000094
0.025000 0.025168 0.045000 0.045093 0.075000 0.075061 9324399801.312206 5268463149.715467 7.350568 4.153211 20732047.999977
0.025000 0.025168 0.050000 0.050083 0.050000 0.050083 5059084691.013588 5268463149.715467 3.575667 3.723652 685720343.999966
0.025000 0.025168 0.050000 0.050083 0.055000 0.055083 5694946965.961859 5268463149.715467 4.273525 3.953488 756046704.000021
0.025000 0.025168 0.050000 0.050083 0.060000 0.060076 5997141111.263899 5268463149.715467 4.265316 3.747062 820462199.999928
0.025000 0.025168 0.050000 0.050083 0.065000 0.065066 4067870680.166723 5268463149.715467 3.157571 4.089497 891782879.999921
0.025000 0.025168 0.050000 0.050083 0.070000 0.070064 5886179096.589272 5268463149.715467 4.439002 3.973158 942111638.000256
0.025000 0.025168 0.050000 0.050083 0.075000 0.075061 6650795028.504162 5268463149.715467 5.541227 4.389513 529991185.999901
0.025000 0.025168 0.050000 0.050083 0.080000 0.080056 7239712361.133125 5268463149.715467 6.253753 4.550964 24548143.999985
0.025000 0.025168 0.055000 0.055083 0.055000 0.055083 5910621586.326860 5268463149.715467 4.716462 4.204043 833569512.000152
0.025000 0.025168 0.055000 0.055083 0.060000 0.060076 7693912284.559469 5268463149.715467 5.810778 3.978973 904616831.999763
0.025000 0.025168 0.055000 0.055083 0.065000 0.065066 5819788960.553659 5268463149.715467 4.808172 4.352679 983235216.000474
0.025000 0.025168 0.055000 0.055083 0.070000 0.070064 5024456869.279535 5268463149.715467 4.029819 4.225522 1058707920.000008
0.025000 0.025168 0.055000 0.055083 0.075000 0.075061 6639176880.201366 5268463149.715467 5.899527 4.681520 1112360438.000167
0.025000 0.025168 0.055000 0.055083 0.080000 0.080056 7041395087.693291 5268463149.715467 6.494191 4.859038 624129415.999909
0.025000 0.025168 0.060000 0.060076 0.060000 0.060076 6391422920.445999 5268463149.715467 4.574391 3.770680 981712200.000359
0.025000 0.025168 0.060000 0.060076 0.065000 0.065066 5851587563.491125 5268463149.715467 4.571839 4.116244 1067034288.000009
0.025000 0.025168 0.060000 0.060076 0.070000 0.070064 4337489676.688236 5268463149.715467 3.292204 3.998824 1148965080.000136
0.025000 0.025168 0.060000 0.060076 0.075000 0.075061 4510200205.017269 5268463149.715467 3.783112 4.419136 1230313775.999922
0.025000 0.025168 0.060000 0.060076 0.080000 0.080056 5144912466.758017 5268463149.715467 4.474729 4.582185 1287057631.999784
0.025000 0.025168 0.065000 0.065066 0.065000 0.065066 5666625764.908125 5268463149.715467 4.849805 4.509036 1159783176.000173
0.025000 0.025168 0.065000 0.065066 0.070000 0.070064 4269545102.687887 5268463149.715467 3.545699 4.375263 1248805824.000147
0.025000 0.025168 0.065000 0.065066 0.075000 0.075061 5685325359.254217 5268463149.715467 5.239758 4.855566 1337268648.000113
0.025000 0.025168 0.065000 0.065066 0.080000 0.080056 4752839340.876230 5268463149.715467 4.549426 5.042982 1425443568.000151
0.025000 0.025168 0.070000 0.070064 0.070000 0.070064 2254951919.687984 5268463149.715467 1.817824 4.247158 1344699287.999989
0.025000 0.025168 0.070000 0.070064 0.075000 0.075061 4670926876.462086 5268463149.715467 4.172818 4.706633 1439922792.000097
0.025000 0.025168 0.070000 0.070064 0.080000 0.080056 5402115126.014181 5268463149.715467 5.009503 4.885564 1534855920.000111
0.025000 0.025168 0.075000 0.075061 0.075000 0.075061 4528274796.278486 5268463149.715467 4.506224 5.242808 1541890536.000085
0.025000 0.025168 0.075000 0.075061 0.080000 0.080056 3730477953.117075 5268463149.715467 3.861224 5.453113 1643585520.000131
0.025000 0.025168 0.080000 0.080056 0.080000 0.080056 4525998301.569929 5268463149.715467 4.876403 5.676349 1751929224.000683
0.030000 0.030121 0.030000 0.030121 0.030000 0.030121 86812399.063786 5268463149.715467 0.028991 1.759385 294709079.999988
0.030000 0.030121 0.030000 0.030121 0.035000 0.035112 5658925807.917131 5268463149.715467 2.039770 1.899027 346963128.000003
0.030000 0.030121 0.030000 0.030121 0.040000 0.040109 4945760336.316113 5268463149.715467 2.056277 2.190446 393907007.999921
0.030000 0.030121 0.030000 0.030121 0.045000 0.045093 2189645224.779706 5268463149.715467 0.990164 2.382414 443237832.000073
0.030000 0.030121 0.030000 0.030121 0.050000 0.050083 7561717463.200977 5268463149.715467 3.576288 2.491701 492930023.999993
0.030000 0.030121 0.030000 0.030121 0.055000 0.055083 12274238997.259096 5268463149.715467 6.112451 2.623643 532777050.000028
0.030000 0.030121 0.030000 0.030121 0.060000 0.060076 10885056250.592884 5268463149.715467 5.176023 2.505241 301346339.999969
0.030000 0.030121 0.030000 0.030121 0.065000 0.065066 6474247497.156891 5268463149.715467 3.318804 2.700700 13907592.000032
0.030000 0.030121 0.035000 0.035112 0.035000 0.035112 5196329527.162788 5268463149.715467 2.024877 2.052986 408522935.999979
0.030000 0.030121 0.035000 0.035112 0.040000 0.040109 6362209588.415434 5268463149.715467 2.869084 2.375852 463775615.999931
0.030000 0.030121 0.035000 0.035112 0.045000 0.045093 5807515890.313303 5268463149.715467 2.854673 2.589702 521875992.000002
0.030000 0.030121 0.035000 0.035112 0.050000 0.050083 4750247327.884203 5268463149.715467 2.445121 2.711865 580364855.999918
0.030000 0.030121 0.035000 0.035112 0.055000 0.055083 3663060109.203976 5268463149.715467 1.988333 2.859756 639887160.000030
0.030000 0.030121 0.035000 0.035112 0.060000 0.060076 6268869999.514528 5268463149.715467 3.244844 2.727021 680683865.999867
0.030000 0.030121 0.035000 0.035112 0.065000 0.065066 4725174286.709770 5268463149.715467 2.642504 2.946333 386357291.999892
0.030000 0.030121 0.035000 0.035112 0.070000 0.070064 -5569034454.577559 5268463149.715467 -3.036188 2.872320 17968008.000042
0.030000 0.030121 0.040000 0.040109 0.040000 0.040109 8356828723.852760 5268463149.715467 4.391659 2.768669 526501367.999958
0.030000 0.030121 0.040000 0.040109 0.045000 0.045093 4689971304.354176 5268463149.715467 2.698974 3.031883 592443023.999794
0.030000 0.030121 0.040000 0.040109 0.050000 0.050083 4778316461.275427 5268463149.715467 2.887185 3.183344 658881455.999949
0.030000 0.030121 0.040000 0.040109 0.055000 0.055083 3566224158.915165 5268463149.715467 2.279655 3.367785 726428327.999879
0.030000 0.030121 0.040000 0.040109 0.060000 0.060076 8347665585.223763 5268463149.715467 5.073742 3.202191 788347991.999991
0.030000 0.030121 0.040000 0.040109 0.065000 0.065066 5151408006.584280 5268463149.715467 3.399075 3.476312 840285978.000009
0.030000 0.030121 0.040000 0.040109 0.070000 0.070064 5761806600.951624 5268463149.715467 3.700343 3.383508 472789660.000066
0.030000 0.030121 0.040000 0.040109 0.075000 0.075061 -6840512105.076586 5268463149.715467 -4.822344 3.714099 21703520.000025
0.030000 0.030121 0.045000 0.045093 0.045000 0.045093 6183028481.186771 5268463149.715467 3.908623 3.330478 666684792.000025
0.030000 0.030121 0.045000 0.045093 0.050000 0.050083 5482381940.208662 5268463149.715467 3.645384 3.503144 741397871.999968
0.030000 0.030121 0.045000 0.045093 0.055000 0.055083 4985576472.856821 5268463149.715467 3.514812 3.714246 817442088.000012
0.030000 0.030121 0.045000 0.045093 0.060000 0.060076 6024174541.096960 5268463149.715467 4.030254 3.524673 887099447.999967
0.030000 0.030121 0.045000 0.045093 0.065000 0.065066 5625990528.870394 5268463149.715467 4.099410 3.838896 964203792.000079
0.030000 0.030121 0.045000 0.045093 0.070000 0.070064 5031150429.487564 5268463149.715467 3.564169 3.732286 1017901970.000023
0.030000 0.030121 0.045000 0.045093 0.075000 0.075061 5194104582.049606 5268463149.715467 4.055084 4.113137 568201843.999910
0.030000 0.030121 0.045000 0.045093 0.080000 0.080056 10681719664.803473 5268463149.715467 8.637707 4.260310 25865480.000101
0.030000 0.030121 0.050000 0.050083 0.050000 0.050083 7226391667.603830 5268463149.715467 5.059397 3.688597 824512271.999930
0.030000 0.030121 0.050000 0.050083 0.055000 0.055083 5858681013.734880 5268463149.715467 4.354547 3.915859 909064079.999825
0.030000 0.030121 0.050000 0.050083 0.060000 0.060076 7884695337.453083 5268463149.715467 5.554940 3.711747 986563584.000399
0.030000 0.030121 0.050000 0.050083 0.065000 0.065066 7942147367.197100 5268463149.715467 6.105813 4.050322 1072297224.000111
0.030000 0.030121 0.050000 0.050083 0.070000 0.070064 4716100993.027712 5268463149.715467 3.522716 3.935306 1154612039.999792
0.030000 0.030121 0.050000 0.050083 0.075000 0.075061 4930187344.614761 5268463149.715467 4.067766 4.346868 1212059281.999834
0.030000 0.030121 0.050000 0.050083 0.080000 0.080056 4744877877.336136 5268463149.715467 4.058565 4.506418 673182398.000189
0.030000 0.030121 0.055000 0.055083 0.055000 0.055083 5398571956.730289 5268463149.715467 4.266449 4.163625 1002290543.999942
0.030000 0.030121 0.055000 0.055083 0.060000 0.060076 6222832198.675900 5268463149.715467 4.654976 3.941063 1087711895.999568
0.030000 0.030121 0.055000 0.055083 0.065000 0.065066 7247269741.267294 5268463149.715467 5.929616 4.310584 1182255095.999841
0.030000 0.030121 0.055000 0.055083 0.070000 0.070064 5878049658.266598 5268463149.715467 4.669071 4.184862 1273025496.000253
0.030000 0.030121 0.055000 0.055083 0.075000 0.075061 6851277007.254547 5268463149.715467 6.028353 4.635655 1363173287.999841
0.030000 0.030121 0.055000 0.055083 0.080000 0.080056 6381946140.001825 5268463149.715467 5.827923 4.811103 1424671357.999645
0.030000 0.030121 0.060000 0.060076 0.060000 0.060076 4861981889.587992 5268463149.715467 3.446926 3.735103 1180426583.999637
0.030000 0.030121 0.060000 0.060076 0.065000 0.065066 4645040159.225254 5268463149.715467 3.594365 4.076774 1283029439.999940
0.030000 0.030121 0.060000 0.060076 0.070000 0.070064 4915187221.603537 5268463149.715467 3.695105 3.960688 1381512095.999505
0.030000 0.030121 0.060000 0.060076 0.075000 0.075061 5198856227.970306 5268463149.715467 4.318348 4.376166 1479365256.000218
0.030000 0.030121 0.060000 0.060076 0.080000 0.080056 6151353122.565300 5268463149.715467 5.297659 4.537298 1576906631.999914
0.030000 0.030121 0.065000 0.065066 0.065000 0.065066 3585608310.859888 5268463149.715467 3.038913 4.465183 1394526263.999821
0.030000 0.030121 0.065000 0.065066 0.070000 0.070064 4152782456.550856 5268463149.715467 3.415351 4.332915 1501601351.999923
0.030000 0.030121 0.065000 0.065066 0.075000 0.075061 4800013095.475986 5268463149.715467 4.380272 4.807758 1607935992.000066
0.030000 0.030121 0.065000 0.065066 0.080000 0.080056 4497655047.276026 5268463149.715467 4.262494 4.993001 1713952104.000595
0.030000 0.030121 0.070000 0.070064 0.070000 0.070064 4926200838.546318 5268463149.715467 3.932999 4.206256 1616850455.999978
0.030000 0.030121 0.070000 0.070064 0.075000 0.075061 4121545722.552248 5268463149.715467 3.645924 4.660488 1731383519.999687
0.030000 0.030121 0.070000 0.070064 0.080000 0.080056 4467490154.237640 5268463149.715467 4.101907 4.837335 1845559128.000013
0.030000 0.030121 0.075000 0.075061 0.075000 0.075061 4288833012.598774 5268463149.715467 4.225463 5.190618 1854020567.999961
0.030000 0.030121 0.075000 0.075061 0.080000 0.080056 4044694353.736139 5268463149.715467 4.144532 5.398507 1976242224.000430
0.030000 0.030121 0.080000 0.080056 0.080000 0.080056 4738078410.030813 5268463149.715467 5.053499 5.619192 2106581423.999783
0.035000 0.035112 0.035000 0.035112 0.035000 0.035112 5280506240.005892 5268463149.715467 2.227746 2.222665 480998063.999941
0.035000 0.035112 0.035000 0.035112 0.040000 0.040109 5823553684.819147 5268463149.715467 2.851953 2.580110 546031008.000079
0.035000 0.035112 0.035000 0.035112 0.045000 0.045093 5179287971.589083 5268463149.715467 2.770376 2.818075 614438711.999891
0.035000 0.035112 0.035000 0.035112 0.050000 0.050083 4399133429.232025 5268463149.715467 2.466946 2.954449 683318399.999961
0.035000 0.035112 0.035000 0.035112 0.055000 0.055083 6828543070.930174 5268463149.715467 4.043845 3.119970 753399408.000042
0.035000 0.035112 0.035000 0.035112 0.060000 0.060076 4836012390.293095 5268463149.715467 2.727490 2.971390 817603199.999935
0.035000 0.035112 0.035000 0.035112 0.065000 0.065066 5643227650.171354 5268463149.715467 3.445927 3.217084 870808146.000017
0.035000 0.035112 0.035000 0.035112 0.070000 0.070064 7941240721.209742 5268463149.715467 4.724008 3.134052 489553284.000218
0.035000 0.035112 0.035000 0.035112 0.075000 0.075061 -1162882577.087470 5268463149.715467 -0.756899 3.429145 23107751.999991
0.035000 0.035112 0.040000 0.040109 0.040000 0.040109 7603651580.162342 5268463149.715467 4.350687 3.014530 619875239.999983
0.035000 0.035112 0.040000 0.040109 0.045000 0.045093 7653649375.821070 5268463149.715467 4.804013 3.306889 697561367.999938
0.035000 0.035112 0.040000 0.040109 0.050000 0.050083 6417748764.933006 5268463149.715467 4.233764 3.475584 775735751.999745
0.035000 0.035112 0.040000 0.040109 0.055000 0.055083 7452772376.061872 5268463149.715467 5.207812 3.681471 855298655.999830
0.035000 0.035112 0.040000 0.040109 0.060000 0.060076 6451911157.883478 5268463149.715467 4.282036 3.496600 928187351.999841
0.035000 0.035112 0.040000 0.040109 0.065000 0.065066 4673750074.985611 5268463149.715467 3.373582 3.802854 1008854448.000193
0.035000 0.035112 0.040000 0.040109 0.070000 0.070064 3038920030.961806 5268463149.715467 2.133659 3.699046 1064904858.000458
0.035000 0.035112 0.040000 0.040109 0.075000 0.075061 1879027709.321453 5268463149.715467 1.451383 4.069423 596038275.999874
0.035000 0.035112 0.040000 0.040109 0.080000 0.080056 287496079.870687 5268463149.715467 0.229857 4.212205 27878359.999907
0.035000 0.035112 0.045000 0.045093 0.045000 0.045093 5707896102.989143 5268463149.715467 3.941716 3.638255 784913375.999888
0.035000 0.035112 0.045000 0.045093 0.050000 0.050083 7795798324.654423 5268463149.715467 5.667802 3.830346 872916695.999779
0.035000 0.035112 0.045000 0.045093 0.055000 0.055083 6368204971.489845 5268463149.715467 4.914343 4.065672 962426328.000214
0.035000 0.035112 0.045000 0.045093 0.060000 0.060076 5122327273.405029 5268463149.715467 3.747411 3.854322 1044466176.000094
0.035000 0.035112 0.045000 0.045093 0.065000 0.065066 4523026515.221899 5268463149.715467 3.609921 4.204869 1135242624.000075
0.035000 0.035112 0.045000 0.045093 0.070000 0.070064 6924879254.939325 5268463149.715467 5.370391 4.085805 1222403735.999955
0.035000 0.035112 0.045000 0.045093 0.075000 0.075061 5699099958.311108 5268463149.715467 4.880546 4.511761 1282935098.000254
0.035000 0.035112 0.045000 0.045093 0.080000 0.080056 6145146915.891502 5268463149.715467 5.455056 4.676822 713638742.000096
0.035000 0.035112 0.050000 0.050083 0.050000 0.050083 4648817533.271845 5268463149.715467 3.561796 4.036552 970781591.999880
0.035000 0.035112 0.050000 0.050083 0.055000 0.055083 5352261251.106792 5268463149.715467 4.357953 4.289722 1070323583.999834
0.035000 0.035112 0.050000 0.050083 0.060000 0.060076 4124804268.171091 5268463149.715467 3.180484 4.062317 1161540576.000208
0.035000 0.035112 0.050000 0.050083 0.065000 0.065066 5431694005.735626 5268463149.715467 4.577319 4.439763 1262499048.000092
0.035000 0.035112 0.050000 0.050083 0.070000 0.070064 4541482758.312853 5268463149.715467 3.716491 4.311411 1359419495.999817
0.035000 0.035112 0.050000 0.050083 0.075000 0.075061 5194297664.148954 5268463149.715467 4.704155 4.771322 1455715295.999771
0.035000 0.035112 0.050000 0.050083 0.080000 0.080056 5654120113.046453 5268463149.715467 5.312435 4.950084 1520794262.000192
0.035000 0.035112 0.055000 0.055083 0.055000 0.055083 4286221534.718245 5268463149.715467 3.714353 4.565544 1180087896.000223
0.035000 0.035112 0.055000 0.055083 0.060000 0.060076 5747677364.099979 5268463149.715467 4.710494 4.317755 1280657591.999605
0.035000 0.035112 0.055000 0.055083 0.065000 0.065066 3595324675.580893 5268463149.715467 3.227453 4.729396 1391970767.999847
0.035000 0.035112 0.055000 0.055083 0.070000 0.070064 5216725716.769667 5268463149.715467 4.544144 4.589211 1498833287.999987
0.035000 0.035112 0.055000 0.055083 0.075000 0.075061 4315666286.774912 5268463149.715467 4.171527 5.092501 1604989223.999565
0.035000 0.035112 0.055000 0.055083 0.080000 0.080056 6325660293.034527 5268463149.715467 6.350149 5.288859 1710787608.000283
0.035000 0.035112 0.060000 0.060076 0.060000 0.060076 7658907216.962587 5268463149.715467 5.943286 4.088310 1389817176.000175
0.035000 0.035112 0.060000 0.060076 0.065000 0.065066 5026534245.751879 5268463149.715467 4.263951 4.469177 1510603320.000409
0.035000 0.035112 0.060000 0.060076 0.070000 0.070064 4489108050.821829 5268463149.715467 3.697686 4.339642 1626589103.999928
0.035000 0.035112 0.060000 0.060076 0.075000 0.075061 4241581177.657558 5268463149.715467 3.867552 4.803882 1741771920.000067
0.035000 0.035112 0.060000 0.060076 0.080000 0.080056 5422423645.774103 5268463149.715467 5.130054 4.984395 1856631503.999975
0.035000 0.035112 0.065000 0.065066 0.065000 0.065066 6194560384.160183 5268463149.715467 5.763321 4.901695 1641907752.000044
0.035000 0.035112 0.065000 0.065066 0.070000 0.070064 5502950886.052021 5268463149.715467 4.965874 4.754272 1767936551.999765
0.035000 0.035112 0.065000 0.065066 0.075000 0.075061 4208876717.648920 5268463149.715467 4.221417 5.284161 1893170904.000263
0.035000 0.035112 0.065000 0.065066 0.080000 0.080056 4135386130.331533 5268463149.715467 4.310345 5.491360 2018002152.000442
0.035000 0.035112 0.070000 0.070064 0.070000 0.070064 5869702397.327360 5268463149.715467 5.139495 4.613051 1903671407.999524
0.035000 0.035112 0.070000 0.070064 0.075000 0.075061 4777612356.571218 5268463149.715467 4.643112 5.120144 2038497695.999476
0.035000 0.035112 0.070000 0.070064 0.080000 0.080056 4320818764.023645 5268463149.715467 4.361487 5.318051 2172919752.000479
0.035000 0.035112 0.075000 0.075061 0.075000 0.075061 6434432060.225111 5268463149.715467 6.975153 5.711201 2182853424.000126
0.035000 0.035112 0.075000 0.075061 0.080000 0.080056 4338373678.140114 5268463149.715467 4.894217 5.943472 2326808711.999477
0.035000 0.035112 0.080000 0.080056 0.080000 0.080056 2987304443.098263 5268463149.715467 3.509781 6.189913 2480234544.000798
0.040000 0.040109 0.040000 0.040109 0.040000 0.040109 6985950277.075678 5268463149.715467 4.696289 3.541712 703753679.999909
0.040000 0.040109 0.040000 0.040109 0.045000 0.045093 8044992653.385376 5268463149.715467 5.955057 3.899817 791871192.000078
0.040000 0.040109 0.040000 0.040109 0.050000 0.050083 5695558728.922323 5268463149.715467 4.440673 4.107678 880667423.999920
0.040000 0.040109 0.040000 0.040109 0.055000 0.055083 6311466893.780956 5268463149.715467 5.226261 4.362593 970963943.999960
0.040000 0.040109 0.040000 0.040109 0.060000 0.060076 5218871219.182035 5268463149.715467 4.094725 4.133635 1053715031.999914
0.040000 0.040109 0.040000 0.040109 0.065000 0.065066 6935935779.255541 5268463149.715467 5.942051 4.513519 1145308991.999968
0.040000 0.040109 0.040000 0.040109 0.070000 0.070064 3930124961.351995 5268463149.715467 3.270651 4.384416 1233229943.999801
0.040000 0.040109 0.040000 0.040109 0.075000 0.075061 6378052508.042652 5268463149.715467 5.867386 4.846637 1295165502.000150
0.040000 0.040109 0.040000 0.040109 0.080000 0.080056 7287158219.112709 5268463149.715467 6.951813 5.026015 722944526.000037
0.040000 0.040109 0.045000 0.045093 0.045000 0.045093 5046064954.750021 5268463149.715467 4.123400 4.305133 891092927.999981
0.040000 0.040109 0.045000 0.045093 0.050000 0.050083 6953127808.704659 5268463149.715467 5.993513 4.541352 990980688.000000
0.040000 0.040109 0.045000 0.045093 0.055000 0.055083 6776368174.048710 5268463149.715467 6.214993 4.832007 1092598055.999803
0.040000 0.040109 0.045000 0.045093 0.060000 0.060076 5479854389.776611 5268463149.715467 4.754302 4.570900 1185725447.999822
0.040000 0.040109 0.045000 0.045093 0.065000 0.065066 6393029957.471201 5268463149.715467 6.072838 5.004595 1288787880.000208
0.040000 0.040109 0.045000 0.045093 0.070000 0.070064 5493995169.183060 5268463149.715467 5.064855 4.856940 1387714271.999806
0.040000 0.040109 0.045000 0.045093 0.075000 0.075061 3630859596.168358 5268463149.715467 3.712451 5.386854 1486016615.999805
0.040000 0.040109 0.045000 0.045093 0.080000 0.080056 4137647665.900904 5268463149.715467 4.392883 5.593454 1553319301.999833
0.040000 0.040109 0.050000 0.050083 0.050000 0.050083 2999392316.617009 5268463149.715467 2.729671 4.794694 1102054607.999924
0.040000 0.040109 0.050000 0.050083 0.055000 0.055083 4205306832.072525 5268463149.715467 4.076446 5.107024 1215082127.999757
0.040000 0.040109 0.050000 0.050083 0.060000 0.060076 3390337999.323654 5268463149.715467 3.105873 4.826415 1318655256.000095
0.040000 0.040109 0.050000 0.050083 0.065000 0.065066 6606221398.497618 5268463149.715467 6.636735 5.292798 1433254296.000279
0.040000 0.040109 0.050000 0.050083 0.070000 0.070064 5247976622.836216 5268463149.715467 5.113884 5.133847 1543296480.000037
0.040000 0.040109 0.050000 0.050083 0.075000 0.075061 3226757677.905020 5268463149.715467 3.494187 5.705106 1652574336.000522
0.040000 0.040109 0.050000 0.050083 0.080000 0.080056 4634916369.642078 5268463149.715467 5.215521 5.928431 1761552984.000108
0.040000 0.040109 0.055000 0.055083 0.055000 0.055083 2983584469.823765 5268463149.715467 3.084627 5.446886 1339683167.999993
0.040000 0.040109 0.055000 0.055083 0.060000 0.060076 4620105375.025612 5268463149.715467 4.508767 5.141501 1453871712.000090
0.040000 0.040109 0.055000 0.055083 0.065000 0.065066 4176454871.625032 5268463149.715467 4.478483 5.649462 1580236535.999690
0.040000 0.040109 0.055000 0.055083 0.070000 0.070064 3699038625.529753 5268463149.715467 3.844833 5.476115 1701546384.000812
0.040000 0.040109 0.055000 0.055083 0.075000 0.075061 3741542559.224817 5268463149.715467 4.332224 6.100202 1822047911.999841
0.040000 0.040109 0.055000 0.055083 0.080000 0.080056 5074330418.916246 5268463149.715467 6.111201 6.345002 1942230648.000492
0.040000 0.040109 0.060000 0.060076 0.060000 0.060076 3557408352.187292 5268463149.715467 3.280531 4.858412 1577776992.000231
0.040000 0.040109 0.060000 0.060076 0.065000 0.065066 4036018418.505239 5268463149.715467 4.082358 5.328953 1714916568.000027
0.040000 0.040109 0.060000 0.060076 0.070000 0.070064 4314876723.901360 5268463149.715467 4.233059 5.168564 1846565880.000609
0.040000 0.040109 0.060000 0.060076 0.075000 0.075061 5208485580.993399 5268463149.715467 5.679690 5.745094 1977356592.000386
0.040000 0.040109 0.060000 0.060076 0.080000 0.080056 5756283528.295727 5268463149.715467 6.523386 5.970557 2107724448.000238
0.040000 0.040109 0.065000 0.065066 0.065000 0.065066 3014039182.719853 5268463149.715467 3.353780 5.862321 1863973704.000201
0.040000 0.040109 0.065000 0.065066 0.070000 0.070064 4758315810.510550 5268463149.715467 5.130150 5.680162 2007059567.999723
0.040000 0.040109 0.065000 0.065066 0.075000 0.075061 3300447229.257942 5268463149.715467 3.969620 6.336655 2149225056.000750
0.040000 0.040109 0.065000 0.065066 0.080000 0.080056 4356152775.225712 5268463149.715467 5.452721 6.594686 2290907304.000213
0.040000 0.040109 0.070000 0.070064 0.070000 0.070064 3418077711.602947 5268463149.715467 3.571898 5.505554 2161148879.999289
0.040000 0.040109 0.070000 0.070064 0.075000 0.075061 4009733615.878479 5268463149.715467 4.668687 6.134275 2314211543.999932
0.040000 0.040109 0.070000 0.070064 0.080000 0.080056 3440120110.831469 5268463149.715467 4.166544 6.380964 2466786720.000296
0.040000 0.040109 0.075000 0.075061 0.075000 0.075061 3534492443.619476 5268463149.715467 4.605808 6.865351 2478094920.000261
0.040000 0.040109 0.075000 0.075061 0.080000 0.080056 3950320102.351803 5268463149.715467 5.364098 7.153991 2641521648.000396
0.040000 0.040109 0.080000 0.080056 0.080000 0.080056 4161314916.271822 5268463149.715467 5.892262 7.459941 2815685975.999961
0.045000 0.045093 0.045000 0.045093 0.045000 0.045093 6252676531.034374 5268463149.715467 5.653506 4.763606 1002707808.000142
0.045000 0.045093 0.045000 0.045093 0.050000 0.050083 6096640090.367096 5268463149.715467 5.822761 5.031788 1115126904.000085
0.045000 0.045093 0.045000 0.045093 0.055000 0.055083 5429307608.373396 5268463149.715467 5.526494 5.362771 1229480039.999753
0.045000 0.045093 0.045000 0.045093 0.060000 0.060076 5460078682.074697 5268463149.715467 5.249615 5.065385 1334258927.999818
0.045000 0.045093 0.045000 0.045093 0.065000 0.065066 4564585898.901592 5268463149.715467 4.817023 5.559827 1450232424.000523
0.045000 0.045093 0.045000 0.045093 0.070000 0.070064 5644014248.977018 5268463149.715467 5.775515 5.391214 1561561920.000185
0.045000 0.045093 0.045000 0.045093 0.075000 0.075061 3004151629.145117 5268463149.715467 3.419960 5.997678 1672156967.999784
0.045000 0.045093 0.045000 0.045093 0.080000 0.080056 4899163983.357939 5268463149.715467 5.798070 6.235129 1782437327.999660
0.045000 0.045093 0.050000 0.050083 0.050000 0.050083 3912242276.432774 5268463149.715467 3.949980 5.319282 1240133759.999655
0.045000 0.045093 0.050000 0.050083 0.055000 0.055083 4466517207.582146 5268463149.715467 4.810944 5.674730 1367292959.999703
0.045000 0.045093 0.050000 0.050083 0.060000 0.060076 3828400411.431974 5268463149.715467 3.891525 5.355332 1483831751.999891
0.045000 0.045093 0.050000 0.050083 0.065000 0.065066 4171872663.262138 5268463149.715467 4.661415 5.886683 1612797768.000097
0.045000 0.045093 0.050000 0.050083 0.070000 0.070064 5158788733.827824 5268463149.715467 5.586540 5.705308 1736615976.000226
0.045000 0.045093 0.050000 0.050083 0.075000 0.075061 3116965829.158010 5268463149.715467 3.761873 6.358520 1859610888.000275
0.045000 0.045093 0.050000 0.050083 0.080000 0.080056 4389455556.313274 5268463149.715467 5.511260 6.614914 1982214599.999979
0.045000 0.045093 0.055000 0.055083 0.055000 0.055083 4108838894.763874 5268463149.715467 4.727145 6.061271 1507522104.000252
0.045000 0.045093 0.055000 0.055083 0.060000 0.060076 3871946305.122520 5268463149.715467 4.199303 5.713890 1636010016.000527
0.045000 0.045093 0.055000 0.055083 0.065000 0.065066 4024856529.693686 5268463149.715467 4.806952 6.292212 1778181647.999797
0.045000 0.045093 0.055000 0.055083 0.070000 0.070064 3483120349.900743 5268463149.715467 4.029280 6.094568 1914701423.999352
0.045000 0.045093 0.055000 0.055083 0.075000 0.075061 3907828944.110422 5268463149.715467 5.049409 6.807520 2050305456.000249
0.045000 0.045093 0.055000 0.055083 0.080000 0.080056 3549936911.850693 5268463149.715467 4.776114 7.088233 2185496904.000318
0.045000 0.045093 0.060000 0.060076 0.060000 0.060076 4442325496.272028 5268463149.715467 4.546231 5.391692 1775440247.999508
0.045000 0.045093 0.060000 0.060076 0.065000 0.065066 3467557931.284737 5268463149.715467 3.901476 5.927740 1929747072.000055
0.045000 0.045093 0.060000 0.060076 0.070000 0.070064 4487893008.021334 5268463149.715467 4.893605 5.744740 2077887144.000257
0.045000 0.045093 0.060000 0.060076 0.075000 0.075061 4419791215.683874 5268463149.715467 5.372336 6.403913 2225053295.999935
0.045000 0.045093 0.060000 0.060076 0.080000 0.080056 3256782492.761975 5268463149.715467 4.118669 6.662727 2371773576.000422
0.045000 0.045093 0.065000 0.065066 0.065000 0.065066 2078438119.685831 5268463149.715467 2.578006 6.534777 2097451320.000488
0.045000 0.045093 0.065000 0.065066 0.070000 0.070064 2321945323.343410 5268463149.715467 2.788545 6.327171 2258509344.000033
0.045000 0.045093 0.065000 0.065066 0.075000 0.075061 3430035918.656076 5268463149.715467 4.607341 7.076780 2418441624.000247
0.045000 0.045093 0.065000 0.065066 0.080000 0.080056 4282483057.521509 5268463149.715467 5.992735 7.372476 2577924480.000166
0.045000 0.045093 0.070000 0.070064 0.070000 0.070064 1603977088.996896 5268463149.715467 1.865693 6.128102 2431846416.000337
0.045000 0.045093 0.070000 0.070064 0.075000 0.075061 2534818918.561513 5268463149.715467 3.293962 6.846295 2604101544.000430
0.045000 0.045093 0.070000 0.070064 0.080000 0.080056 3544161585.191547 5268463149.715467 4.795867 7.129147 2775842400.000185
0.045000 0.045093 0.075000 0.075061 0.075000 0.075061 1733578946.271063 5268463149.715467 2.527195 7.680316 2788576991.999867
0.045000 0.045093 0.075000 0.075061 0.080000 0.080056 3963265241.405346 5268463149.715467 6.026135 8.010685 2972395799.999821
0.045000 0.045093 0.080000 0.080056 0.080000 0.080056 4700216456.843441 5268463149.715467 7.458906 8.360673 3168415080.000481
0.050000 0.050083 0.050000 0.050083 0.050000 0.050083 1113074570.733237 5268463149.715467 1.188912 5.627422 1379143632.000068
0.050000 0.050083 0.050000 0.050083 0.055000 0.055083 3817735499.111105 5268463149.715467 4.354381 6.009033 1520585111.999793
0.050000 0.050083 0.050000 0.050083 0.060000 0.060076 1748214655.201232 5268463149.715467 1.880158 5.666092 1650153792.000601
0.050000 0.050083 0.050000 0.050083 0.065000 0.065066 5289554475.670435 5268463149.715467 6.261893 6.236925 1793611799.999449
0.050000 0.050083 0.050000 0.050083 0.070000 0.070064 4130131468.208103 5268463149.715467 4.736451 6.041895 1931278272.000598
0.050000 0.050083 0.050000 0.050083 0.075000 0.075061 3040248390.040675 5268463149.715467 3.892394 6.745151 2068074143.999654
0.050000 0.050083 0.050000 0.050083 0.080000 0.080056 3690983433.375290 5268463149.715467 4.919369 7.021846 2204467800.000608
0.050000 0.050083 0.055000 0.055083 0.055000 0.055083 5556726057.511982 5268463149.715467 6.775390 6.423907 1676495999.999944
0.050000 0.050083 0.055000 0.055083 0.060000 0.060076 3163728580.981172 5268463149.715467 3.633663 6.051031 1819397111.999933
0.050000 0.050083 0.055000 0.055083 0.065000 0.065066 4104744201.406588 5268463149.715467 5.198355 6.672119 1977526511.999538
0.050000 0.050083 0.055000 0.055083 0.070000 0.070064 3580288525.652664 5268463149.715467 4.389802 6.459678 2129338415.999820
0.050000 0.050083 0.055000 0.055083 0.075000 0.075061 3950262040.975370 5268463149.715467 5.418682 7.226894 2280162936.000105
0.050000 0.050083 0.055000 0.055083 0.080000 0.080056 2609016077.732813 5268463149.715467 3.728786 7.529648 2430472440.001151
0.050000 0.050083 0.060000 0.060076 0.060000 0.060076 6156892184.650282 5268463149.715467 6.667154 5.705095 1974476567.999563
0.050000 0.050083 0.060000 0.060076 0.065000 0.065066 4640901301.041086 5268463149.715467 5.532786 6.280952 2146071239.999630
0.050000 0.050083 0.060000 0.060076 0.070000 0.070064 5185797330.218878 5268463149.715467 5.988718 6.084183 2310833328.000039
0.050000 0.050083 0.060000 0.060076 0.075000 0.075061 4127101724.035061 5268463149.715467 5.322005 6.793821 2474476440.000136
0.050000 0.050083 0.060000 0.060076 0.080000 0.080056 2507977840.809046 5268463149.715467 3.367054 7.073109 2637648599.999911
0.050000 0.050083 0.065000 0.065066 0.065000 0.065066 4027966813.047276 5268463149.715467 5.300405 6.932775 2332610736.000196
0.050000 0.050083 0.065000 0.065066 0.070000 0.070064 3023296620.919827 5268463149.715467 3.850330 6.709670 2511643799.999482
0.050000 0.050083 0.065000 0.065066 0.075000 0.075061 4086762441.736883 5268463149.715467 5.830291 7.516138 2689550352.000374
0.050000 0.050083 0.065000 0.065066 0.080000 0.080056 3414369612.675070 5268463149.715467 5.077649 7.834947 2866918703.999881
0.050000 0.050083 0.070000 0.070064 0.070000 0.070064 3344901777.096325 5268463149.715467 4.124066 6.495704 2704515552.000180
0.050000 0.050083 0.070000 0.070064 0.075000 0.075061 2874946044.430558 5268463149.715467 3.966362 7.268531 2896025376.000222
0.050000 0.050083 0.070000 0.070064 0.080000 0.080056 3921001083.822567 5268463149.715467 5.636559 7.573576 3086985407.999889
0.050000 0.050083 0.075000 0.075061 0.075000 0.075061 2174515848.668597 5268463149.715467 3.370211 8.165420 3101154552.000078
0.050000 0.050083 0.075000 0.075061 0.080000 0.080056 2631655769.498111 5268463149.715467 4.256527 8.521387 3305620823.999590
0.050000 0.050083 0.080000 0.080056 0.080000 0.080056 2177582339.735827 5268463149.715467 3.677917 8.898386 3523569456.000443
0.055000 0.055083 0.055000 0.055083 0.055000 0.055083 6620904403.302525 5268463149.715467 8.639621 6.874820 1848432480.000415
0.055000 0.055083 0.055000 0.055083 0.060000 0.060076 5797217450.332121 5268463149.715467 7.118803 6.469509 2005971048.000431
0.055000 0.055083 0.055000 0.055083 0.065000 0.065066 3720914669.845060 5268463149.715467 5.046281 7.145057 2180332224.000329
0.055000 0.055083 0.055000 0.055083 0.070000 0.070064 3366157591.991953 5268463149.715467 4.417369 6.913743 2347701096.000585
0.055000 0.055083 0.055000 0.055083 0.075000 0.075061 3636865166.784382 5268463149.715467 5.350112 7.750320 2513959919.999996
0.055000 0.055083 0.055000 0.055083 0.080000 0.080056 4410178891.090748 5268463149.715467 6.764831 8.081364 2679744263.999796
0.055000 0.055083 0.060000 0.060076 0.060000 0.060076 5511112205.098827 5268463149.715467 6.374031 6.093389 2176922063.999816
0.055000 0.055083 0.060000 0.060076 0.065000 0.065066 5357332044.937307 5268463149.715467 6.833273 6.719921 2366144016.000247
0.055000 0.055083 0.060000 0.060076 0.070000 0.070064 4939826665.214323 5268463149.715467 6.099789 6.505595 2547811632.000614
0.055000 0.055083 0.060000 0.060076 0.075000 0.075061 4082396767.086390 5268463149.715467 5.640876 7.279730 2728265423.999761
0.055000 0.055083 0.060000 0.060076 0.080000 0.080056 3570609905.567863 5268463149.715467 5.140806 7.585300 2908124664.000181
0.055000 0.055083 0.065000 0.065066 0.065000 0.065066 3727982345.186256 5268463149.715467 5.256634 7.428786 2571808080.000429
0.055000 0.055083 0.065000 0.065066 0.070000 0.070064 3346372150.372028 5268463149.715467 4.564278 7.185910 2769211176.000381
0.055000 0.055083 0.065000 0.065066 0.075000 0.075061 3832601843.579641 5268463149.715467 5.867021 8.065065 2965355111.999226
0.055000 0.055083 0.065000 0.065066 0.080000 0.080056 3853833753.009926 5268463149.715467 6.154428 8.413539 3160915560.000873
0.055000 0.055083 0.070000 0.070064 0.070000 0.070064 4329939449.030807 5268463149.715467 5.714346 6.952942 2981826912.000260
0.055000 0.055083 0.070000 0.070064 0.075000 0.075061 2849723763.183198 5268463149.715467 4.216661 7.795606 3193030584.000270
0.055000 0.055083 0.070000 0.070064 0.080000 0.080056 3142758020.177278 5268463149.715467 4.849216 8.129138 3403536743.998960
0.055000 0.055083 0.075000 0.075061 0.075000 0.075061 3623800182.530674 5268463149.715467 6.034241 8.772884 3419121191.999733
0.055000 0.055083 0.075000 0.075061 0.080000 0.080056 2140580599.112752 5268463149.715467 3.722409 9.161708 3644625767.999223
0.055000 0.055083 0.080000 0.080056 0.080000 0.080056 1908141915.021870 5268463149.715467 3.467304 9.573377 3884933999.999990
0.060000 0.060076 0.060000 0.060076 0.060000 0.060076 5209045985.831314 5268463149.715467 5.679650 5.744435 2362498776.000067
0.060000 0.060076 0.060000 0.060076 0.065000 0.065066 3905904510.630337 5268463149.715467 4.689459 6.325357 2567827584.000505
0.060000 0.060076 0.060000 0.060076 0.070000 0.070064 4725921124.275154 5268463149.715467 5.495898 6.126834 2764912007.999931
0.060000 0.060076 0.060000 0.060076 0.075000 0.075061 4185699258.185755 5268463149.715467 5.436566 6.842907 2960786447.999466
0.060000 0.060076 0.060000 0.060076 0.080000 0.080056 3498263164.680655 5268463149.715467 4.730880 7.124811 3156024503.999999
0.060000 0.060076 0.065000 0.065066 0.065000 0.065066 3730762632.964718 5268463149.715467 4.944795 6.982881 2790970055.999565
0.060000 0.060076 0.065000 0.065066 0.070000 0.070064 3530957497.330645 5268463149.715467 4.529122 6.757802 3005296943.999360
0.060000 0.060076 0.065000 0.065066 0.075000 0.075061 4067964260.837128 5268463149.715467 5.846235 7.571520 3218097671.999801
0.060000 0.060076 0.065000 0.065066 0.080000 0.080056 4228704673.186890 5268463149.715467 6.335502 7.893282 3430287143.999515
0.060000 0.060076 0.070000 0.070064 0.070000 0.070064 3665538912.928028 5268463149.715467 4.551560 6.541937 3235936128.000957
0.060000 0.060076 0.070000 0.070064 0.075000 0.075061 3684383819.412455 5268463149.715467 5.120292 7.321731 3465141431.999557
0.060000 0.060076 0.070000 0.070064 0.080000 0.080056 4648327012.697260 5268463149.715467 6.731552 7.629613 3693661032.000047
0.060000 0.060076 0.075000 0.075061 0.075000 0.075061 4025025386.456903 5268463149.715467 6.285026 8.226638 3710591832.001441
0.060000 0.060076 0.075000 0.075061 0.080000 0.080056 4141106659.257904 5268463149.715467 6.748653 8.585876 3955231536.001071
0.060000 0.060076 0.080000 0.080056 0.080000 0.080056 3761713815.944160 5268463149.715467 6.402010 8.966326 4216024584.001143
0.065000 0.065066 0.065000 0.065066 0.065000 0.065066 2483982768.062730 5268463149.715467 3.642974 7.726653 3033603576.001870
0.065000 0.065066 0.065000 0.065066 0.070000 0.070064 4794263679.208664 5268463149.715467 6.799158 7.471661 3266442191.999407
0.065000 0.065066 0.065000 0.065066 0.075000 0.075061 3994157963.474638 5268463149.715467 6.364801 8.395442 3497796504.001791
0.065000 0.065066 0.065000 0.065066 0.080000 0.080056 3137111237.637463 5268463149.715467 5.217456 8.762194 3728430191.999541
0.065000 0.065066 0.070000 0.070064 0.070000 0.070064 3024071274.821225 5268463149.715467 4.148292 7.227052 3517243391.999396
0.065000 0.065066 0.070000 0.070064 0.075000 0.075061 3270179139.836669 5268463149.715467 5.035550 8.112586 3766335431.999287
0.065000 0.065066 0.070000 0.070064 0.080000 0.080056 3512368589.076117 5268463149.715467 5.642542 8.463669 4014655751.999551
0.065000 0.065066 0.075000 0.075061 0.075000 0.075061 2649276732.075460 5268463149.715467 4.595717 9.139236 4033074191.998886
0.065000 0.065066 0.075000 0.075061 0.080000 0.080056 2039470045.157891 5268463149.715467 3.696236 9.548306 4299018552.001344
0.065000 0.065066 0.080000 0.080056 0.080000 0.080056 1616592547.042140 5268463149.715467 3.062707 9.981341 4582502208.000208
0.070000 0.070064 0.070000 0.070064 0.070000 0.070064 1645030149.376937 5268463149.715467 2.183320 6.992420 3787218264.000456
0.070000 0.070064 0.070000 0.070064 0.075000 0.075061 3269928409.210714 5268463149.715467 4.866732 7.841211 4055474519.999332
0.070000 0.070064 0.070000 0.070064 0.080000 0.080056 3296760484.517562 5268463149.715467 5.116944 8.177249 4322853096.000618
0.070000 0.070064 0.075000 0.075061 0.075000 0.075061 2524236737.399961 5268463149.715467 4.228513 8.825545 4342661063.999525
0.070000 0.070064 0.075000 0.075061 0.080000 0.080056 2943779038.368563 5268463149.715467 5.150188 9.217259 4629062592.000295
0.070000 0.070064 0.080000 0.080056 0.080000 0.080056 2852510138.586902 5268463149.715467 5.215053 9.631978 4934246663.999346
0.075000 0.075061 0.075000 0.075061 0.075000 0.075061 2463675788.676428 5268463149.715467 4.660407 9.966077 4650291959.999634
0.075000 0.075061 0.075000 0.075061 0.080000 0.080056 3335477290.762495 5268463149.715467 6.598218 10.422037 4956845088.000323
0.075000 0.075061 0.080000 0.080056 0.080000 0.080056 4023888696.784456 5268463149.715467 8.328567 10.904563 5283774911.999811
0.080000 0.080056 0.080000 0.080056 0.080000 0.080056 4059243963.371920 5268463149.715467 8.795134 11.415140 5632068719.998868
