#Data file /g100/home/userexternal/gdamico0/work/eBOSS-QSO-DR16/eBOSS_QSO_NGC_v7_2.dat.txt
#Random file /g100/home/userexternal/gdamico0/work/eBOSS-QSO-DR16/eBOSS_QSO_NGC_v7_2.ran.txt
#Number of data elements used: 218209
#Number of random elements used: 11099757
#Effective number of data elements weighted by wcol: 231182.982068
#Effective number of randoms elements weighted by wcol: 11759586.260321
#Effective number of data elements weighted by wcol*wsys: 231182.134160
#Effective number of randoms elements weighted by wcol*wsys: 11502739.319012
#Effective redshift value from data 1.538915
#Effective redshift value from randoms 1.538993
#Size of the Box 6700.000000 Mpc/h
#Area of the survey used 2924.000000 deg^2
#Value of alpha: 0.020097
#Normalization using randoms file
#Normalization 1.992103e-05
#Type of Computation: FFT
#Number of grid cells: 512
#Type of Mass Assigment: PCS
#Type of Yamamoto: GridCenter
#Number of Interlacing steps: 2
#Grid Correction: yes
#Value of Om=0.310000
#Computation using multigrid: no
#Shapes of the triangles: all
#k1-centerbin	 k1-eff	 k2-centerbin	 k2-eff	 k3-centerbin	 k3-eff	 Bispectrum-Bshotnoise	 Bsn	 Q-Qsn	 Qsn	 Number of Triangles
0.005000 0.005738 0.005000 0.005738 0.005000 0.005738 -86761166952.984787 4048750475.230368 -19.028334 0.887966 1674330.000000
0.005000 0.005738 0.005000 0.005738 0.010000 0.010373 -2029900125.106668 4048750475.230368 -0.403310 0.804424 2114101.999999
0.005000 0.005738 0.005000 0.005738 0.015000 0.015260 18113932747.354858 4048750475.230368 4.184051 0.935202 171386.000000
0.005000 0.005738 0.010000 0.010373 0.010000 0.010373 41016270659.610481 4048750475.230368 7.398971 0.730359 6944343.999996
0.005000 0.005738 0.010000 0.010373 0.015000 0.015260 21888069591.585453 4048750475.230368 4.574436 0.846157 6155654.000001
0.005000 0.005738 0.010000 0.010373 0.020000 0.020197 12215535344.664753 4048750475.230368 2.497959 0.827930 404462.000000
0.005000 0.005738 0.015000 0.015260 0.015000 0.015260 33829089863.118027 4048750475.230368 8.235515 0.985647 15785811.999993
0.005000 0.005738 0.015000 0.015260 0.020000 0.020197 24629996938.494167 4048750475.230368 5.861866 0.963591 12217513.999996
0.005000 0.005738 0.015000 0.015260 0.025000 0.025167 20472892014.857689 4048750475.230368 5.112599 1.011075 767509.999999
0.005000 0.005738 0.020000 0.020197 0.020000 0.020197 1163189794.080279 4048750475.230368 0.270677 0.942155 27703131.999996
0.005000 0.005738 0.020000 0.020197 0.025000 0.025167 8747571671.374603 4048750475.230368 2.135273 0.988296 20275357.999995
0.005000 0.005738 0.020000 0.020197 0.030000 0.030137 -14233026517.293150 4048750475.230368 -3.823671 1.087688 1163545.999995
0.005000 0.005738 0.025000 0.025167 0.025000 0.025167 15377743934.764761 4048750475.230368 3.939992 1.037346 43887904.000007
0.005000 0.005738 0.025000 0.025167 0.030000 0.030137 9363392246.490223 4048750475.230368 2.643871 1.143216 30366933.999985
0.005000 0.005738 0.025000 0.025167 0.035000 0.035111 10763446554.402319 4048750475.230368 3.284117 1.235345 1782557.999998
0.005000 0.005738 0.030000 0.030137 0.030000 0.030137 8130417381.973562 4048750475.230368 2.537429 1.263578 62077740.000004
0.005000 0.005738 0.030000 0.030137 0.035000 0.035111 4714987741.329153 4048750475.230368 1.594152 1.368895 42372586.000032
0.005000 0.005738 0.030000 0.030137 0.040000 0.040096 -1747586119.015259 4048750475.230368 -0.643462 1.490752 2352302.000000
0.005000 0.005738 0.035000 0.035111 0.035000 0.035111 188121136.603676 4048750475.230368 0.069060 1.486312 85375419.999950
0.005000 0.005738 0.035000 0.035111 0.040000 0.040096 2392830460.669707 4048750475.230368 0.959098 1.622827 56514541.999994
0.005000 0.005738 0.035000 0.035111 0.045000 0.045093 23089776423.147202 4048750475.230368 9.300543 1.630833 3129169.999991
0.005000 0.005738 0.040000 0.040096 0.040000 0.040096 12172649957.923454 4048750475.230368 5.343339 1.777250 110955375.999959
0.005000 0.005738 0.040000 0.040096 0.045000 0.045093 5662622421.289385 4048750475.230368 2.498387 1.786336 72701653.999977
0.005000 0.005738 0.040000 0.040096 0.050000 0.050093 8481086868.824587 4048750475.230368 4.064399 1.940286 3828517.999996
0.005000 0.005738 0.045000 0.045093 0.045000 0.045093 12402814843.972691 4048750475.230368 5.500238 1.795487 142047531.999942
0.005000 0.005738 0.045000 0.045093 0.050000 0.050093 6271646686.821877 4048750475.230368 3.021499 1.950571 90915362.000043
0.005000 0.005738 0.045000 0.045093 0.055000 0.055078 2686606299.934556 4048750475.230368 1.297508 1.955362 4879142.000002
0.005000 0.005738 0.050000 0.050093 0.050000 0.050093 6739618912.983040 4048750475.230368 3.538037 2.125436 173739147.999911
0.005000 0.005738 0.050000 0.050093 0.055000 0.055078 5525737377.092752 4048750475.230368 2.908190 2.130854 110880398.000057
0.005000 0.005738 0.050000 0.050093 0.060000 0.060067 19137217275.644680 4048750475.230368 11.010869 2.329506 5961026.000006
0.005000 0.005738 0.055000 0.055078 0.055000 0.055078 18867454034.767307 4048750475.230368 9.955264 2.136291 209624608.000013
0.005000 0.005738 0.055000 0.055078 0.060000 0.060067 12513937453.585215 4048750475.230368 7.219209 2.335698 133018957.999957
0.005000 0.005738 0.055000 0.055078 0.065000 0.065059 18527138670.371517 4048750475.230368 10.937912 2.390271 7004677.999986
0.005000 0.005738 0.060000 0.060067 0.060000 0.060067 14468481325.835695 4048750475.230368 9.161403 2.563658 250361452.000023
0.005000 0.005738 0.060000 0.060067 0.065000 0.065059 7878757556.142656 4048750475.230368 5.110815 2.626355 157223882.000147
0.005000 0.005738 0.060000 0.060067 0.070000 0.070054 14671582730.493372 4048750475.230368 9.941053 2.743320 8267438.000021
0.005000 0.005738 0.065000 0.065059 0.065000 0.065059 13412046208.151793 4048750475.230368 8.915552 2.691375 293270619.999940
0.005000 0.005738 0.065000 0.065059 0.070000 0.070054 9578797603.199150 4048750475.230368 6.654646 2.812775 183411685.999990
0.005000 0.005738 0.065000 0.065059 0.075000 0.075053 9186707269.981098 4048750475.230368 6.573537 2.897078 9497786.000002
0.005000 0.005738 0.070000 0.070054 0.070000 0.070054 16142443286.562990 4048750475.230368 11.732439 2.942660 341261200.000034
0.005000 0.005738 0.070000 0.070054 0.075000 0.075053 5587094818.055569 4048750475.230368 4.185421 3.033012 211746541.999990
0.005000 0.005738 0.070000 0.070054 0.080000 0.080054 6404081319.699772 4048750475.230368 5.035335 3.183410 10918358.000023
0.005000 0.005738 0.075000 0.075053 0.075000 0.075053 11917875058.585537 4048750475.230368 9.206636 3.127686 391620315.999868
0.005000 0.005738 0.075000 0.075053 0.080000 0.080054 3004393847.070066 4048750475.230368 2.438010 3.285486 242004841.999758
0.005000 0.005738 0.080000 0.080054 0.080000 0.080054 14469641317.837221 4048750475.230368 12.351232 3.455998 446073483.999995
0.010000 0.010373 0.010000 0.010373 0.010000 0.010373 33065609437.800835 4048750475.230368 5.428780 0.664732 14459640.000000
0.010000 0.010373 0.010000 0.010373 0.015000 0.015260 27621295344.931194 4048750475.230368 5.233945 0.767196 21443719.999996
0.010000 0.010373 0.010000 0.010373 0.020000 0.020197 6842838502.491129 4048750475.230368 1.269475 0.751119 15634400.000002
0.010000 0.010373 0.010000 0.010373 0.025000 0.025167 -26150249854.410252 4048750475.230368 -5.074531 0.785672 919663.999999
0.010000 0.010373 0.015000 0.015260 0.015000 0.015260 -4398377241.767726 4048750475.230368 -0.967664 0.890744 32900543.999999
0.010000 0.010373 0.015000 0.015260 0.020000 0.020197 11130523583.906202 4048750475.230368 2.395209 0.871262 42816517.999980
0.010000 0.010373 0.015000 0.015260 0.025000 0.025167 1194087758.023565 4048750475.230368 0.269322 0.913179 29342408.000022
0.010000 0.010373 0.015000 0.015260 0.030000 0.030137 44265862879.256020 4048750475.230368 10.968637 1.003240 1602685.999996
0.010000 0.010373 0.020000 0.020197 0.020000 0.020197 -7044773525.806128 4048750475.230368 -1.483047 0.852332 57702000.000017
0.010000 0.010373 0.020000 0.020197 0.025000 0.025167 6051854332.503866 4048750475.230368 1.334890 0.893055 71377183.999970
0.010000 0.010373 0.020000 0.020197 0.030000 0.030137 -4890800114.469788 4048750475.230368 -1.184375 0.980461 46011502.000035
0.010000 0.010373 0.020000 0.020197 0.035000 0.035111 18637748860.622971 4048750475.230368 4.861052 1.055985 2479974.000003
0.010000 0.010373 0.025000 0.025167 0.025000 0.025167 12491769385.293383 4048750475.230368 2.888998 0.936363 91489968.000074
0.010000 0.010373 0.025000 0.025167 0.030000 0.030137 8404498222.010862 4048750475.230368 2.137103 1.029520 106854167.999971
0.010000 0.010373 0.025000 0.025167 0.035000 0.035111 11680491747.284563 4048750475.230368 3.202980 1.110233 68031695.999961
0.010000 0.010373 0.025000 0.025167 0.040000 0.040096 -1202682185.305350 4048750475.230368 -0.357264 1.202707 3597791.999991
0.010000 0.010373 0.030000 0.030137 0.030000 0.030137 7723270418.448225 4048750475.230368 2.166111 1.135535 129264815.999909
0.010000 0.010373 0.030000 0.030137 0.035000 0.035111 1680237762.194944 4048750475.230368 0.509595 1.227935 149032350.000118
0.010000 0.010373 0.030000 0.030137 0.040000 0.040096 1626863301.378018 4048750475.230368 0.536198 1.334428 92027272.000038
0.010000 0.010373 0.030000 0.030137 0.045000 0.045093 14808086421.603037 4048750475.230368 4.903326 1.340642 4731566.000004
0.010000 0.010373 0.035000 0.035111 0.035000 0.035111 7032096164.767519 4048750475.230368 2.311846 1.331052 177902376.000052
0.010000 0.010373 0.035000 0.035111 0.040000 0.040096 8159435876.990395 4048750475.230368 2.923215 1.450513 199217479.999866
0.010000 0.010373 0.035000 0.035111 0.045000 0.045093 9312860487.499409 4048750475.230368 3.352525 1.457505 121481726.000025
0.010000 0.010373 0.035000 0.035111 0.050000 0.050093 12141154252.504183 4048750475.230368 4.724104 1.575362 5993317.999974
0.010000 0.010373 0.040000 0.040096 0.040000 0.040096 11679000155.932247 4048750475.230368 4.574412 1.585808 231168504.000098
0.010000 0.010373 0.040000 0.040096 0.045000 0.045093 7504687086.687462 4048750475.230368 2.954152 1.593754 256958024.000023
0.010000 0.010373 0.040000 0.040096 0.050000 0.050093 6032305947.341635 4048750475.230368 2.574794 1.728145 152548615.999962
0.010000 0.010373 0.040000 0.040096 0.055000 0.055078 -12488184742.321510 4048750475.230368 -5.343162 1.732288 7492952.000019
0.010000 0.010373 0.045000 0.045093 0.045000 0.045093 4937784223.957947 4048750475.230368 1.953475 1.601757 296151576.000069
0.010000 0.010373 0.045000 0.045093 0.050000 0.050093 5459519510.245512 4048750475.230368 2.342452 1.737150 321518582.000044
0.010000 0.010373 0.045000 0.045093 0.055000 0.055078 6435477979.281242 4048750475.230368 2.767831 1.741325 190333183.999953
0.010000 0.010373 0.045000 0.045093 0.060000 0.060067 11174845288.905422 4048750475.230368 5.226352 1.893556 9531542.000039
0.010000 0.010373 0.050000 0.050093 0.050000 0.050093 6624794321.004230 4048750475.230368 3.092529 1.890002 362004071.999823
0.010000 0.010373 0.050000 0.050093 0.055000 0.055078 8117478490.748268 4048750475.230368 3.798810 1.894731 390655328.000025
0.010000 0.010373 0.050000 0.050093 0.060000 0.060067 7905996609.157217 4048750475.230368 4.037788 2.067797 230840701.999906
0.010000 0.010373 0.050000 0.050093 0.065000 0.065059 20179632739.476746 4048750475.230368 10.541759 2.115051 11420222.000005
0.010000 0.010373 0.055000 0.055078 0.055000 0.055078 5627010844.165644 4048750475.230368 2.639920 1.899477 436698863.999939
0.010000 0.010373 0.055000 0.055078 0.060000 0.060067 5547153758.887489 4048750475.230368 2.840482 2.073208 468954464.000147
0.010000 0.010373 0.055000 0.055078 0.065000 0.065059 4576478802.121918 4048750475.230368 2.397063 2.120650 273977840.000151
0.010000 0.010373 0.055000 0.055078 0.070000 0.070054 -2258674303.304347 4048750475.230368 -1.232204 2.208767 13418648.000000
0.010000 0.010373 0.060000 0.060067 0.060000 0.060067 5600442928.178335 4048750475.230368 3.142888 2.272101 521719919.999923
0.010000 0.010373 0.060000 0.060067 0.065000 0.065059 4256365468.405550 4048750475.230368 2.446008 2.326698 554652782.000080
0.010000 0.010373 0.060000 0.060067 0.070000 0.070054 3760397223.969744 4048750475.230368 2.255476 2.428430 322540135.999840
0.010000 0.010373 0.060000 0.060067 0.075000 0.075053 16985903750.678724 4048750475.230368 10.483819 2.498917 15600973.999939
0.010000 0.010373 0.065000 0.065059 0.065000 0.065059 3161815803.359346 4048750475.230368 1.861236 2.383340 611052695.999830
0.010000 0.010373 0.065000 0.065059 0.070000 0.070054 7065330180.459753 4048750475.230368 4.343422 2.488975 647513888.000469
0.010000 0.010373 0.065000 0.065059 0.075000 0.075053 5951894904.411627 4048750475.230368 3.766636 2.562238 373248709.999909
0.010000 0.010373 0.065000 0.065059 0.080000 0.080054 -2301565823.545886 4048750475.230368 -1.525636 2.683790 17828701.999994
0.010000 0.010373 0.070000 0.070054 0.070000 0.070054 7845074017.512251 4048750475.230368 5.041920 2.602075 711160584.000003
0.010000 0.010373 0.070000 0.070054 0.075000 0.075053 7252168617.598186 4048750475.230368 4.801625 2.680658 748250575.999959
0.010000 0.010373 0.070000 0.070054 0.080000 0.080054 6624167486.352446 4048750475.230368 4.599562 2.811294 429111775.999941
0.010000 0.010373 0.075000 0.075053 0.075000 0.075053 8421954466.391624 4048750475.230368 5.747501 2.763040 816126240.000523
0.010000 0.010373 0.075000 0.075053 0.080000 0.080054 4826246068.647146 4048750475.230368 3.457113 2.900181 855435134.000005
0.010000 0.010373 0.080000 0.080054 0.080000 0.080054 7331644221.915522 4048750475.230368 5.520334 3.048491 929632199.999776
0.015000 0.015260 0.015000 0.015260 0.015000 0.015260 14944783066.746840 4048750475.230368 3.837054 1.039511 49624920.000005
0.015000 0.015260 0.015000 0.015260 0.020000 0.020197 13891219861.487329 4048750475.230368 3.485718 1.015951 65722680.000085
0.015000 0.015260 0.015000 0.015260 0.025000 0.025167 9325064955.214279 4048750475.230368 2.456797 1.066691 81230053.999949
0.015000 0.015260 0.015000 0.015260 0.030000 0.030137 4084150280.838932 4048750475.230368 1.186593 1.176308 52044393.999989
0.015000 0.015260 0.015000 0.015260 0.035000 0.035111 -20206719615.336891 4048750475.230368 -6.347433 1.271813 2851373.999994
0.015000 0.015260 0.020000 0.020197 0.020000 0.020197 4790728253.410557 4048750475.230368 1.175040 0.993052 87033000.000047
0.015000 0.015260 0.020000 0.020197 0.025000 0.025167 15450196680.941587 4048750475.230368 3.977688 1.042360 109596575.999948
0.015000 0.015260 0.020000 0.020197 0.030000 0.030137 10387937634.089781 4048750475.230368 2.947468 1.148790 127919693.999997
0.015000 0.015260 0.020000 0.020197 0.035000 0.035111 6203012825.634424 4048750475.230368 1.901949 1.241416 80562281.999984
0.015000 0.015260 0.020000 0.020197 0.040000 0.040096 -8903113557.632982 4048750475.230368 -2.964243 1.348010 4172982.000027
0.015000 0.015260 0.025000 0.025167 0.025000 0.025167 7086433590.541611 4048750475.230368 1.916146 1.094768 138001799.999975
0.015000 0.015260 0.025000 0.025167 0.030000 0.030137 9941415907.460279 4048750475.230368 2.966410 1.208103 164036520.000021
0.015000 0.015260 0.025000 0.025167 0.035000 0.035111 10655985196.890360 4048750475.230368 3.439854 1.306975 188897261.999816
0.015000 0.015260 0.025000 0.025167 0.040000 0.040096 8548482359.226997 4048750475.230368 3.000352 1.421033 115475640.000104
0.015000 0.015260 0.025000 0.025167 0.045000 0.045093 8471542911.160275 4048750475.230368 2.987282 1.427692 6044526.000002
0.015000 0.015260 0.030000 0.030137 0.030000 0.030137 9616516208.493984 4048750475.230368 3.175366 1.336894 194993159.999984
0.015000 0.015260 0.030000 0.030137 0.035000 0.035111 9159229673.471918 4048750475.230368 3.279878 1.449839 228744192.000042
0.015000 0.015260 0.030000 0.030137 0.040000 0.040096 6644272286.420599 4048750475.230368 2.594228 1.580818 256034621.999963
0.015000 0.015260 0.030000 0.030137 0.045000 0.045093 3260794514.793784 4048750475.230368 1.279341 1.588488 154588161.999895
0.015000 0.015260 0.030000 0.030137 0.050000 0.050093 10260252446.020170 4048750475.230368 4.353353 1.717856 7566781.999993
0.015000 0.015260 0.035000 0.035111 0.035000 0.035111 8700364145.514845 4048750475.230368 3.386024 1.575700 268344912.000135
0.015000 0.015260 0.035000 0.035111 0.040000 0.040096 5720924455.627167 4048750475.230368 2.433678 1.722336 305888399.999863
0.015000 0.015260 0.035000 0.035111 0.045000 0.045093 8840405297.831989 4048750475.230368 3.779503 1.730946 339681710.000086
0.015000 0.015260 0.035000 0.035111 0.050000 0.050093 13489423568.081842 4048750475.230368 6.252168 1.876542 199227433.999893
0.015000 0.015260 0.035000 0.035111 0.055000 0.055078 18260861706.347118 4048750475.230368 8.483905 1.881029 9782198.000032
0.015000 0.015260 0.040000 0.040096 0.040000 0.040096 12398520127.910530 4048750475.230368 5.781963 1.888106 348685703.999946
0.015000 0.015260 0.040000 0.040096 0.045000 0.045093 6716650438.320986 4048750475.230368 3.148460 1.897870 394669824.000012
0.015000 0.015260 0.040000 0.040096 0.050000 0.050093 11046601400.743956 4048750475.230368 5.629995 2.063481 428073949.999921
0.015000 0.015260 0.040000 0.040096 0.055000 0.055078 4411227139.014124 4048750475.230368 2.253798 2.068600 249612535.999896
0.015000 0.015260 0.040000 0.040096 0.060000 0.060067 7931217168.823715 4048750475.230368 4.419025 2.255837 12215630.000027
0.015000 0.015260 0.045000 0.045093 0.045000 0.045093 7843243067.893976 4048750475.230368 3.695604 1.907703 446714951.999651
0.015000 0.015260 0.045000 0.045093 0.050000 0.050093 5428621138.385809 4048750475.230368 2.781554 2.074527 493886399.999946
0.015000 0.015260 0.045000 0.045093 0.055000 0.055078 7156254762.229933 4048750475.230368 3.675888 2.079685 532241894.000085
0.015000 0.015260 0.045000 0.045093 0.060000 0.060067 4082833875.501612 4048750475.230368 2.287459 2.268363 309680690.000021
0.015000 0.015260 0.045000 0.045093 0.065000 0.065059 -456310046.298376 4048750475.230368 -0.261455 2.319843 15238381.999936
0.015000 0.015260 0.050000 0.050093 0.050000 0.050093 4438699622.923483 4048750475.230368 2.480415 2.262505 546040056.000331
0.015000 0.015260 0.050000 0.050093 0.055000 0.055078 4821846970.624960 4048750475.230368 2.701466 2.268335 599725056.000109
0.015000 0.015260 0.050000 0.050093 0.060000 0.060067 4546753861.376760 4048750475.230368 2.787629 2.482302 643465382.000385
0.015000 0.015260 0.050000 0.050093 0.065000 0.065059 6439332223.234365 4048750475.230368 4.041215 2.540927 371626226.000229
0.015000 0.015260 0.050000 0.050093 0.070000 0.070054 4704254062.182070 4048750475.230368 3.079087 2.650038 18233342.000042
0.015000 0.015260 0.055000 0.055078 0.055000 0.055078 6483938978.773869 4048750475.230368 3.642032 2.274186 658725120.000102
0.015000 0.015260 0.055000 0.055078 0.060000 0.060067 4541234042.404364 4048750475.230368 2.791712 2.488959 719983248.000404
0.015000 0.015260 0.055000 0.055078 0.065000 0.065059 6153464548.718224 4048750475.230368 3.872276 2.547813 764831582.000242
0.015000 0.015260 0.055000 0.055078 0.070000 0.070054 5686764304.457964 4048750475.230368 3.732455 2.657359 439298575.999907
0.015000 0.015260 0.055000 0.055078 0.075000 0.075053 9758914064.732571 4048750475.230368 6.587906 2.733172 21125366.000036
0.015000 0.015260 0.060000 0.060067 0.060000 0.060067 2805513338.884657 4048750475.230368 1.894687 2.734300 786938975.999891
0.015000 0.015260 0.060000 0.060067 0.065000 0.065059 6502002630.643457 4048750475.230368 4.499577 2.801854 851664695.999912
0.015000 0.015260 0.060000 0.060067 0.070000 0.070054 3512654685.301322 4048750475.230368 2.540275 2.927968 901614133.999895
0.015000 0.015260 0.060000 0.060067 0.075000 0.075053 6355649084.803106 4048750475.230368 4.733721 3.015531 512983562.000001
0.015000 0.015260 0.060000 0.060067 0.080000 0.080054 3965062773.229947 4048750475.230368 3.095647 3.160985 24454166.000047
0.015000 0.015260 0.065000 0.065059 0.065000 0.065059 4857099377.642414 4048750475.230368 3.445282 2.871896 921658992.000350
0.015000 0.015260 0.065000 0.065059 0.070000 0.070054 4777890939.730526 4048750475.230368 3.543529 3.002761 994333416.001213
0.015000 0.015260 0.065000 0.065059 0.075000 0.075053 4447845424.460405 4048750475.230368 3.398659 3.093705 1045184438.000418
0.015000 0.015260 0.065000 0.065059 0.080000 0.080054 2696488286.667552 4048750475.230368 2.161137 3.244925 591180866.000291
0.015000 0.015260 0.070000 0.070054 0.070000 0.070054 5618902445.787037 4048750475.230368 4.361500 3.142718 1072712927.999871
0.015000 0.015260 0.070000 0.070054 0.075000 0.075053 5712975565.197277 4048750475.230368 4.571995 3.240144 1149152712.000454
0.015000 0.015260 0.070000 0.070054 0.080000 0.080054 6700585826.441568 4048750475.230368 5.630962 3.402443 1203177638.000166
0.015000 0.015260 0.075000 0.075053 0.075000 0.075053 5478916115.731878 4048750475.230368 4.522791 3.342203 1231027104.000100
0.015000 0.015260 0.075000 0.075053 0.080000 0.080054 4860259132.740881 4048750475.230368 4.216451 3.512438 1313842343.999826
0.015000 0.015260 0.080000 0.080054 0.080000 0.080054 6306447963.171530 4048750475.230368 5.757467 3.696304 1402221168.000647
0.020000 0.020197 0.020000 0.020197 0.020000 0.020197 -7427374418.127623 4048750475.230368 -1.780914 0.970797 115265424.000075
0.020000 0.020197 0.020000 0.020197 0.025000 0.025167 5664413923.269886 4048750475.230368 1.425231 1.018712 145133760.000067
0.020000 0.020197 0.020000 0.020197 0.030000 0.030137 15494844019.706606 4048750475.230368 4.294133 1.122042 172525367.999831
0.020000 0.020197 0.020000 0.020197 0.035000 0.035111 7384310330.828993 4048750475.230368 2.210264 1.211868 198715542.000027
0.020000 0.020197 0.020000 0.020197 0.040000 0.040096 2396449894.389890 4048750475.230368 0.778418 1.315121 120869837.999908
0.020000 0.020197 0.020000 0.020197 0.045000 0.045093 36024092204.967102 4048750475.230368 11.754929 1.321137 6102269.999988
0.020000 0.020197 0.025000 0.025167 0.025000 0.025167 10056203155.145088 4048750475.230368 2.656755 1.069642 182760983.999906
0.020000 0.020197 0.025000 0.025167 0.030000 0.030137 3059334584.657112 4048750475.230368 0.891402 1.179689 217236263.999856
0.020000 0.020197 0.025000 0.025167 0.035000 0.035111 9035014463.138771 4048750475.230368 2.846547 1.275588 254845775.999951
0.020000 0.020197 0.025000 0.025167 0.040000 0.040096 8605724113.371767 4048750475.230368 2.946182 1.386095 285172128.000009
0.020000 0.020197 0.025000 0.025167 0.045000 0.045093 9985303246.555948 4048750475.230368 3.434386 1.392544 171483173.999947
0.020000 0.020197 0.025000 0.025167 0.050000 0.050093 12777202234.526312 4048750475.230368 4.736641 1.500914 8403125.999996
0.020000 0.020197 0.030000 0.030137 0.030000 0.030137 11031263935.916792 4048750475.230368 3.554984 1.304768 258228623.999659
0.020000 0.020197 0.030000 0.030137 0.035000 0.035111 5660023826.126070 4048750475.230368 1.977216 1.414350 302926439.999744
0.020000 0.020197 0.030000 0.030137 0.040000 0.040096 7353739429.355776 4048750475.230368 2.799464 1.541302 345311184.000008
0.020000 0.020197 0.030000 0.030137 0.045000 0.045093 6528516799.671606 4048750475.230368 2.497295 1.548732 383605542.000062
0.020000 0.020197 0.030000 0.030137 0.050000 0.050093 12058876086.518435 4048750475.230368 4.985825 1.673984 224103754.000068
0.020000 0.020197 0.030000 0.030137 0.055000 0.055078 16832050982.233770 4048750475.230368 6.975327 1.677832 10742125.999981
0.020000 0.020197 0.035000 0.035111 0.035000 0.035111 8215756561.764938 4048750475.230368 3.117853 1.536487 355376495.999947
0.020000 0.020197 0.035000 0.035111 0.040000 0.040096 6965133508.613197 4048750475.230368 2.887821 1.678656 405093839.999905
0.020000 0.020197 0.035000 0.035111 0.045000 0.045093 5175887471.350035 4048750475.230368 2.156646 1.687000 458518511.999980
0.020000 0.020197 0.035000 0.035111 0.050000 0.050093 11007555848.531668 4048750475.230368 4.969924 1.828015 497264414.000119
0.020000 0.020197 0.035000 0.035111 0.055000 0.055078 8566753813.257093 4048750475.230368 3.877091 1.832359 288162181.999892
0.020000 0.020197 0.035000 0.035111 0.060000 0.060067 9168025151.583809 4048750475.230368 4.507562 1.990614 13877209.999948
0.020000 0.020197 0.040000 0.040096 0.040000 0.040096 6668807175.301334 4048750475.230368 3.029757 1.839419 461774159.999905
0.020000 0.020197 0.040000 0.040096 0.045000 0.045093 7545826871.888504 4048750475.230368 3.445841 1.848883 522648432.000095
0.020000 0.020197 0.040000 0.040096 0.050000 0.050093 6881094259.595198 4048750475.230368 3.414997 2.009342 577864680.000266
0.020000 0.020197 0.040000 0.040096 0.055000 0.055078 6817782773.149925 4048750475.230368 3.391925 2.014300 622717568.000139
0.020000 0.020197 0.040000 0.040096 0.060000 0.060067 6178179477.487314 4048750475.230368 3.350276 2.195539 358997389.999923
0.020000 0.020197 0.040000 0.040096 0.065000 0.065059 8265803211.679016 4048750475.230368 4.583211 2.244946 16980253.999979
0.020000 0.020197 0.045000 0.045093 0.045000 0.045093 6367656334.985260 4048750475.230368 2.922815 1.858415 591616752.000315
0.020000 0.020197 0.045000 0.045093 0.050000 0.050093 6222572601.361027 4048750475.230368 3.104642 2.020052 654043368.000269
0.020000 0.020197 0.045000 0.045093 0.055000 0.055078 6411669454.414042 4048750475.230368 3.206899 2.025048 718381439.999949
0.020000 0.020197 0.045000 0.045093 0.060000 0.060067 7294880181.018267 4048750475.230368 3.977724 2.207687 770345677.999747
0.020000 0.020197 0.045000 0.045093 0.065000 0.065059 3850169633.466822 4048750475.230368 2.146764 2.257488 440680141.999452
0.020000 0.020197 0.045000 0.045093 0.070000 0.070054 1089325915.964335 4048750475.230368 0.632247 2.349902 21175670.000136
0.020000 0.020197 0.050000 0.050093 0.050000 0.050093 1833588093.953083 4048750475.230368 0.997344 2.202237 723108191.999960
0.020000 0.020197 0.050000 0.050093 0.055000 0.055078 4057398619.335864 4048750475.230368 2.212601 2.207885 794254127.999756
0.020000 0.020197 0.050000 0.050093 0.060000 0.060067 5579284298.264147 4048750475.230368 3.328044 2.415080 868104911.999765
0.020000 0.020197 0.050000 0.050093 0.065000 0.065059 5570850906.015846 4048750475.230368 3.401081 2.471818 922184869.999229
0.020000 0.020197 0.050000 0.050093 0.070000 0.070054 4208241249.295807 4048750475.230368 2.678910 2.577381 526714070.000103
0.020000 0.020197 0.050000 0.050093 0.075000 0.075053 6252570650.931503 4048750475.230368 4.093070 2.650401 24983521.999943
0.020000 0.020197 0.055000 0.055078 0.055000 0.055078 7768170056.362072 4048750475.230368 4.247053 2.213553 872326751.999760
0.020000 0.020197 0.055000 0.055078 0.060000 0.060067 4393522771.995794 4048750475.230368 2.627738 2.421532 953473536.000823
0.020000 0.020197 0.055000 0.055078 0.065000 0.065059 4333775364.074419 4048750475.230368 2.652973 2.478492 1031881944.000049
0.020000 0.020197 0.055000 0.055078 0.070000 0.070054 6122190338.163218 4048750475.230368 3.908034 2.584476 1092501248.000114
0.020000 0.020197 0.055000 0.055078 0.075000 0.075053 3422580598.647127 4048750475.230368 2.246747 2.657795 617599981.999707
0.020000 0.020197 0.055000 0.055078 0.080000 0.080054 5588746811.077160 4048750475.230368 3.836176 2.779106 28793005.999834
0.020000 0.020197 0.060000 0.060067 0.060000 0.060067 6275118968.858633 4048750475.230368 4.121452 2.659189 1042192992.001495
0.020000 0.020197 0.060000 0.060067 0.065000 0.065059 4437979270.443523 4048750475.230368 2.986525 2.724595 1127839271.999901
0.020000 0.020197 0.060000 0.060067 0.070000 0.070054 6186515584.705561 4048750475.230368 4.349714 2.846660 1216760375.999878
0.020000 0.020197 0.060000 0.060067 0.075000 0.075053 5194289410.229933 4048750475.230368 3.760778 2.931383 1278846301.998174
0.020000 0.020197 0.060000 0.060067 0.080000 0.080054 3662967562.113026 4048750475.230368 2.779348 3.072069 718204634.000086
0.020000 0.020197 0.065000 0.065059 0.065000 0.065059 2111953572.683955 4048750475.230368 1.456610 2.792415 1220596728.000367
0.020000 0.020197 0.065000 0.065059 0.070000 0.070054 4998659664.430357 4048750475.230368 3.603964 2.919092 1316806247.998856
0.020000 0.020197 0.065000 0.065059 0.075000 0.075053 3812420105.551358 4048750475.230368 2.831569 3.007097 1410634704.000908
0.020000 0.020197 0.065000 0.065059 0.080000 0.080054 4631777321.744154 4048750475.230368 3.607469 3.153377 1476856598.001001
0.020000 0.020197 0.070000 0.070054 0.070000 0.070054 5249708125.832968 4048750475.230368 3.960660 3.054593 1420594415.999616
0.020000 0.020197 0.070000 0.070054 0.075000 0.075053 4543141279.721846 4048750475.230368 3.533398 3.148889 1521821832.000872
0.020000 0.020197 0.070000 0.070054 0.080000 0.080054 5337555886.710007 4048750475.230368 4.358264 3.305918 1624214688.000328
0.020000 0.020197 0.075000 0.075053 0.075000 0.075053 5659003748.453671 4048750475.230368 4.539334 3.247680 1630291536.000517
0.020000 0.020197 0.075000 0.075053 0.080000 0.080054 4795691020.559113 4048750475.230368 4.041953 3.412409 1739914296.000710
0.020000 0.020197 0.080000 0.080054 0.080000 0.080054 3910812568.360182 4048750475.230368 3.468043 3.590364 1857019919.999015
0.025000 0.025167 0.025000 0.025167 0.025000 0.025167 3004510193.580577 4048750475.230368 0.833931 1.123771 230107919.999946
0.025000 0.025167 0.025000 0.025167 0.030000 0.030137 8625751137.167257 4048750475.230368 2.643794 1.240943 273551184.000002
0.025000 0.025167 0.025000 0.025167 0.035000 0.035111 5646645491.322584 4048750475.230368 1.873439 1.343291 320910359.999842
0.025000 0.025167 0.025000 0.025167 0.040000 0.040096 8188135032.442249 4048750475.230368 2.955733 1.461508 365803056.000029
0.025000 0.025167 0.025000 0.025167 0.045000 0.045093 13114148254.301952 4048750475.230368 4.756287 1.468415 406135512.000113
0.025000 0.025167 0.025000 0.025167 0.050000 0.050093 11919708509.885715 4048750475.230368 4.665295 1.584654 237520080.000315
0.025000 0.025167 0.025000 0.025167 0.055000 0.055078 1382922881.234122 4048750475.230368 0.542485 1.588220 11820479.999990
0.025000 0.025167 0.030000 0.030137 0.030000 0.030137 9410010675.103643 4048750475.230368 3.193574 1.374067 325145207.999965
0.025000 0.025167 0.030000 0.030137 0.035000 0.035111 7227845295.017384 4048750475.230368 2.661639 1.490944 381458256.000185
0.025000 0.025167 0.030000 0.030137 0.040000 0.040096 6887234607.834509 4048750475.230368 2.767036 1.626638 434807375.999999
0.025000 0.025167 0.030000 0.030137 0.045000 0.045093 7854148900.372704 4048750475.230368 3.170932 1.634590 492166583.999714
0.025000 0.025167 0.030000 0.030137 0.050000 0.050093 11687057638.390226 4048750475.230368 5.105762 1.768791 533814293.999766
0.025000 0.025167 0.030000 0.030137 0.055000 0.055078 6185783116.776577 4048750475.230368 2.708710 1.772919 309728007.999991
0.025000 0.025167 0.030000 0.030137 0.060000 0.060067 9105610427.694830 4048750475.230368 4.324978 1.923073 15092317.999950
0.025000 0.025167 0.035000 0.035111 0.035000 0.035111 9028566752.903614 4048750475.230368 3.615126 1.621159 447480672.000150
0.025000 0.025167 0.035000 0.035111 0.040000 0.040096 2269520417.487726 4048750475.230368 0.993867 1.773026 510091223.999929
0.025000 0.025167 0.035000 0.035111 0.045000 0.045093 5768791221.629688 4048750475.230368 2.538978 1.781949 577343807.999915
0.025000 0.025167 0.035000 0.035111 0.050000 0.050093 7251708721.099918 4048750475.230368 3.462047 1.932919 638326296.000553
0.025000 0.025167 0.035000 0.035111 0.055000 0.055078 7419393824.137264 4048750475.230368 3.550633 1.937574 687621463.999834
0.025000 0.025167 0.035000 0.035111 0.060000 0.060067 6109978682.032738 4048750475.230368 3.180263 2.107387 396000709.999940
0.025000 0.025167 0.035000 0.035111 0.065000 0.065059 -970709268.043951 4048750475.230368 -0.516326 2.153553 19116613.999953
0.025000 0.025167 0.040000 0.040096 0.040000 0.040096 1889793707.569466 4048750475.230368 0.907690 1.944662 581436936.000195
0.025000 0.025167 0.040000 0.040096 0.045000 0.045093 6892708737.956259 4048750475.230368 3.327867 1.954776 658164360.000339
0.025000 0.025167 0.040000 0.040096 0.050000 0.050093 5719441902.662285 4048750475.230368 3.003888 2.126430 727626503.999361
0.025000 0.025167 0.040000 0.040096 0.055000 0.055078 8595429950.535179 4048750475.230368 4.525647 2.131739 799188000.000090
0.025000 0.025167 0.040000 0.040096 0.060000 0.060067 7860298294.909285 4048750475.230368 4.515775 2.326025 856749247.999828
0.025000 0.025167 0.040000 0.040096 0.065000 0.065059 6300818826.801718 4048750475.230368 3.702383 2.379060 488092856.000072
0.025000 0.025167 0.040000 0.040096 0.070000 0.070054 11727581274.298405 4048750475.230368 7.176432 2.477543 23384911.999839
0.025000 0.025167 0.045000 0.045093 0.045000 0.045093 3646488514.976763 4048750475.230368 1.769734 1.964962 744906600.000035
0.025000 0.025167 0.045000 0.045093 0.050000 0.050093 7729701713.650894 4048750475.230368 4.081531 2.137870 823608144.000082
0.025000 0.025167 0.045000 0.045093 0.055000 0.055078 7616977936.250809 4048750475.230368 4.032072 2.143219 904569887.998823
0.025000 0.025167 0.045000 0.045093 0.060000 0.060067 4592193916.419765 4048750475.230368 2.652947 2.338995 988728480.000361
0.025000 0.025167 0.045000 0.045093 0.065000 0.065059 6392601906.511992 4048750475.230368 3.777458 2.392450 1049453581.999721
0.025000 0.025167 0.045000 0.045093 0.070000 0.070054 7363970308.904514 4048750475.230368 4.532018 2.491728 596772920.000065
0.025000 0.025167 0.045000 0.045093 0.075000 0.075053 6650880164.635399 4048750475.230368 4.205748 2.560266 28723982.000058
0.025000 0.025167 0.050000 0.050093 0.050000 0.050093 8377577990.907425 4048750475.230368 4.826652 2.332644 910533431.999454
0.025000 0.025167 0.050000 0.050093 0.055000 0.055078 5597001047.637970 4048750475.230368 3.233006 2.338687 1000101167.999515
0.025000 0.025167 0.050000 0.050093 0.060000 0.060067 6002783535.737452 4048750475.230368 3.796427 2.560610 1093109591.999898
0.025000 0.025167 0.050000 0.050093 0.065000 0.065059 6543795331.814697 4048750475.230368 4.236928 2.621455 1182999143.999809
0.025000 0.025167 0.050000 0.050093 0.070000 0.070054 7360862670.033979 4048750475.230368 4.971922 2.734744 1252147687.999601
0.025000 0.025167 0.050000 0.050093 0.075000 0.075053 4496473759.567245 4048750475.230368 3.124263 2.813174 707540846.000023
0.025000 0.025167 0.050000 0.050093 0.080000 0.080054 7103241898.358963 4048750475.230368 5.163362 2.943045 33724478.000018
0.025000 0.025167 0.055000 0.055078 0.055000 0.055078 8563958842.433479 4048750475.230368 4.959644 2.344752 1098434640.000830
0.025000 0.025167 0.055000 0.055078 0.060000 0.060067 4393921852.213984 4048750475.230368 2.786399 2.567509 1200639575.999280
0.025000 0.025167 0.055000 0.055078 0.065000 0.065059 5315826273.584595 4048750475.230368 3.451221 2.628591 1299350207.999822
0.025000 0.025167 0.055000 0.055078 0.070000 0.070054 6118729747.860146 4048750475.230368 4.144383 2.742329 1401734903.999854
0.025000 0.025167 0.055000 0.055078 0.075000 0.075053 5494535446.586847 4048750475.230368 3.828468 2.821077 1472995471.999846
0.025000 0.025167 0.055000 0.055078 0.080000 0.080054 6126339348.477551 4048750475.230368 4.466024 2.951488 826200943.999740
0.025000 0.025167 0.060000 0.060067 0.060000 0.060067 4038274315.023499 4048750475.230368 2.814574 2.821876 1312266864.000568
0.025000 0.025167 0.060000 0.060067 0.065000 0.065059 5330854043.323328 4048750475.230368 3.807741 2.891956 1420204247.999517
0.025000 0.025167 0.060000 0.060067 0.070000 0.070054 4970588731.422987 4048750475.230368 3.711084 3.022831 1532142288.000916
0.025000 0.025167 0.060000 0.060067 0.075000 0.075053 4478609233.697803 4048750475.230368 3.444324 3.113737 1641309144.000942
0.025000 0.025167 0.060000 0.060067 0.080000 0.080054 4118663649.090421 4048750475.230368 3.321185 3.264809 1717701374.000266
0.025000 0.025167 0.065000 0.065059 0.065000 0.065059 4595651525.342915 4048750475.230368 3.365065 2.964609 1536936023.999266
0.025000 0.025167 0.065000 0.065059 0.070000 0.070054 4505974434.263117 4048750475.230368 3.450527 3.100400 1658120736.000557
0.025000 0.025167 0.065000 0.065059 0.075000 0.075053 4242111822.776219 4048750475.230368 3.347382 3.194804 1776244440.002441
0.025000 0.025167 0.065000 0.065059 0.080000 0.080054 5190421893.532806 4048750475.230368 4.296998 3.351842 1895759352.000896
0.025000 0.025167 0.070000 0.070054 0.070000 0.070054 7153325590.188276 4048750475.230368 5.734315 3.245597 1788815232.001003
0.025000 0.025167 0.070000 0.070054 0.075000 0.075053 5774324176.877407 4048750475.230368 4.773072 3.346708 1916308007.998236
0.025000 0.025167 0.070000 0.070054 0.080000 0.080054 3801559875.719629 4048750475.230368 3.300594 3.515210 2045192496.001832
0.025000 0.025167 0.075000 0.075053 0.075000 0.075053 6697095496.549797 4048750475.230368 5.711015 3.452613 2052811008.001567
0.025000 0.025167 0.075000 0.075053 0.080000 0.080054 4770465614.658295 4048750475.230368 4.276278 3.629328 2190946799.999458
0.025000 0.025167 0.080000 0.080054 0.080000 0.080054 3544016879.593256 4048750475.230368 3.343916 3.820151 2338292520.001827
0.030000 0.030137 0.030000 0.030137 0.030000 0.030137 -425386842.193820 4048750475.230368 -0.160249 1.525217 386514911.999919
0.030000 0.030137 0.030000 0.030137 0.035000 0.035111 6673878081.186434 4048750475.230368 2.733894 1.658534 453424512.000239
0.030000 0.030137 0.030000 0.030137 0.040000 0.040096 1701403455.702494 4048750475.230368 0.762314 1.814043 516845831.999830
0.030000 0.030137 0.030000 0.030137 0.045000 0.045093 6098143704.743134 4048750475.230368 2.746035 1.823180 585014303.999969
0.030000 0.030137 0.030000 0.030137 0.050000 0.050093 2318037119.816065 4048750475.230368 1.132350 1.977794 646797408.000013
0.030000 0.030137 0.030000 0.030137 0.055000 0.055078 7376811797.700970 4048750475.230368 3.612224 1.982563 697201614.000256
0.030000 0.030137 0.030000 0.030137 0.060000 0.060067 10506323534.355394 4048750475.230368 5.596030 2.156504 401575897.999995
0.030000 0.030137 0.030000 0.030137 0.065000 0.065059 2539881343.657429 4048750475.230368 1.382497 2.203797 18893046.000015
0.030000 0.030137 0.035000 0.035111 0.035000 0.035111 7070930299.239048 4048750475.230368 3.155755 1.806957 531889368.000385
0.030000 0.030137 0.035000 0.035111 0.040000 0.040096 6018158768.356853 4048750475.230368 2.944313 1.980803 606351215.999539
0.030000 0.030137 0.035000 0.035111 0.045000 0.045093 4890773733.315685 4048750475.230368 2.405121 1.991042 686294808.000191
0.030000 0.030137 0.035000 0.035111 0.050000 0.050093 3760044882.806190 4048750475.230368 2.010349 2.164708 758754551.999928
0.030000 0.030137 0.035000 0.035111 0.055000 0.055078 6790083645.072824 4048750475.230368 3.639395 2.170077 833374056.000296
0.030000 0.030137 0.035000 0.035111 0.060000 0.060067 4697010046.285229 4048750475.230368 2.745299 2.366406 893554525.999767
0.030000 0.030137 0.035000 0.035111 0.065000 0.065059 5228903461.006340 4048750475.230368 3.125340 2.419957 507983170.000508
0.030000 0.030137 0.035000 0.035111 0.070000 0.070054 7096480573.353937 4048750475.230368 4.415813 2.519351 23909621.999975
0.030000 0.030137 0.040000 0.040096 0.040000 0.040096 4214241634.573680 4048750475.230368 2.266068 2.177080 691164312.000184
0.030000 0.030137 0.040000 0.040096 0.045000 0.045093 2221263386.501637 4048750475.230368 1.200770 2.188672 782307120.000107
0.030000 0.030137 0.040000 0.040096 0.050000 0.050093 7073717938.935616 4048750475.230368 4.168386 2.385840 864924816.000242
0.030000 0.030137 0.040000 0.040096 0.055000 0.055078 3378232450.716556 4048750475.230368 1.995817 2.391951 949967880.000389
0.030000 0.030137 0.040000 0.040096 0.060000 0.060067 5714664722.957952 4048750475.230368 3.692584 2.616138 1038332687.999951
0.030000 0.030137 0.040000 0.040096 0.065000 0.065059 6568448020.788313 4048750475.230368 4.343847 2.677520 1102417334.001108
0.030000 0.030137 0.040000 0.040096 0.070000 0.070054 9351019703.492531 4048750475.230368 6.447762 2.791715 623614263.999735
0.030000 0.030137 0.040000 0.040096 0.075000 0.075053 6925033101.285608 4048750475.230368 4.910079 2.870699 28829885.999887
0.030000 0.030137 0.045000 0.045093 0.045000 0.045093 3258216705.584287 4048750475.230368 1.770720 2.200346 885484416.000522
0.030000 0.030137 0.045000 0.045093 0.050000 0.050093 5729052153.600130 4048750475.230368 3.394539 2.398938 978961968.000450
0.030000 0.030137 0.045000 0.045093 0.055000 0.055078 5775435174.365265 4048750475.230368 3.430804 2.405095 1075272960.000435
0.030000 0.030137 0.045000 0.045093 0.060000 0.060067 5939759133.766603 4048750475.230368 3.859803 2.630979 1175267688.000306
0.030000 0.030137 0.045000 0.045093 0.065000 0.065059 6225877471.686872 4048750475.230368 4.140855 2.692840 1271895024.000496
0.030000 0.030137 0.045000 0.045093 0.070000 0.070054 4307627198.961395 4048750475.230368 2.987480 2.807940 1345892366.000243
0.030000 0.030137 0.045000 0.045093 0.075000 0.075053 6003873898.588438 4048750475.230368 4.281955 2.887563 756328234.000347
0.030000 0.030137 0.045000 0.045093 0.080000 0.080054 6161296143.945547 4048750475.230368 4.594703 3.019301 35253078.000132
0.030000 0.030137 0.050000 0.050093 0.050000 0.050093 5922521981.345705 4048750475.230368 3.836039 2.622390 1082356680.000588
0.030000 0.030137 0.050000 0.050093 0.055000 0.055078 6794091007.506798 4048750475.230368 4.412214 2.629337 1188781559.999511
0.030000 0.030137 0.050000 0.050093 0.060000 0.060067 5929474827.100798 4048750475.230368 4.225118 2.884985 1299376919.999741
0.030000 0.030137 0.050000 0.050093 0.065000 0.065059 3554090573.958384 4048750475.230368 2.594205 2.955268 1406190647.999483
0.030000 0.030137 0.050000 0.050093 0.070000 0.070054 4307036220.675268 4048750475.230368 3.283239 3.086348 1517039472.001226
0.030000 0.030137 0.050000 0.050093 0.075000 0.075053 6346905806.781775 4048750475.230368 4.980744 3.177263 1594565774.000337
0.030000 0.030137 0.050000 0.050093 0.080000 0.080054 4611156143.047693 4048750475.230368 3.790414 3.328111 893023858.000614
0.030000 0.030137 0.055000 0.055078 0.055000 0.055078 7295626498.395603 4048750475.230368 4.750482 2.636308 1305718055.998707
0.030000 0.030137 0.055000 0.055078 0.060000 0.060067 3726397371.169380 4048750475.230368 2.662579 2.892907 1427130551.999555
0.030000 0.030137 0.055000 0.055078 0.065000 0.065059 3899682250.507771 4048750475.230368 2.854349 2.963459 1544492927.999873
0.030000 0.030137 0.055000 0.055078 0.070000 0.070054 5339918750.772289 4048750475.230368 4.082080 3.095052 1666239912.000073
0.030000 0.030137 0.055000 0.055078 0.075000 0.075053 5669259518.672468 4048750475.230368 4.461656 3.186330 1784974872.000946
0.030000 0.030137 0.055000 0.055078 0.080000 0.080054 6285016462.392246 4048750475.230368 5.181373 3.337793 1868681246.000177
0.030000 0.030137 0.060000 0.060067 0.060000 0.060067 1719756292.097725 4048750475.230368 1.353085 3.185512 1559906351.999957
0.030000 0.030137 0.060000 0.060067 0.065000 0.065059 5468737099.596790 4048750475.230368 4.411893 3.266321 1688148816.000727
0.030000 0.030137 0.060000 0.060067 0.070000 0.070054 3104142638.501195 4048750475.230368 2.620137 3.417459 1821217295.999834
0.030000 0.030137 0.060000 0.060067 0.075000 0.075053 3970278880.139424 4048750475.230368 3.454338 3.522612 1950989208.000277
0.030000 0.030137 0.060000 0.060067 0.080000 0.080054 4204883153.639974 4048750475.230368 3.840270 3.697676 2082223463.997977
0.030000 0.030137 0.065000 0.065059 0.065000 0.065059 4930360033.658207 4048750475.230368 4.079537 3.350065 1826957712.001107
0.030000 0.030137 0.065000 0.065059 0.070000 0.070054 4242941649.496094 4048750475.230368 3.675009 3.506811 1970950535.999025
0.030000 0.030137 0.065000 0.065059 0.075000 0.075053 5047152477.133387 4048750475.230368 4.507634 3.615957 2111404560.000432
0.030000 0.030137 0.065000 0.065059 0.080000 0.080054 3818443752.912689 4048750475.230368 3.581801 3.797835 2253458639.999634
0.030000 0.030137 0.070000 0.070054 0.070000 0.070054 6011249492.329651 4048750475.230368 5.455283 3.674291 2126354064.001031
0.030000 0.030137 0.070000 0.070054 0.075000 0.075053 4813400744.702070 4048750475.230368 4.507083 3.791094 2277825359.999717
0.030000 0.030137 0.070000 0.070054 0.080000 0.080054 5010332479.412706 4048750475.230368 4.932764 3.986069 2431064712.000648
0.030000 0.030137 0.075000 0.075053 0.075000 0.075053 2364542043.623733 4048750475.230368 2.285479 3.913372 2440164455.999290
0.030000 0.030137 0.075000 0.075053 0.080000 0.080054 4306652487.148581 4048750475.230368 4.380026 4.117730 2604297983.999965
0.030000 0.030137 0.080000 0.080054 0.080000 0.080054 3914108460.052181 4048750475.230368 4.193945 4.338214 2779506599.999581
0.035000 0.035111 0.035000 0.035111 0.035000 0.035111 11971981999.646723 4048750475.230368 5.831474 1.972120 624006959.999651
0.035000 0.035111 0.035000 0.035111 0.040000 0.040096 3976785845.725107 4048750475.230368 2.127808 2.166313 711310800.000195
0.035000 0.035111 0.035000 0.035111 0.045000 0.045093 4959056296.721222 4048750475.230368 2.667418 2.177776 805107551.999936
0.035000 0.035111 0.035000 0.035111 0.050000 0.050093 3497590108.424214 4048750475.230368 2.049630 2.372616 890106407.999713
0.035000 0.035111 0.035000 0.035111 0.055000 0.055078 5730583500.464947 4048750475.230368 3.366734 2.378652 977665535.998942
0.035000 0.035111 0.035000 0.035111 0.060000 0.060067 3348486732.630411 4048750475.230368 2.150242 2.599918 1068586392.000247
0.035000 0.035111 0.035000 0.035111 0.065000 0.065059 2306592842.603698 4048750475.230368 1.515672 2.660451 1133937221.998859
0.035000 0.035111 0.035000 0.035111 0.070000 0.070054 6547343062.760466 4048750475.230368 4.484306 2.773008 640016309.999717
0.035000 0.035111 0.035000 0.035111 0.075000 0.075053 188697463.538234 4048750475.230368 0.132866 2.850817 29831274.000003
0.035000 0.035111 0.040000 0.040096 0.040000 0.040096 4443941953.614079 4048750475.230368 2.618247 2.385411 810801360.000046
0.035000 0.035111 0.040000 0.040096 0.045000 0.045093 2982889405.527068 4048750475.230368 1.766988 2.398377 917748168.000501
0.035000 0.035111 0.040000 0.040096 0.050000 0.050093 6626787530.198387 4048750475.230368 4.287204 2.619341 1014654480.000769
0.035000 0.035111 0.040000 0.040096 0.055000 0.055078 5726913808.197760 4048750475.230368 3.714737 2.626204 1114424855.999208
0.035000 0.035111 0.040000 0.040096 0.060000 0.060067 5384853171.112516 4048750475.230368 3.828400 2.878489 1218094464.000633
0.035000 0.035111 0.040000 0.040096 0.065000 0.065059 5008777814.428988 4048750475.230368 3.646714 2.947752 1318242215.999799
0.035000 0.035111 0.040000 0.040096 0.070000 0.070054 3271181157.327197 4048750475.230368 2.485916 3.076825 1394351231.999874
0.035000 0.035111 0.040000 0.040096 0.075000 0.075053 4684108162.164673 4048750475.230368 3.663137 3.166265 779353902.000647
0.035000 0.035111 0.040000 0.040096 0.080000 0.080054 4968302891.048771 4048750475.230368 4.067310 3.314517 35785133.999841
0.035000 0.035111 0.045000 0.045093 0.045000 0.045093 5055235674.307959 4048750475.230368 3.010895 2.411433 1038780744.000259
0.035000 0.035111 0.045000 0.045093 0.050000 0.050093 6770640519.989483 4048750475.230368 4.404753 2.633982 1148461055.999613
0.035000 0.035111 0.045000 0.045093 0.055000 0.055078 3472357440.482665 4048750475.230368 2.264928 2.640894 1261411272.000760
0.035000 0.035111 0.045000 0.045093 0.060000 0.060067 5446153843.388384 4048750475.230368 3.894285 2.895069 1378722071.999957
0.035000 0.035111 0.045000 0.045093 0.065000 0.065059 5241147313.529652 4048750475.230368 3.838048 2.964866 1492096007.999757
0.035000 0.035111 0.045000 0.045093 0.070000 0.070054 5505225374.592707 4048750475.230368 4.208309 3.094950 1609704600.000189
0.035000 0.035111 0.045000 0.045093 0.075000 0.075053 5483813399.686565 4048750475.230368 4.314050 3.185103 1690347005.998417
0.035000 0.035111 0.045000 0.045093 0.080000 0.080054 6628437533.481436 4048750475.230368 5.459197 3.334561 941333154.000678
0.035000 0.035111 0.050000 0.050093 0.050000 0.050093 6081136140.273952 4048750475.230368 4.331980 2.884182 1269716447.999835
0.035000 0.035111 0.050000 0.050093 0.055000 0.055078 4644273581.397490 4048750475.230368 3.317348 2.891973 1394591807.999949
0.035000 0.035111 0.050000 0.050093 0.060000 0.060067 5712464772.889238 4048750475.230368 4.485727 3.179291 1524312623.999785
0.035000 0.035111 0.050000 0.050093 0.065000 0.065059 4889286694.597954 4048750475.230368 3.934947 3.258475 1649646384.000669
0.035000 0.035111 0.050000 0.050093 0.070000 0.070054 4229902403.470968 4048750475.230368 3.558792 3.406381 1779665424.001321
0.035000 0.035111 0.050000 0.050093 0.075000 0.075053 3868573598.376586 4048750475.230368 3.352976 3.509139 1906494047.998092
0.035000 0.035111 0.050000 0.050093 0.080000 0.080054 5312581640.303652 4048750475.230368 4.828659 3.679950 1995116646.001568
0.035000 0.035111 0.055000 0.055078 0.055000 0.055078 5896905057.274042 4048750475.230368 4.223476 2.899793 1531750968.000261
0.035000 0.035111 0.055000 0.055078 0.060000 0.060067 3090764028.029378 4048750475.230368 2.433807 3.188168 1674220655.999629
0.035000 0.035111 0.055000 0.055078 0.065000 0.065059 4034614458.265554 4048750475.230368 3.256244 3.267652 1811853048.000036
0.035000 0.035111 0.055000 0.055078 0.070000 0.070054 5080292369.830561 4048750475.230368 4.286494 3.416131 1954708440.000679
0.035000 0.035111 0.055000 0.055078 0.075000 0.075053 4345170094.409472 4048750475.230368 3.776951 3.519294 2093979311.998832
0.035000 0.035111 0.055000 0.055078 0.080000 0.080054 6087628410.247551 4048750475.230368 5.549409 3.690792 2234846328.003280
0.035000 0.035111 0.060000 0.060067 0.060000 0.060067 3679344654.617842 4048750475.230368 3.195803 3.516662 1829938703.999225
0.035000 0.035111 0.060000 0.060067 0.065000 0.065059 4016938501.679775 4048750475.230368 3.579235 3.607580 1980396048.001336
0.035000 0.035111 0.060000 0.060067 0.070000 0.070054 2230362787.171710 4048750475.230368 2.081135 3.777858 2136517728.000153
0.035000 0.035111 0.060000 0.060067 0.075000 0.075053 5290691799.324562 4048750475.230368 5.091747 3.896506 2288754431.999216
0.035000 0.035111 0.060000 0.060067 0.080000 0.080054 3891165834.287495 4048750475.230368 3.935003 4.094363 2442705576.001216
0.035000 0.035111 0.065000 0.065059 0.065000 0.065059 5768884439.666645 4048750475.230368 5.274490 3.701772 2143217808.000550
0.035000 0.035111 0.065000 0.065059 0.070000 0.070054 3838371260.582662 4048750475.230368 3.676784 3.878306 2312177927.999971
0.035000 0.035111 0.065000 0.065059 0.075000 0.075053 5462959206.382507 4048750475.230368 5.399084 4.001411 2476948656.000443
0.035000 0.035111 0.065000 0.065059 0.080000 0.080054 2930081484.627290 4048750475.230368 3.044518 4.206878 2643545063.996877
0.035000 0.035111 0.070000 0.070054 0.070000 0.070054 4867000758.471533 4048750475.230368 4.888721 4.066819 2494423080.000616
0.035000 0.035111 0.070000 0.070054 0.075000 0.075053 4648532857.597124 4048750475.230368 4.820435 4.198472 2672178696.002367
0.035000 0.035111 0.070000 0.070054 0.080000 0.080054 4451852760.803642 4048750475.230368 4.858489 4.418567 2851930127.998285
0.035000 0.035111 0.075000 0.075053 0.075000 0.075053 3530411631.038610 4048750475.230368 3.781094 4.336239 2862578231.997910
0.035000 0.035111 0.075000 0.075053 0.080000 0.080054 4481680759.569952 4048750475.230368 5.055142 4.566816 3055143792.000975
0.035000 0.035111 0.080000 0.080054 0.080000 0.080054 3026581044.362520 4048750475.230368 3.599687 4.815412 3260713944.000074
0.040000 0.040096 0.040000 0.040096 0.040000 0.040096 622568886.176928 4048750475.230368 0.404789 2.632465 924279624.000045
0.040000 0.040096 0.040000 0.040096 0.045000 0.045093 5051092983.968187 4048750475.230368 3.302462 2.647119 1046139072.000867
0.040000 0.040096 0.040000 0.040096 0.050000 0.050093 5963233399.796791 4048750475.230368 4.267532 2.897450 1156595472.000649
0.040000 0.040096 0.040000 0.040096 0.055000 0.055078 5009078857.232365 4048750475.230368 3.594340 2.905242 1270368911.999584
0.040000 0.040096 0.040000 0.040096 0.060000 0.060067 4063431520.372291 4048750475.230368 3.204041 3.192464 1388523767.999865
0.040000 0.040096 0.040000 0.040096 0.065000 0.065059 1958327172.517972 4048750475.230368 1.582419 3.271577 1502679768.000112
0.040000 0.040096 0.040000 0.040096 0.070000 0.070054 1558891702.228144 4048750475.230368 1.316534 3.419299 1621120415.999161
0.040000 0.040096 0.040000 0.040096 0.075000 0.075053 4287392344.504976 4048750475.230368 3.729477 3.521890 1702542023.998519
0.040000 0.040096 0.040000 0.040096 0.080000 0.080054 4970298251.880808 4048750475.230368 4.532776 3.692350 945089999.999885
0.040000 0.040096 0.045000 0.045093 0.045000 0.045093 4431851863.513865 4048750475.230368 2.913748 2.661876 1184115263.999332
0.040000 0.040096 0.045000 0.045093 0.050000 0.050093 5264233506.513805 4048750475.230368 3.788801 2.913987 1309131143.999543
0.040000 0.040096 0.045000 0.045093 0.055000 0.055078 3485416728.474247 4048750475.230368 2.515298 2.921836 1437886896.000510
0.040000 0.040096 0.045000 0.045093 0.060000 0.060067 4615882486.718098 4048750475.230368 3.660996 3.211186 1571622839.998947
0.040000 0.040096 0.045000 0.045093 0.065000 0.065059 4476177713.643530 4048750475.230368 3.638321 3.290901 1700852471.997817
0.040000 0.040096 0.045000 0.045093 0.070000 0.070054 3751559910.284253 4048750475.230368 3.187275 3.439764 1834914216.000061
0.040000 0.040096 0.045000 0.045093 0.075000 0.075053 4475809664.413233 4048750475.230368 3.916891 3.543161 1965671928.000106
0.040000 0.040096 0.045000 0.045093 0.080000 0.080054 4240232941.256502 4048750475.230368 3.890683 3.714985 2056147925.999269
0.040000 0.040096 0.050000 0.050093 0.050000 0.050093 3985506653.526743 4048750475.230368 3.147265 3.197207 1447380024.000511
0.040000 0.040096 0.050000 0.050093 0.055000 0.055078 3254419352.893778 4048750475.230368 2.577045 3.206045 1589715240.000449
0.040000 0.040096 0.050000 0.050093 0.060000 0.060067 4261055394.533612 4048750475.230368 3.717977 3.532731 1737561263.997356
0.040000 0.040096 0.050000 0.050093 0.065000 0.065059 4479152054.039526 4048750475.230368 4.008175 3.623030 1880414136.000630
0.040000 0.040096 0.050000 0.050093 0.070000 0.070054 4170030375.928167 4048750475.230368 3.905599 3.792010 2028672119.999165
0.040000 0.040096 0.050000 0.050093 0.075000 0.075053 3962402278.997511 4048750475.230368 3.826264 3.909646 2173211135.999752
0.040000 0.040096 0.050000 0.050093 0.080000 0.080054 4336399578.932156 4048750475.230368 4.397310 4.105621 2319418367.998522
0.040000 0.040096 0.055000 0.055078 0.055000 0.055078 1969834319.311449 4048750475.230368 1.564149 3.214914 1746027024.000413
0.040000 0.040096 0.055000 0.055078 0.060000 0.060067 4126695818.036973 4048750475.230368 3.610997 3.542792 1908460463.998739
0.040000 0.040096 0.055000 0.055078 0.065000 0.065059 3771268771.960292 4048750475.230368 3.384412 3.633430 2065391760.000561
0.040000 0.040096 0.055000 0.055078 0.070000 0.070054 4064074242.283061 4048750475.230368 3.817449 3.803055 2228166480.000079
0.040000 0.040096 0.055000 0.055078 0.075000 0.075053 3647312671.468198 4048750475.230368 3.532363 3.921149 2386943927.998156
0.040000 0.040096 0.055000 0.055078 0.080000 0.080054 4381326589.264523 4048750475.230368 4.456158 4.117901 2547526128.001322
0.040000 0.040096 0.060000 0.060067 0.060000 0.060067 4016148398.100248 4048750475.230368 3.884360 3.915893 2085969407.998673
0.040000 0.040096 0.060000 0.060067 0.065000 0.065059 6185251177.615656 4048750475.230368 6.140458 4.019430 2257459920.001592
0.040000 0.040096 0.060000 0.060067 0.070000 0.070054 2680091642.517934 4048750475.230368 2.789254 4.213660 2435422391.997108
0.040000 0.040096 0.060000 0.060067 0.075000 0.075053 4071219092.827888 4048750475.230368 4.373380 4.349243 2608954511.999645
0.040000 0.040096 0.060000 0.060067 0.080000 0.080054 3107636744.979471 4048750475.230368 3.512171 4.575794 2784495359.999934
0.040000 0.040096 0.065000 0.065059 0.065000 0.065059 5727857776.035404 4048750475.230368 5.838080 4.126661 2443114008.000524
0.040000 0.040096 0.065000 0.065059 0.070000 0.070054 3579469546.739874 4048750475.230368 3.826312 4.327955 2635648992.002010
0.040000 0.040096 0.065000 0.065059 0.075000 0.075053 3558623530.799176 4048750475.230368 3.927624 4.468573 2823463775.999541
0.040000 0.040096 0.065000 0.065059 0.080000 0.080054 3255564908.183950 4048750475.230368 3.782225 4.703726 3013385664.000060
0.040000 0.040096 0.070000 0.070054 0.070000 0.070054 3922878106.347448 4048750475.230368 4.401546 4.542777 2843434079.999006
0.040000 0.040096 0.070000 0.070054 0.075000 0.075053 3871586869.829168 4048750475.230368 4.487697 4.693054 3046040807.999150
0.040000 0.040096 0.070000 0.070054 0.080000 0.080054 3861455762.594852 4048750475.230368 4.716001 4.944744 3250966632.002850
0.040000 0.040096 0.075000 0.075053 0.075000 0.075053 3422030223.088741 4048750475.230368 4.099455 4.850241 3263082311.999797
0.040000 0.040096 0.075000 0.075053 0.080000 0.080054 2602955372.154437 4048750475.230368 3.287669 5.113785 3482626416.006014
0.040000 0.040096 0.080000 0.080054 0.080000 0.080054 2231248376.041084 4048750475.230368 2.974655 5.397712 3716825423.997329
0.045000 0.045093 0.045000 0.045093 0.045000 0.045093 212141688.801695 4048750475.230368 0.140252 2.676735 1340263991.999300
0.045000 0.045093 0.045000 0.045093 0.050000 0.050093 3889899412.548395 4048750475.230368 2.815657 2.930639 1481780688.000342
0.045000 0.045093 0.045000 0.045093 0.055000 0.055078 2389121889.641890 4048750475.230368 1.734002 2.938545 1627510800.000721
0.045000 0.045093 0.045000 0.045093 0.060000 0.060067 3878133104.836992 4048750475.230368 3.093922 3.230038 1778878200.000018
0.045000 0.045093 0.045000 0.045093 0.065000 0.065059 7079830362.011585 4048750475.230368 5.788643 3.310358 1925155776.001467
0.045000 0.045093 0.045000 0.045093 0.070000 0.070054 3917735956.093740 4048750475.230368 3.348396 3.460371 2076907103.999629
0.045000 0.045093 0.045000 0.045093 0.075000 0.075053 4526011267.571039 4048750475.230368 3.984767 3.564579 2224897368.000243
0.045000 0.045093 0.045000 0.045093 0.080000 0.080054 6351334229.748594 4048750475.230368 5.863507 3.737778 2374553664.000283
0.045000 0.045093 0.050000 0.050093 0.050000 0.050093 3217303185.492027 4048750475.230368 2.555456 3.215862 1638245280.000939
0.045000 0.045093 0.050000 0.050093 0.055000 0.055078 3708450287.885145 4048750475.230368 2.953720 3.224764 1799348064.001892
0.045000 0.045093 0.050000 0.050093 0.060000 0.060067 3197682926.231371 4048750475.230368 2.806811 3.553848 1966746863.999341
0.045000 0.045093 0.050000 0.050093 0.065000 0.065059 4395727826.940908 4048750475.230368 3.957187 3.644826 2128410192.001995
0.045000 0.045093 0.050000 0.050093 0.070000 0.070054 3882787799.600889 4048750475.230368 3.658710 3.815095 2296187711.997725
0.045000 0.045093 0.050000 0.050093 0.075000 0.075053 4640446446.413845 4048750475.230368 4.508516 3.933643 2459824103.999928
0.045000 0.045093 0.050000 0.050093 0.080000 0.080054 5728455849.982735 4048750475.230368 5.845059 4.131163 2625291935.999917
0.045000 0.045093 0.055000 0.055078 0.055000 0.055078 3981934978.573142 4048750475.230368 3.180332 3.233697 1976323199.998420
0.045000 0.045093 0.055000 0.055078 0.060000 0.060067 3614257610.645536 4048750475.230368 3.181511 3.563981 2160124536.000173
0.045000 0.045093 0.055000 0.055078 0.065000 0.065059 4927919059.303600 4048750475.230368 4.449033 3.655301 2337725639.998580
0.045000 0.045093 0.055000 0.055078 0.070000 0.070054 4123080384.002858 4048750475.230368 3.896464 3.826219 2522038247.999877
0.045000 0.045093 0.055000 0.055078 0.075000 0.075053 2853231575.955903 4048750475.230368 2.780277 3.945228 2701734168.000107
0.045000 0.045093 0.055000 0.055078 0.080000 0.080054 3728896187.120470 4048750475.230368 3.816189 4.143531 2883474671.999571
0.045000 0.045093 0.060000 0.060067 0.060000 0.060067 3984434077.159191 4048750475.230368 3.877214 3.939799 2361041904.000578
0.045000 0.045093 0.060000 0.060067 0.065000 0.065059 4543548333.153395 4048750475.230368 4.538338 4.044107 2555196263.999531
0.045000 0.045093 0.060000 0.060067 0.070000 0.070054 4285975701.779816 4048750475.230368 4.488222 4.239802 2756602152.001090
0.045000 0.045093 0.060000 0.060067 0.075000 0.075053 3548382595.635257 4048750475.230368 3.835560 4.376423 2953018200.001493
0.045000 0.045093 0.060000 0.060067 0.080000 0.080054 3746150015.063994 4048750475.230368 4.260580 4.604734 3151683431.996170
0.045000 0.045093 0.065000 0.065059 0.065000 0.065059 5253189176.054310 4048750475.230368 5.387329 4.152135 2765266607.997952
0.045000 0.045093 0.065000 0.065059 0.070000 0.070054 3825952645.110147 4048750475.230368 4.115295 4.354943 2983262592.001334
0.045000 0.045093 0.065000 0.065059 0.075000 0.075053 2572202585.788290 4048750475.230368 2.856746 4.496633 3195813216.000051
0.045000 0.045093 0.065000 0.065059 0.080000 0.080054 3842625452.041728 4048750475.230368 4.492617 4.733608 3410810736.002915
0.045000 0.045093 0.070000 0.070054 0.070000 0.070054 4356859590.275431 4048750475.230368 4.919254 4.571374 3218380103.998759
0.045000 0.045093 0.070000 0.070054 0.075000 0.075053 3002381619.842807 4048750475.230368 3.502222 4.722791 3447741743.992716
0.045000 0.045093 0.070000 0.070054 0.080000 0.080054 3426742572.811279 4048750475.230368 4.211894 4.976420 3679671984.000201
0.045000 0.045093 0.075000 0.075053 0.075000 0.075053 3274654350.467206 4048750475.230368 3.947918 4.881167 3693437063.996899
0.045000 0.045093 0.075000 0.075053 0.080000 0.080054 2599559881.370671 4048750475.230368 3.304536 5.146733 3941861711.999156
0.045000 0.045093 0.080000 0.080054 0.080000 0.080054 3109270643.340039 4048750475.230368 4.172183 5.432827 4207065528.001657
0.050000 0.050093 0.050000 0.050093 0.050000 0.050093 2575429169.455298 4048750475.230368 2.249327 3.536095 1811225376.001054
0.050000 0.050093 0.050000 0.050093 0.055000 0.055078 3362653094.248106 4048750475.230368 2.945190 3.546110 1989307800.000789
0.050000 0.050093 0.050000 0.050093 0.060000 0.060067 3063242151.873654 4048750475.230368 2.963768 3.917273 2174361671.999515
0.050000 0.050093 0.050000 0.050093 0.065000 0.065059 3820704188.795769 4048750475.230368 3.793758 4.020196 2353169111.999525
0.050000 0.050093 0.050000 0.050093 0.070000 0.070054 3416672899.029884 4048750475.230368 3.555436 4.213184 2538691008.000861
0.050000 0.050093 0.050000 0.050093 0.075000 0.075053 4973780597.039898 4048750475.230368 5.341193 4.347831 2719542552.001404
0.050000 0.050093 0.050000 0.050093 0.080000 0.080054 3169545405.514686 4048750475.230368 3.579708 4.572688 2902464816.000167
0.050000 0.050093 0.055000 0.055078 0.055000 0.055078 4613061737.496918 4048750475.230368 4.051815 3.556160 2185032312.000575
0.050000 0.050093 0.055000 0.055078 0.060000 0.060067 3026970265.953498 4048750475.230368 2.937193 3.928668 2388218256.002265
0.050000 0.050093 0.055000 0.055078 0.065000 0.065059 4607199096.555990 4048750475.230368 4.588108 4.031973 2584602696.000594
0.050000 0.050093 0.055000 0.055078 0.070000 0.070054 3041996484.436138 4048750475.230368 3.174938 4.225690 2788305168.001595
0.050000 0.050093 0.055000 0.055078 0.075000 0.075053 4742708228.985758 4048750475.230368 5.108306 4.360854 2986986743.999104
0.050000 0.050093 0.055000 0.055078 0.080000 0.080054 3510461744.505660 4048750475.230368 3.976796 4.586591 3187929024.001060
0.050000 0.050093 0.060000 0.060067 0.060000 0.060067 3753343417.345021 4048750475.230368 4.034638 4.352185 2610354527.997627
0.050000 0.050093 0.060000 0.060067 0.065000 0.065059 4885376817.287371 4048750475.230368 5.393734 4.470051 2824959936.000086
0.050000 0.050093 0.060000 0.060067 0.070000 0.070054 4054411430.101457 4048750475.230368 4.698120 4.691560 3047665128.001135
0.050000 0.050093 0.060000 0.060067 0.075000 0.075053 3699179786.480314 4048750475.230368 4.428046 4.846494 3264841344.000789
0.050000 0.050093 0.060000 0.060067 0.080000 0.080054 3404123708.843495 4048750475.230368 4.292996 5.105945 3484444319.997108
0.050000 0.050093 0.065000 0.065059 0.065000 0.065059 4176390291.357636 4048750475.230368 4.736859 4.592090 3057218879.999363
0.050000 0.050093 0.065000 0.065059 0.070000 0.070054 3860486235.129536 4048750475.230368 4.597379 4.821579 3298238255.999477
0.050000 0.050093 0.065000 0.065059 0.075000 0.075053 3700329378.760893 4048750475.230368 4.553454 4.982205 3533279831.998772
0.050000 0.050093 0.065000 0.065059 0.080000 0.080054 2637060619.942282 4048750475.230368 3.420373 5.251391 3770960855.996841
0.050000 0.050093 0.070000 0.070054 0.070000 0.070054 4789743659.383846 4048750475.230368 5.993594 5.066361 3558251567.997904
0.050000 0.050093 0.070000 0.070054 0.075000 0.075053 3560035291.079407 4048750475.230368 4.605654 5.237909 3811789535.998133
0.050000 0.050093 0.070000 0.070054 0.080000 0.080054 3713598443.549239 4048750475.230368 5.068385 5.525807 4068210528.004251
0.050000 0.050093 0.075000 0.075053 0.075000 0.075053 2887155001.864001 4048750475.230368 3.863046 5.417274 4083361823.996952
0.050000 0.050093 0.075000 0.075053 0.080000 0.080054 2780776816.776967 4048750475.230368 3.927661 5.718588 4358080391.995543
0.050000 0.050093 0.080000 0.080054 0.080000 0.080054 2236437044.917375 4048750475.230368 3.338005 6.042981 4651256495.996310
0.055000 0.055078 0.055000 0.055078 0.055000 0.055078 7315393008.370911 4048750475.230368 6.443592 3.566247 2399850600.002756
0.055000 0.055078 0.055000 0.055078 0.060000 0.060067 3680778415.521410 4048750475.230368 3.582005 3.940103 2623102943.999421
0.055000 0.055078 0.055000 0.055078 0.065000 0.065059 4843524391.792654 4048750475.230368 4.837592 4.043792 2838711048.000628
0.055000 0.055078 0.055000 0.055078 0.070000 0.070054 3563720697.056926 4048750475.230368 3.730509 4.238239 3062529480.000744
0.055000 0.055078 0.055000 0.055078 0.075000 0.075053 4362542440.086937 4048750475.230368 4.712916 4.373922 3280765704.002934
0.055000 0.055078 0.055000 0.055078 0.080000 0.080054 4521247766.508238 4048750475.230368 5.137436 4.600543 3501503112.000489
0.055000 0.055078 0.060000 0.060067 0.060000 0.060067 4444552576.932009 4048750475.230368 4.791876 4.365143 2867068367.999461
0.055000 0.055078 0.060000 0.060067 0.065000 0.065059 4490043836.163532 4048750475.230368 4.972117 4.483444 3102816383.997279
0.055000 0.055078 0.060000 0.060067 0.070000 0.070054 3149527941.351039 4048750475.230368 3.660632 4.705781 3347384784.004744
0.055000 0.055078 0.060000 0.060067 0.075000 0.075053 4118134221.919658 4048750475.230368 4.944611 4.861303 3585903095.998721
0.055000 0.055078 0.060000 0.060067 0.080000 0.080054 3179095336.170239 4048750475.230368 4.021624 5.121757 3827138207.998506
0.055000 0.055078 0.065000 0.065059 0.065000 0.065059 5075487793.354572 4048750475.230368 5.773966 4.605931 3357953472.000359
0.055000 0.055078 0.065000 0.065059 0.070000 0.070054 3295940396.960542 4048750475.230368 3.937037 4.836277 3622602600.000597
0.055000 0.055078 0.065000 0.065059 0.075000 0.075053 3760618376.652902 4048750475.230368 4.641860 4.997511 3880753895.996934
0.055000 0.055078 0.065000 0.065059 0.080000 0.080054 3730526912.938198 4048750475.230368 4.853700 5.267733 4141788144.000000
0.055000 0.055078 0.070000 0.070054 0.070000 0.070054 2269665591.320612 4048750475.230368 2.848871 5.081967 3908192568.002847
0.055000 0.055078 0.070000 0.070054 0.075000 0.075053 3562686475.394566 4048750475.230368 4.623386 5.254163 4186633128.000935
0.055000 0.055078 0.070000 0.070054 0.080000 0.080054 3843049044.430844 4048750475.230368 5.261536 5.543163 4468290023.997815
0.055000 0.055078 0.075000 0.075053 0.075000 0.075053 3978673558.492736 4048750475.230368 5.340145 5.434202 4484986391.998892
0.055000 0.055078 0.075000 0.075053 0.080000 0.080054 4258351807.809279 4048750475.230368 6.033650 5.736666 4786690295.995028
0.055000 0.055078 0.080000 0.080054 0.080000 0.080054 3209040393.986429 4048750475.230368 4.804973 6.062291 5108736240.002710
0.060000 0.060067 0.060000 0.060067 0.060000 0.060067 3250426244.651774 4048750475.230368 3.892131 4.848062 3133750751.993388
0.060000 0.060067 0.060000 0.060067 0.065000 0.065059 4442921051.517109 4048750475.230368 5.468015 4.982899 3391428359.997260
0.060000 0.060067 0.060000 0.060067 0.070000 0.070054 3115469625.700992 4048750475.230368 4.029677 5.236820 3658714943.996586
0.060000 0.060067 0.060000 0.060067 0.075000 0.075053 4188247157.481132 4048750475.230368 5.601394 5.414830 3919467888.000972
0.060000 0.060067 0.060000 0.060067 0.080000 0.080054 3738763411.592320 4048750475.230368 5.276212 5.713672 4183097712.000993
0.060000 0.060067 0.065000 0.065059 0.065000 0.065059 2696582420.644545 4048750475.230368 3.411715 5.122477 3670178639.996630
0.060000 0.060067 0.065000 0.065059 0.070000 0.070054 3740126870.637043 4048750475.230368 4.974955 5.385473 3959608247.999943
0.060000 0.060067 0.065000 0.065059 0.075000 0.075053 2961625537.136315 4048750475.230368 4.074375 5.569958 4241685312.003306
0.060000 0.060067 0.065000 0.065059 0.080000 0.080054 3273232594.803862 4048750475.230368 4.753621 5.879883 4527060504.003006
0.060000 0.060067 0.070000 0.070054 0.070000 0.070054 3394788305.892003 4048750475.230368 4.750700 5.665861 4271642688.002163
0.060000 0.060067 0.070000 0.070054 0.075000 0.075053 4176609135.515874 4048750475.230368 6.047922 5.862777 4576065072.000168
0.060000 0.060067 0.070000 0.070054 0.080000 0.080054 3291815249.505726 4048750475.230368 5.036010 6.194013 4883894399.999568
0.060000 0.060067 0.075000 0.075053 0.075000 0.075053 2776181989.701837 4048750475.230368 4.161164 6.068591 4902140783.995197
0.060000 0.060067 0.075000 0.075053 0.080000 0.080054 3162656957.920481 4048750475.230368 5.011125 6.415111 5231941584.001618
0.060000 0.060067 0.080000 0.080054 0.080000 0.080054 3229591742.119540 4048750475.230368 5.414572 6.787933 5583774983.998133
0.065000 0.065059 0.065000 0.065059 0.065000 0.065059 2706455988.519167 4048750475.230368 3.520786 5.266955 3972047231.992617
0.065000 0.065059 0.065000 0.065059 0.070000 0.070054 3712936623.152736 4048750475.230368 5.079886 5.539333 4285097928.003126
0.065000 0.065059 0.065000 0.065059 0.075000 0.075053 3272633844.442199 4048750475.230368 4.632015 5.730514 4590444864.003231
0.065000 0.065059 0.065000 0.065059 0.080000 0.080054 2182398337.587839 4048750475.230368 3.262158 6.051903 4899236400.000656
0.065000 0.065059 0.070000 0.070054 0.070000 0.070054 4049187462.563838 4048750475.230368 5.830323 5.829694 4622884367.998671
0.065000 0.065059 0.070000 0.070054 0.075000 0.075053 3221428607.192165 4048750475.230368 4.800797 6.033730 4952343191.997974
0.065000 0.065059 0.070000 0.070054 0.080000 0.080054 2774818288.359913 4048750475.230368 4.370599 6.377161 5285466671.999320
0.065000 0.065059 0.075000 0.075053 0.075000 0.075053 2567624036.998768 4048750475.230368 3.961684 6.246970 5305194383.999770
0.065000 0.065059 0.075000 0.075053 0.080000 0.080054 3050918418.139849 4048750475.230368 4.978081 6.606210 5662055352.000281
0.065000 0.065059 0.080000 0.080054 0.080000 0.080054 4250157240.485426 4048750475.230368 7.340515 6.992662 6042969815.999630
0.070000 0.070054 0.070000 0.070054 0.070000 0.070054 3854157159.682819 4048750475.230368 5.844110 6.139175 4987355112.001298
0.070000 0.070054 0.070000 0.070054 0.075000 0.075053 2774088055.016643 4048750475.230368 4.355554 6.356883 5342630423.999091
0.070000 0.070054 0.070000 0.070054 0.080000 0.080054 2698971417.476454 4048750475.230368 4.482185 6.723765 5702147615.999958
0.070000 0.070054 0.075000 0.075053 0.075000 0.075053 3635706404.550160 4048750475.230368 5.912658 6.584381 5723394719.995424
0.070000 0.070054 0.075000 0.075053 0.080000 0.080054 2684011603.169235 4048750475.230368 4.619308 6.968086 6108401159.997087
0.070000 0.070054 0.080000 0.080054 0.080000 0.080054 4153064492.013144 4048750475.230368 7.570915 7.380753 6519337511.998013
0.075000 0.075053 0.075000 0.075053 0.075000 0.075053 5003699997.069853 4048750475.230368 8.431168 6.822091 6131165879.998841
0.075000 0.075053 0.075000 0.075053 0.080000 0.080054 2813379534.740393 4048750475.230368 5.019331 7.223348 6543725064.004171
0.075000 0.075053 0.080000 0.080054 0.080000 0.080054 3093499713.286659 4048750475.230368 5.848768 7.654827 6983830031.990507
0.080000 0.080054 0.080000 0.080054 0.080000 0.080054 2849434915.151346 4048750475.230368 5.713793 8.118705 7453654103.994562
