#Data file /g100/home/userexternal/gdamico0/work/eBOSS-QSO-DR16/eBOSS_QSO_SGC_v7_2.dat.txt
#Random file /g100/home/userexternal/gdamico0/work/eBOSS-QSO-DR16/eBOSS_QSO_SGC_v7_2.ran.txt
#Number of data elements used: 126082
#Number of random elements used: 7207697
#Effective number of data elements weighted by wcol: 135846.763455
#Effective number of randoms elements weighted by wcol: 7765589.741701
#Effective number of data elements weighted by wcol*wsys: 135845.875083
#Effective number of randoms elements weighted by wcol*wsys: 7580677.068890
#Effective redshift value from data 1.545130
#Effective redshift value from randoms 1.545208
#Size of the Box 6400.000000 Mpc/h
#Area of the survey used 1839.000000 deg^2
#Value of alpha: 0.017920
#Normalization using randoms file
#Normalization 1.061098e-05
#Type of Computation: FFT
#Number of grid cells: 512
#Type of Mass Assigment: PCS
#Type of Yamamoto: GridCenter
#Number of Interlacing steps: 2
#Grid Correction: yes
#Value of Om=0.310000
#Computation using multigrid: no
#Shapes of the triangles: all
#k1-centerbin	 k1-eff	 k2-centerbin	 k2-eff	 k3-centerbin	 k3-eff	 Bispectrum-Bshotnoise	 Bsn	 Q-Qsn	 Qsn	 Number of Triangles
0.005000 0.005785 0.005000 0.005785 0.005000 0.005785 120481143159.502075 5279945788.162421 23.450510 1.027691 1279602.000000
0.005000 0.005785 0.005000 0.005785 0.010000 0.010426 20164805344.216022 5279945788.162421 4.693424 1.228924 1649545.999999
0.005000 0.005785 0.005000 0.005785 0.015000 0.015283 109703095578.748627 5279945788.162421 25.722651 1.238016 134678.000000
0.005000 0.005785 0.010000 0.010426 0.010000 0.010426 25535399233.728909 5279945788.162421 7.176024 1.483784 5389684.000001
0.005000 0.005785 0.010000 0.010426 0.015000 0.015283 61633064816.220291 5279945788.162421 17.456053 1.495415 4780802.000000
0.005000 0.005785 0.010000 0.010426 0.020000 0.020215 68155870445.773750 5279945788.162421 16.951205 1.313188 350293.999999
0.005000 0.005785 0.015000 0.015283 0.015000 0.015283 41966941139.890862 5279945788.162421 11.979518 1.507167 11787603.999999
0.005000 0.005785 0.015000 0.015283 0.020000 0.020215 34377404799.999611 5279945788.162421 8.614584 1.323094 9423193.999995
0.005000 0.005785 0.015000 0.015283 0.025000 0.025168 69800679655.902054 5279945788.162421 19.896899 1.505065 593029.999999
0.005000 0.005785 0.020000 0.020215 0.020000 0.020215 36763590643.779091 5279945788.162421 8.127193 1.167218 21398212.000001
0.005000 0.005785 0.020000 0.020215 0.025000 0.025168 28318573341.508865 5279945788.162421 7.086807 1.321322 15663374.000001
0.005000 0.005785 0.020000 0.020215 0.030000 0.030121 22569131328.046986 5279945788.162421 5.517468 1.290787 990241.999998
0.005000 0.005785 0.025000 0.025168 0.025000 0.025168 27456866500.172028 5279945788.162421 7.815751 1.502966 32795631.999991
0.005000 0.005785 0.025000 0.025168 0.030000 0.030121 47447702401.291885 5279945788.162421 13.181564 1.466835 23355853.999975
0.005000 0.005785 0.025000 0.025168 0.035000 0.035112 57548503949.502998 5279945788.162421 17.618217 1.616432 1409677.999998
0.005000 0.005785 0.030000 0.030121 0.030000 0.030121 41744256691.526527 5279945788.162421 11.320425 1.431843 47400075.999990
0.005000 0.005785 0.030000 0.030121 0.035000 0.035112 28407983470.990574 5279945788.162421 8.482856 1.576635 32754266.000017
0.005000 0.005785 0.030000 0.030121 0.040000 0.040109 23484674263.204712 5279945788.162421 7.928874 1.782610 1831502.000003
0.005000 0.005785 0.035000 0.035112 0.035000 0.035112 28683568192.217117 5279945788.162421 9.461963 1.741717 65639739.999976
0.005000 0.005785 0.035000 0.035112 0.040000 0.040109 28631000996.571484 5279945788.162421 10.728144 1.978416 43715866.000017
0.005000 0.005785 0.035000 0.035112 0.045000 0.045093 36610384404.018112 5279945788.162421 14.956634 2.157044 2501094.000001
0.005000 0.005785 0.040000 0.040109 0.040000 0.040109 31380636524.180740 5279945788.162421 13.446058 2.262365 84659196.000009
0.005000 0.005785 0.040000 0.040109 0.045000 0.045093 25895631342.291344 5279945788.162421 12.159246 2.479189 56070730.000035
0.005000 0.005785 0.040000 0.040109 0.050000 0.050083 10659782708.701012 5279945788.162421 5.243615 2.597239 3159998.000005
0.005000 0.005785 0.045000 0.045093 0.045000 0.045093 32418115514.486198 5279945788.162421 16.745820 2.727396 107189883.999989
0.005000 0.005785 0.045000 0.045093 0.050000 0.050083 19594743111.795734 5279945788.162421 10.626354 2.863348 70082161.999910
0.005000 0.005785 0.045000 0.045093 0.055000 0.055083 -4495371248.988435 5279945788.162421 -2.582479 3.033197 3881462.000005
0.005000 0.005785 0.050000 0.050083 0.050000 0.050083 15691152939.839249 5279945788.162421 8.944013 3.009588 132561052.000103
0.005000 0.005785 0.050000 0.050083 0.055000 0.055083 11121755565.283154 5279945788.162421 6.725297 3.192769 85715929.999971
0.005000 0.005785 0.050000 0.050083 0.060000 0.060076 20644667751.079235 5279945788.162421 11.674564 2.985810 4638566.000005
0.005000 0.005785 0.055000 0.055083 0.055000 0.055083 21199878572.054802 5279945788.162421 13.624717 3.393310 161109004.000110
0.005000 0.005785 0.055000 0.055083 0.060000 0.060076 17472238087.688854 5279945788.162421 10.479455 3.166792 102777049.999958
0.005000 0.005785 0.055000 0.055083 0.065000 0.065066 11338681899.515499 5279945788.162421 7.443121 3.465948 5692910.000012
0.005000 0.005785 0.060000 0.060076 0.060000 0.060076 19839855326.423672 5279945788.162421 11.131145 2.962312 189849796.000006
0.005000 0.005785 0.060000 0.060076 0.065000 0.065066 17070154440.340366 5279945788.162421 10.449632 3.232161 121345154.000046
0.005000 0.005785 0.060000 0.060076 0.070000 0.070064 17034631187.977386 5279945788.162421 10.214142 3.165910 6556813.999991
0.005000 0.005785 0.065000 0.065066 0.065000 0.065066 28518668148.612190 5279945788.162421 19.126014 3.540990 224203252.000043
0.005000 0.005785 0.065000 0.065066 0.070000 0.070064 16634455606.545303 5279945788.162421 10.916271 3.464936 141694585.999918
0.005000 0.005785 0.065000 0.065066 0.075000 0.075061 3691924157.351357 5279945788.162421 2.698048 3.858570 7610077.999984
0.005000 0.005785 0.070000 0.070064 0.070000 0.070064 27833017796.377380 5279945788.162421 17.877371 3.391352 259944700.000117
0.005000 0.005785 0.070000 0.070064 0.075000 0.075061 20795789878.615665 5279945788.162421 14.855794 3.771811 163455313.999983
0.005000 0.005785 0.070000 0.070064 0.080000 0.080056 22192462710.282368 5279945788.162421 16.258300 3.868113 8763806.000004
0.005000 0.005785 0.075000 0.075061 0.075000 0.075061 21037068575.604992 5279945788.162421 16.825009 4.222791 298094571.999887
0.005000 0.005785 0.075000 0.075061 0.080000 0.080056 19142327046.671532 5279945788.162421 15.726935 4.337893 186714493.999882
0.005000 0.005785 0.080000 0.080056 0.080000 0.080056 20462615699.427647 5279945788.162421 17.277319 4.458047 338728240.000207
0.010000 0.010426 0.010000 0.010426 0.010000 0.010426 -52187683152.419861 5279945788.162421 -17.849339 1.805858 11305320.000002
0.010000 0.010426 0.010000 0.010426 0.015000 0.015283 -18166880076.765018 5279945788.162421 -6.264471 1.820680 16452397.999988
0.010000 0.010426 0.010000 0.010426 0.020000 0.020215 24114306851.587479 5279945788.162421 7.260407 1.589702 12486313.999995
0.010000 0.010426 0.010000 0.010426 0.025000 0.025168 -61527716451.547729 5279945788.162421 -21.185646 1.818027 791030.000003
0.010000 0.010426 0.015000 0.015283 0.015000 0.015283 2431813068.785712 5279945788.162421 0.845457 1.835654 24697800.000005
0.010000 0.010426 0.015000 0.015283 0.020000 0.020215 14287760584.497299 5279945788.162421 4.336044 1.602356 32770165.999984
0.010000 0.010426 0.015000 0.015283 0.025000 0.025168 5161501951.650321 5279945788.162421 1.791855 1.832974 22518349.999992
0.010000 0.010426 0.015000 0.015283 0.030000 0.030121 16821227365.393368 5279945788.162421 5.692811 1.786893 1347097.999997
0.010000 0.010426 0.020000 0.020215 0.020000 0.020215 662932017.082421 5279945788.162421 0.176338 1.404449 44893824.000000
0.010000 0.010426 0.020000 0.020215 0.025000 0.025168 6472234532.844054 5279945788.162421 1.961416 1.600092 54651944.000018
0.010000 0.010426 0.020000 0.020215 0.030000 0.030121 12287597126.419891 5279945788.162421 3.633084 1.561126 36431636.000004
0.010000 0.010426 0.020000 0.020215 0.035000 0.035112 -19308696290.203327 5279945788.162421 -6.299605 1.722621 2148769.999999
0.010000 0.010426 0.025000 0.025168 0.025000 0.025168 2286676819.883472 5279945788.162421 0.792679 1.830299 68739912.000011
0.010000 0.010426 0.025000 0.025168 0.030000 0.030121 5048651379.916926 5279945788.162421 1.706138 1.784302 81348103.999952
0.010000 0.010426 0.025000 0.025168 0.035000 0.035112 4229717082.867587 5279945788.162421 1.582491 1.975420 52697413.999996
0.010000 0.010426 0.025000 0.025168 0.040000 0.040109 18702572054.748547 5279945788.162421 7.973140 2.250907 2841949.999998
0.010000 0.010426 0.030000 0.030121 0.030000 0.030121 -7356866690.325537 5279945788.162421 -2.424082 1.739738 99384695.999963
0.010000 0.010426 0.030000 0.030121 0.035000 0.035112 8390380449.206683 5279945788.162421 3.058717 1.924807 115038014.000016
0.010000 0.010426 0.030000 0.030121 0.040000 0.040109 -2407955032.061617 5279945788.162421 -0.999286 2.191144 71176186.000008
0.010000 0.010426 0.030000 0.030121 0.045000 0.045093 -12840184253.065126 5279945788.162421 -5.819259 2.392908 3775086.000011
0.010000 0.010426 0.035000 0.035112 0.035000 0.035112 7721496608.088565 5279945788.162421 3.122905 2.135437 137772863.999993
0.010000 0.010426 0.035000 0.035112 0.040000 0.040109 5647236343.790437 5279945788.162421 2.610383 2.440606 153728405.999997
0.010000 0.010426 0.035000 0.035112 0.045000 0.045093 409144448.438498 5279945788.162421 0.207163 2.673412 94514346.000014
0.010000 0.010426 0.035000 0.035112 0.050000 0.050083 -3547207048.912962 5279945788.162421 -1.881170 2.800083 5075118.000007
0.010000 0.010426 0.040000 0.040109 0.040000 0.040109 7382037012.262902 5279945788.162421 3.922567 2.805586 177563759.999999
0.010000 0.010426 0.040000 0.040109 0.045000 0.045093 5421579920.880399 5279945788.162421 3.169689 3.086883 196487261.999940
0.010000 0.010426 0.040000 0.040109 0.050000 0.050083 338243653.271565 5279945788.162421 0.207624 3.240993 119663242.000058
0.010000 0.010426 0.040000 0.040109 0.055000 0.055083 -1297529726.540808 5279945788.162421 -0.843786 3.433557 6310070.000001
0.010000 0.010426 0.045000 0.045093 0.045000 0.045093 7362657024.309777 5279945788.162421 4.752411 3.408073 224838023.999989
0.010000 0.010426 0.045000 0.045093 0.050000 0.050083 -664967217.333916 5279945788.162421 -0.451499 3.584977 245854189.999936
0.010000 0.010426 0.045000 0.045093 0.055000 0.055083 940294197.902157 5279945788.162421 0.677974 3.806966 147907754.000052
0.010000 0.010426 0.045000 0.045093 0.060000 0.060076 12851148747.962486 5279945788.162421 8.655617 3.556195 7588334.000023
0.010000 0.010426 0.050000 0.050083 0.050000 0.050083 3491451651.205678 5279945788.162421 2.496276 3.774991 278074272.000120
0.010000 0.010426 0.050000 0.050083 0.055000 0.055083 -877634539.064484 5279945788.162421 -0.667207 4.013992 301365566.000076
0.010000 0.010426 0.050000 0.050083 0.060000 0.060076 -472168914.730322 5279945788.162421 -0.334818 3.744049 178452889.999975
0.010000 0.010426 0.050000 0.050083 0.065000 0.065066 -1087914516.289971 5279945788.162421 -0.844918 4.100616 9278845.999983
0.010000 0.010426 0.055000 0.055083 0.055000 0.055083 2939632598.057953 5279945788.162421 2.380215 4.275162 338028888.000051
0.010000 0.010426 0.055000 0.055083 0.060000 0.060076 2276818483.724783 5279945788.162421 1.716360 3.980243 360688502.000173
0.010000 0.010426 0.055000 0.055083 0.065000 0.065066 166813565.733752 5279945788.162421 0.138066 4.370033 214468681.999968
0.010000 0.010426 0.055000 0.055083 0.070000 0.070064 -4458026063.090591 5279945788.162421 -3.608576 4.273883 11096606.000002
0.010000 0.010426 0.060000 0.060076 0.060000 0.060076 4897793893.718699 5279945788.162421 3.444690 3.713463 398104319.999865
0.010000 0.010426 0.060000 0.060076 0.065000 0.065066 3017098375.639558 5279945788.162421 2.323317 4.065824 425516557.999989
0.010000 0.010426 0.060000 0.060076 0.070000 0.070064 511525651.453191 5279945788.162421 0.385497 3.979089 250315658.000024
0.010000 0.010426 0.060000 0.060076 0.075000 0.075061 696875887.253242 5279945788.162421 0.584395 4.427726 12720878.000015
0.010000 0.010426 0.065000 0.065066 0.065000 0.065066 4824284595.899722 5279945788.162421 4.082391 4.467980 470300615.999984
0.010000 0.010426 0.065000 0.065066 0.070000 0.070064 6110678313.169551 5279945788.162421 5.056075 4.368713 497867966.000258
0.010000 0.010426 0.065000 0.065066 0.075000 0.075061 5033572889.048995 5279945788.162421 4.656212 4.884114 290790866.000016
0.010000 0.010426 0.065000 0.065066 0.080000 0.080056 4020659742.820144 5279945788.162421 3.819228 5.015424 14749405.999952
0.010000 0.010426 0.070000 0.070064 0.070000 0.070064 6769341546.408145 5279945788.162421 5.477845 4.272605 545289815.999656
0.010000 0.010426 0.070000 0.070064 0.075000 0.075061 3091806835.757570 5279945788.162421 2.793863 4.771140 574088870.000446
0.010000 0.010426 0.070000 0.070064 0.080000 0.080056 5607266850.966685 5279945788.162421 5.201610 4.897969 334164374.000011
0.010000 0.010426 0.075000 0.075061 0.075000 0.075061 2231226825.776991 5279945788.162421 2.265065 5.360021 625253856.000335
0.010000 0.010426 0.075000 0.075061 0.080000 0.080056 1319404560.544238 5279945788.162421 1.377135 5.510971 655361455.999476
0.010000 0.010426 0.080000 0.080056 0.080000 0.080056 3560094206.621133 5279945788.162421 3.822021 5.668407 710428679.999695
0.015000 0.015283 0.015000 0.015283 0.015000 0.015283 25364481925.614658 5279945788.162421 8.891026 1.850782 36504744.000013
0.015000 0.015283 0.015000 0.015283 0.020000 0.020215 27419390796.321480 5279945788.162421 8.387621 1.615141 49215479.999969
0.015000 0.015283 0.015000 0.015283 0.025000 0.025168 8799947855.793015 5279945788.162421 3.080138 1.848075 59931667.999983
0.015000 0.015283 0.015000 0.015283 0.030000 0.030121 -8739310518.453182 5279945788.162421 -2.981859 1.801521 39519716.000012
0.015000 0.015283 0.015000 0.015283 0.035000 0.035112 -21721141793.346443 5279945788.162421 -8.207166 1.994987 2191346.000000
0.015000 0.015283 0.020000 0.020215 0.020000 0.020215 422569285.463794 5279945788.162421 0.113265 1.415237 66364128.000045
0.015000 0.015283 0.020000 0.020215 0.025000 0.025168 3724993531.289409 5279945788.162421 1.137866 1.612854 82110192.000038
0.015000 0.015283 0.020000 0.020215 0.030000 0.030121 9364218947.586864 5279945788.162421 2.790646 1.573485 97100096.000001
0.015000 0.015283 0.020000 0.020215 0.035000 0.035112 3686918874.675031 5279945788.162421 1.212700 1.736678 62014867.999917
0.015000 0.015283 0.020000 0.020215 0.040000 0.040109 -15743785960.001488 5279945788.162421 -5.874638 1.970159 3250322.000010
0.015000 0.015283 0.025000 0.025168 0.025000 0.025168 13668082782.320675 5279945788.162421 4.777076 1.845373 101609423.999977
0.015000 0.015283 0.025000 0.025168 0.030000 0.030121 16628598828.504219 5279945788.162421 5.665446 1.798904 122173295.999902
0.015000 0.015283 0.025000 0.025168 0.035000 0.035112 8413881262.815576 5279945788.162421 3.174379 1.992012 141395240.000045
0.015000 0.015283 0.025000 0.025168 0.040000 0.040109 9156805954.221275 5279945788.162421 3.937663 2.270513 86388754.000034
0.015000 0.015283 0.025000 0.025168 0.045000 0.045093 4047722933.782512 5279945788.162421 1.902726 2.481961 4391501.999977
0.015000 0.015283 0.030000 0.030121 0.030000 0.030121 7050157351.549972 5279945788.162421 2.341908 1.753882 146904935.999988
0.015000 0.015283 0.030000 0.030121 0.035000 0.035112 8826053561.540867 5279945788.162421 3.244413 1.940881 172962936.000096
0.015000 0.015283 0.030000 0.030121 0.040000 0.040109 10997690388.360031 5279945788.162421 4.603539 2.210140 192880062.000059
0.015000 0.015283 0.030000 0.030121 0.045000 0.045093 7868770992.871745 5279945788.162421 3.597959 2.414231 116062938.000031
0.015000 0.015283 0.030000 0.030121 0.050000 0.050083 8425172554.949866 5279945788.162421 4.028808 2.524801 5740901.999975
0.015000 0.015283 0.035000 0.035112 0.035000 0.035112 15110341189.509129 5279945788.162421 6.163524 2.153696 203641967.999995
0.015000 0.015283 0.035000 0.035112 0.040000 0.040109 10871116071.858814 5279945788.162421 5.069490 2.462179 231188951.999908
0.015000 0.015283 0.035000 0.035112 0.045000 0.045093 3088736421.059274 5279945788.162421 1.578098 2.697632 255505325.999956
0.015000 0.015283 0.035000 0.035112 0.050000 0.050083 8038744280.944133 5279945788.162421 4.302273 2.825786 152142857.999977
0.015000 0.015283 0.035000 0.035112 0.055000 0.055083 17412150756.305576 5279945788.162421 9.844204 2.985092 7594854.000002
0.015000 0.015283 0.040000 0.040109 0.040000 0.040109 7224613162.835307 5279945788.162421 3.873802 2.831081 262456608.000017
0.015000 0.015283 0.040000 0.040109 0.045000 0.045093 7935955334.198287 5279945788.162421 4.682749 3.115524 295325495.999983
0.015000 0.015283 0.040000 0.040109 0.050000 0.050083 6340218959.023452 5279945788.162421 3.928338 3.271403 322729433.999977
0.015000 0.015283 0.040000 0.040109 0.055000 0.055083 4786609982.785623 5279945788.162421 3.142355 3.466224 190490218.000124
0.015000 0.015283 0.040000 0.040109 0.060000 0.060076 3079847901.008968 5279945788.162421 1.893472 3.246080 9242317.999962
0.015000 0.015283 0.045000 0.045093 0.045000 0.045093 10760089479.408127 5279945788.162421 7.010991 3.440274 332337792.000023
0.015000 0.015283 0.045000 0.045093 0.050000 0.050083 8849517108.416027 5279945788.162421 6.065979 3.619185 369583248.000206
0.015000 0.015283 0.045000 0.045093 0.055000 0.055083 2481210326.239470 5279945788.162421 1.806293 3.843740 400243190.000009
0.015000 0.015283 0.045000 0.045093 0.060000 0.060076 2971206021.272132 5279945788.162421 2.020257 3.590074 232256282.000022
0.015000 0.015283 0.045000 0.045093 0.065000 0.065066 8157191296.267615 5279945788.162421 6.063877 3.924996 11377069.999981
0.015000 0.015283 0.050000 0.050083 0.050000 0.050083 5004617388.500916 5279945788.162421 3.612598 3.811344 411008568.000105
0.015000 0.015283 0.050000 0.050083 0.055000 0.055083 5644276275.082355 5279945788.162421 4.332765 4.053091 453166871.999911
0.015000 0.015283 0.050000 0.050083 0.060000 0.060076 6910694868.494906 5279945788.162421 4.947546 3.780051 483118573.999939
0.015000 0.015283 0.050000 0.050083 0.065000 0.065066 4815346209.606189 5279945788.162421 3.776367 4.140722 280872757.999807
0.015000 0.015283 0.050000 0.050083 0.070000 0.070064 1388518583.407058 5279945788.162421 1.065570 4.051909 13549621.999949
0.015000 0.015283 0.055000 0.055083 0.055000 0.055083 4794017476.752284 5279945788.162421 3.919912 4.317240 499627535.999841
0.015000 0.015283 0.055000 0.055083 0.060000 0.060076 5731551199.075364 5279945788.162421 4.362710 4.018960 542215200.000029
0.015000 0.015283 0.055000 0.055083 0.065000 0.065066 5705322981.597659 5279945788.162421 4.768755 4.413207 578989933.999781
0.015000 0.015283 0.055000 0.055083 0.070000 0.070064 4755079865.225596 5279945788.162421 3.886910 4.315947 333698210.000078
0.015000 0.015283 0.055000 0.055083 0.075000 0.075061 13396976953.760948 5279945788.162421 12.231319 4.820543 16134638.000028
0.015000 0.015283 0.060000 0.060076 0.060000 0.060076 3857639190.170335 5279945788.162421 2.739183 3.749116 588431472.000426
0.015000 0.015283 0.060000 0.060076 0.065000 0.065066 5943532315.130910 5279945788.162421 4.621524 4.105538 639574176.000264
0.015000 0.015283 0.060000 0.060076 0.070000 0.070064 5320555591.717450 5279945788.162421 4.048695 4.017793 676640629.999500
0.015000 0.015283 0.060000 0.060076 0.075000 0.075061 9173748484.117416 5279945788.162421 7.769504 4.471734 387478682.000013
0.015000 0.015283 0.060000 0.060076 0.080000 0.080056 902969504.293263 5279945788.162421 0.784418 4.586738 18461125.999968
0.015000 0.015283 0.065000 0.065066 0.065000 0.065066 3860211417.746469 5279945788.162421 3.298966 4.512282 695155943.999343
0.015000 0.015283 0.065000 0.065066 0.070000 0.070064 4532150291.164540 5279945788.162421 3.787021 4.411872 748530600.000282
0.015000 0.015283 0.065000 0.065066 0.075000 0.075061 6940083515.139096 5279945788.162421 6.484430 4.933289 787336057.999443
0.015000 0.015283 0.065000 0.065066 0.080000 0.080056 5391974828.605613 5279945788.162421 5.173656 5.066163 448417430.000177
0.015000 0.015283 0.070000 0.070064 0.070000 0.070064 6206941835.302625 5279945788.162421 5.072175 4.314654 805996272.000521
0.015000 0.015283 0.070000 0.070064 0.075000 0.075061 5985556742.353593 5279945788.162421 5.463039 4.819025 863076744.000169
0.015000 0.015283 0.070000 0.070064 0.080000 0.080056 3294009633.864289 5279945788.162421 3.086525 4.947370 903794815.999772
0.015000 0.015283 0.075000 0.075061 0.075000 0.075061 1648027105.838504 5279945788.162421 1.690091 5.414711 924207455.999779
0.015000 0.015283 0.075000 0.075061 0.080000 0.080056 4085417305.086417 5279945788.162421 4.307866 5.567436 985141919.999353
0.015000 0.015283 0.080000 0.080056 0.080000 0.080056 -52051278.564892 5279945788.162421 -0.056456 5.726719 1050097031.998841
0.020000 0.020215 0.020000 0.020215 0.020000 0.020215 6800305023.823735 5279945788.162421 1.604571 1.245834 89468159.999997
0.020000 0.020215 0.020000 0.020215 0.025000 0.025168 2850425533.326425 5279945788.162421 0.762986 1.413307 110715768.000073
0.020000 0.020215 0.020000 0.020215 0.030000 0.030121 6476751456.256846 5279945788.162421 1.692886 1.380066 133120559.999994
0.020000 0.020215 0.020000 0.020215 0.035000 0.035112 14633105698.538460 5279945788.162421 4.205585 1.517467 153903655.999952
0.020000 0.020215 0.020000 0.020215 0.040000 0.040109 8869511229.677319 5279945788.162421 2.876337 1.712259 93736588.000017
0.020000 0.020215 0.020000 0.020215 0.045000 0.045093 -10411620004.216650 5279945788.162421 -3.662956 1.857560 4930194.000007
0.020000 0.020215 0.025000 0.025168 0.025000 0.025168 9901129713.429794 5279945788.162421 3.020195 1.610570 136994303.999951
0.020000 0.020215 0.025000 0.025168 0.030000 0.030121 6932560924.952958 5279945788.162421 2.063080 1.571274 164726495.999888
0.020000 0.020215 0.025000 0.025168 0.035000 0.035112 11728891779.882523 5279945788.162421 3.852276 1.734163 193943447.999884
0.020000 0.020215 0.025000 0.025168 0.040000 0.040109 10338882553.855583 5279945788.162421 3.852026 1.967184 216196655.999991
0.020000 0.020215 0.025000 0.025168 0.045000 0.045093 3541671319.534402 5279945788.162421 1.437224 2.142623 129908621.999975
0.020000 0.020215 0.025000 0.025168 0.050000 0.050083 248564549.953335 5279945788.162421 0.105323 2.237247 6560309.999988
0.020000 0.020215 0.030000 0.030121 0.030000 0.030121 14980809485.943157 5279945788.162421 4.350186 1.533211 198070584.000003
0.020000 0.020215 0.030000 0.030121 0.035000 0.035112 14984609840.064346 5279945788.162421 4.798807 1.690898 233202312.000008
0.020000 0.020215 0.030000 0.030121 0.040000 0.040109 8058315896.013816 5279945788.162421 2.924328 1.916070 264741048.000293
0.020000 0.020215 0.030000 0.030121 0.045000 0.045093 9694708242.976833 5279945788.162421 3.828868 2.085283 292341270.000113
0.020000 0.020215 0.030000 0.030121 0.050000 0.050083 7131098243.423509 5279945788.162421 2.939499 2.176438 172265993.999907
0.020000 0.020215 0.030000 0.030121 0.055000 0.055083 1494776148.586565 5279945788.162421 0.647979 2.288835 8433221.999994
0.020000 0.020215 0.035000 0.035112 0.035000 0.035112 6465566880.904300 5279945788.162421 2.290594 1.870557 274563431.999924
0.020000 0.020215 0.035000 0.035112 0.040000 0.040109 8507853004.497212 5279945788.162421 3.430629 2.129037 311713128.000185
0.020000 0.020215 0.035000 0.035112 0.045000 0.045093 9702712654.705147 5279945788.162421 4.272164 2.324793 350745312.000234
0.020000 0.020215 0.035000 0.035112 0.050000 0.050083 8877298887.631134 5279945788.162421 4.086942 2.430788 382677605.999959
0.020000 0.020215 0.035000 0.035112 0.055000 0.055083 9979338183.940750 5279945788.162421 4.842316 2.562010 223321625.999976
0.020000 0.020215 0.035000 0.035112 0.060000 0.060076 22783782497.754467 5279945788.162421 10.415184 2.413629 10925238.000025
0.020000 0.020215 0.040000 0.040109 0.040000 0.040109 9464975420.261341 5279945788.162421 4.371801 2.438767 353853792.000142
0.020000 0.020215 0.040000 0.040109 0.045000 0.045093 6203154396.695085 5279945788.162421 3.143894 2.675991 398192088.000042
0.020000 0.020215 0.040000 0.040109 0.050000 0.050083 7336719975.140002 5279945788.162421 3.898241 2.805409 442829423.999857
0.020000 0.020215 0.040000 0.040109 0.055000 0.055083 5564548928.196141 5279945788.162421 3.126487 2.966581 479092565.999902
0.020000 0.020215 0.040000 0.040109 0.060000 0.060076 7705389450.089801 5279945788.162421 4.063485 2.784412 275824833.999879
0.020000 0.020215 0.040000 0.040109 0.065000 0.065066 9992633356.340466 5279945788.162421 5.724168 3.024558 13609981.999958
0.020000 0.020215 0.045000 0.045093 0.045000 0.045093 5924738375.970046 5279945788.162421 3.307230 2.947302 448068144.000144
0.020000 0.020215 0.045000 0.045093 0.050000 0.050083 7443564137.825160 5279945788.162421 4.364928 3.096175 498307824.000479
0.020000 0.020215 0.045000 0.045093 0.055000 0.055083 4740701060.004445 5279945788.162421 2.947195 3.282432 549404471.999798
0.020000 0.020215 0.045000 0.045093 0.060000 0.060076 6839200951.791368 5279945788.162421 3.979187 3.071981 585091669.999911
0.020000 0.020215 0.045000 0.045093 0.065000 0.065066 5310070030.579692 5279945788.162421 3.368778 3.349666 337100737.999949
0.020000 0.020215 0.045000 0.045093 0.070000 0.070064 -5573454894.683431 5279945788.162421 -3.463943 3.281525 16318453.999992
0.020000 0.020215 0.050000 0.050083 0.050000 0.050083 5454116731.665698 5279945788.162421 3.363646 3.256232 554156760.000103
0.020000 0.020215 0.050000 0.050083 0.055000 0.055083 5620529792.124263 5279945788.162421 3.679982 3.456988 610991184.000226
0.020000 0.020215 0.050000 0.050083 0.060000 0.060076 5843258523.637353 5279945788.162421 3.574822 3.230195 663063648.000176
0.020000 0.020215 0.050000 0.050083 0.065000 0.065066 4721544587.447154 5279945788.162421 3.156309 3.529595 707164694.000076
0.020000 0.020215 0.050000 0.050083 0.070000 0.070064 4812936630.428288 5279945788.162421 3.150326 3.456008 402951625.999960
0.020000 0.020215 0.050000 0.050083 0.075000 0.075061 11784089473.844955 5279945788.162421 8.561080 3.835853 19345501.999969
0.020000 0.020215 0.055000 0.055083 0.055000 0.055083 3009184520.138444 5279945788.162421 2.095410 3.676628 673638792.000293
0.020000 0.020215 0.055000 0.055083 0.060000 0.060076 3594012579.550303 5279945788.162421 2.333790 3.428559 731071248.000173
0.020000 0.020215 0.055000 0.055083 0.065000 0.065066 4015299038.532859 5279945788.162421 2.856562 3.756257 794593583.999816
0.020000 0.020215 0.055000 0.055083 0.070000 0.070064 4775143917.385968 5279945788.162421 3.324144 3.675554 839546270.000337
0.020000 0.020215 0.055000 0.055083 0.075000 0.075061 10499319356.896488 5279945788.162421 8.139561 4.093259 476312042.000005
0.020000 0.020215 0.055000 0.055083 0.080000 0.080056 16192667797.631767 5279945788.162421 12.878095 4.199163 23008598.000042
0.020000 0.020215 0.060000 0.060076 0.060000 0.060076 7626031424.721202 5279945788.162421 4.628329 3.204462 793359719.999521
0.020000 0.020215 0.060000 0.060076 0.065000 0.065066 4978418062.931462 5279945788.162421 3.300384 3.500279 862330895.999697
0.020000 0.020215 0.060000 0.060076 0.070000 0.070064 3026052508.086957 5279945788.162421 1.964427 3.427591 928513295.999666
0.020000 0.020215 0.060000 0.060076 0.075000 0.075061 6126111731.674689 5279945788.162421 4.412078 3.802662 975799549.999390
0.020000 0.020215 0.060000 0.060076 0.080000 0.080056 4020424623.296948 5279945788.162421 2.967610 3.897304 550976749.999862
0.020000 0.020215 0.065000 0.065066 0.065000 0.065066 6328620389.122567 5279945788.162421 4.600886 3.838503 937273871.999706
0.020000 0.020215 0.065000 0.065066 0.070000 0.070064 5511034853.719937 5279945788.162421 3.919501 3.755148 1009230048.000264
0.020000 0.020215 0.065000 0.065066 0.075000 0.075061 7473540747.801711 5279945788.162421 5.926533 4.187008 1080707736.000185
0.020000 0.020215 0.065000 0.065066 0.080000 0.080056 5066668279.283542 5279945788.162421 4.123108 4.296667 1130297672.000022
0.020000 0.020215 0.070000 0.070064 0.070000 0.070064 6794007249.622844 5279945788.162421 4.728164 3.674481 1086708312.000053
0.020000 0.020215 0.070000 0.070064 0.075000 0.075061 6621565735.977292 5279945788.162421 5.131762 4.091997 1163661312.000479
0.020000 0.020215 0.070000 0.070064 0.080000 0.080056 6062924701.472589 5279945788.162421 4.820362 4.197850 1240408560.000147
0.020000 0.020215 0.075000 0.075061 0.075000 0.075061 5893352238.115361 5279945788.162421 5.119131 4.586309 1246108271.999439
0.020000 0.020215 0.075000 0.075061 0.080000 0.080056 4264719919.000306 5279945788.162421 3.806500 4.712645 1328231087.999809
0.020000 0.020215 0.080000 0.080056 0.080000 0.080056 1319202712.840120 5279945788.162421 1.210403 4.844487 1415842175.999942
0.025000 0.025168 0.025000 0.025168 0.025000 0.025168 14540327772.301296 5279945788.162421 5.074503 1.842675 169523808.000081
0.025000 0.025168 0.025000 0.025168 0.030000 0.030121 10537672768.912632 5279945788.162421 3.585022 1.796291 203828112.000066
0.025000 0.025168 0.025000 0.025168 0.035000 0.035112 18254577893.780148 5279945788.162421 6.876798 1.989042 239989199.999983
0.025000 0.025168 0.025000 0.025168 0.040000 0.040109 18426790496.921513 5279945788.162421 7.911745 2.267003 272450015.999785
0.025000 0.025168 0.025000 0.025168 0.045000 0.045093 14408334005.783600 5279945788.162421 6.762217 2.478020 301052304.000262
0.025000 0.025168 0.025000 0.025168 0.050000 0.050083 11442614426.977867 5279945788.162421 5.618344 2.592463 177693516.000015
0.025000 0.025168 0.025000 0.025168 0.055000 0.055083 8458651109.497628 5279945788.162421 4.380475 2.734322 8578943.999986
0.025000 0.025168 0.030000 0.030121 0.030000 0.030121 12362424513.426723 5279945788.162421 4.100600 1.751351 245087903.999948
0.025000 0.025168 0.030000 0.030121 0.035000 0.035112 11892038242.587627 5279945788.162421 4.364973 1.938004 288568680.000353
0.025000 0.025168 0.030000 0.030121 0.040000 0.040109 3343596812.321908 5279945788.162421 1.397447 2.206739 327586272.000044
0.025000 0.025168 0.030000 0.030121 0.045000 0.045093 8689121736.118526 5279945788.162421 3.966777 2.410412 368632992.000075
0.025000 0.025168 0.030000 0.030121 0.050000 0.050083 7741136995.459329 5279945788.162421 3.695771 2.520750 402282677.999982
0.025000 0.025168 0.030000 0.030121 0.055000 0.055083 4400853232.559545 5279945788.162421 2.214952 2.657400 232987350.000059
0.025000 0.025168 0.030000 0.030121 0.060000 0.060076 1727463147.193350 5279945788.162421 0.818880 2.502886 10795800.000020
0.025000 0.025168 0.035000 0.035112 0.035000 0.035112 10918170792.973797 5279945788.162421 4.446775 2.150427 339748679.999978
0.025000 0.025168 0.035000 0.035112 0.040000 0.040109 10651196123.745472 5279945788.162421 4.959144 2.458316 385699512.000061
0.025000 0.025168 0.035000 0.035112 0.045000 0.045093 7944307507.699203 5279945788.162421 4.052382 2.693294 434017920.000159
0.025000 0.025168 0.035000 0.035112 0.050000 0.050083 7789410381.059257 5279945788.162421 4.162041 2.821183 482682288.000002
0.025000 0.025168 0.035000 0.035112 0.055000 0.055083 3324179581.173547 5279945788.162421 1.876260 2.980150 521928966.000040
0.025000 0.025168 0.035000 0.035112 0.060000 0.060076 4850278998.403041 5279945788.162421 2.572556 2.800448 297967277.999837
0.025000 0.025168 0.035000 0.035112 0.065000 0.065066 7667897539.159617 5279945788.162421 4.410906 3.037253 14317103.999973
0.025000 0.025168 0.040000 0.040109 0.040000 0.040109 10440032558.209072 5279945788.162421 5.588866 2.826515 437864951.999958
0.025000 0.025168 0.040000 0.040109 0.045000 0.045093 7934283517.636794 5279945788.162421 4.674054 3.110394 492732503.999710
0.025000 0.025168 0.040000 0.040109 0.050000 0.050083 6138620814.647771 5279945788.162421 3.797097 3.265956 547937064.000083
0.025000 0.025168 0.040000 0.040109 0.055000 0.055083 7183913274.537131 5279945788.162421 4.708195 3.460372 604149623.999747
0.025000 0.025168 0.040000 0.040109 0.060000 0.060076 5797011600.635116 5279945788.162421 3.558045 3.240684 643472838.000131
0.025000 0.025168 0.040000 0.040109 0.065000 0.065066 3045760970.858555 5279945788.162421 2.036582 3.530495 368924458.000169
0.025000 0.025168 0.040000 0.040109 0.070000 0.070064 295644727.633990 5279945788.162421 0.193707 3.459426 17375143.999866
0.025000 0.025168 0.045000 0.045093 0.045000 0.045093 3848842800.587163 5279945788.162421 2.503600 3.434505 554429327.999871
0.025000 0.025168 0.045000 0.045093 0.050000 0.050083 7796532808.105874 5279945788.162421 5.335153 3.613057 616601304.000387
0.025000 0.025168 0.045000 0.045093 0.055000 0.055083 3778685126.713126 5279945788.162421 2.746124 3.837151 679823855.999882
0.025000 0.025168 0.045000 0.045093 0.060000 0.060076 5860650213.945849 5279945788.162421 3.978184 3.584005 737775215.999832
0.025000 0.025168 0.045000 0.045093 0.065000 0.065066 5781510963.104232 5279945788.162421 4.290449 3.918238 786867926.000074
0.025000 0.025168 0.045000 0.045093 0.070000 0.070064 4352288750.668115 5279945788.162421 3.162084 3.836057 445639501.999755
0.025000 0.025168 0.045000 0.045093 0.075000 0.075061 7836166604.711867 5279945788.162421 6.323150 4.260487 20732048.000028
0.025000 0.025168 0.050000 0.050083 0.050000 0.050083 5030042605.348983 5279945788.162421 3.624746 3.804831 685720343.999231
0.025000 0.025168 0.050000 0.050083 0.055000 0.055083 5396838975.613667 5279945788.162421 4.135662 4.046085 756046704.000043
0.025000 0.025168 0.050000 0.050083 0.060000 0.060076 5579049077.833564 5279945788.162421 3.987371 3.773600 820462199.999945
0.025000 0.025168 0.050000 0.050083 0.065000 0.065066 3763814645.295716 5279945788.162421 2.946595 4.133536 891782880.000782
0.025000 0.025168 0.050000 0.050083 0.070000 0.070064 6273125326.534127 5279945788.162421 4.805769 4.044906 942111638.000808
0.025000 0.025168 0.050000 0.050083 0.075000 0.075061 6575548568.153268 5279945788.162421 5.608648 4.503557 529991185.999648
0.025000 0.025168 0.050000 0.050083 0.080000 0.080056 7633035944.104545 5279945788.162421 6.678697 4.619807 24548143.999898
0.025000 0.025168 0.055000 0.055083 0.055000 0.055083 5899515697.314569 5279945788.162421 4.815417 4.309700 833569512.000614
0.025000 0.025168 0.055000 0.055083 0.060000 0.060076 7467298493.290936 5279945788.162421 5.674106 4.012023 904616831.999444
0.025000 0.025168 0.055000 0.055083 0.065000 0.065066 5378618705.155517 5279945788.162421 4.487801 4.405470 983235216.001179
0.025000 0.025168 0.055000 0.055083 0.070000 0.070064 4121259292.817683 5279945788.162421 3.362927 4.308409 1058707919.999582
0.025000 0.025168 0.055000 0.055083 0.075000 0.075061 7006650473.708295 5279945788.162421 6.385616 4.811958 1112360437.999908
0.025000 0.025168 0.055000 0.055083 0.080000 0.080056 6975317883.407619 5279945788.162421 6.526335 4.940090 624129415.999628
0.025000 0.025168 0.060000 0.060076 0.060000 0.060076 6810025323.630597 5279945788.162421 4.827337 3.742729 981712200.000007
0.025000 0.025168 0.060000 0.060076 0.065000 0.065066 5774481020.291171 5279945788.162421 4.482292 4.098422 1067034287.999347
0.025000 0.025168 0.060000 0.060076 0.070000 0.070064 3979573377.186372 5279945788.162421 3.023043 4.010858 1148965079.999971
0.025000 0.025168 0.060000 0.060076 0.075000 0.075061 4895196422.162499 5279945788.162421 4.138567 4.463847 1230313775.999571
0.025000 0.025168 0.060000 0.060076 0.080000 0.080056 5011740106.217515 5279945788.162421 4.346026 4.578605 1287057631.999389
0.025000 0.025168 0.065000 0.065066 0.065000 0.065066 5952873478.255694 5279945788.162421 5.078420 4.504343 1159783176.000501
0.025000 0.025168 0.065000 0.065066 0.070000 0.070064 3735315731.189420 5279945788.162421 3.115723 4.404138 1248805823.999603
0.025000 0.025168 0.065000 0.065066 0.075000 0.075061 5685338283.866574 5279945788.162421 5.302575 4.924476 1337268647.999719
0.025000 0.025168 0.065000 0.065066 0.080000 0.080056 4578660011.937299 5279945788.162421 4.385386 5.057069 1425443567.999302
0.025000 0.025168 0.070000 0.070064 0.070000 0.070064 1845643879.685324 5279945788.162421 1.505585 4.307120 1344699287.999950
0.025000 0.025168 0.070000 0.070064 0.075000 0.075061 4303145784.703822 5279945788.162421 3.920502 4.810443 1439922791.999940
0.025000 0.025168 0.070000 0.070064 0.080000 0.080056 5557102317.736869 5279945788.162421 5.197750 4.938516 1534855920.000463
0.025000 0.025168 0.075000 0.075061 0.075000 0.075061 4466648149.990323 5279945788.162421 4.572361 5.404908 1541890535.999738
0.025000 0.025168 0.075000 0.075061 0.080000 0.080056 3549536173.484353 5279945788.162421 3.736002 5.557315 1643585520.000402
0.025000 0.025168 0.080000 0.080056 0.080000 0.080056 3953097596.961303 5279945788.162421 4.279771 5.716266 1751929224.000983
0.030000 0.030121 0.030000 0.030121 0.030000 0.030121 867574031.331795 5279945788.162421 0.280619 1.707814 294709080.000173
0.030000 0.030121 0.030000 0.030121 0.035000 0.035112 6336414787.590589 5279945788.162421 2.266434 1.888552 346963127.999969
0.030000 0.030121 0.030000 0.030121 0.040000 0.040109 4486602170.155072 5279945788.162421 1.825542 2.148343 393907007.999771
0.030000 0.030121 0.030000 0.030121 0.045000 0.045093 928161065.327980 5279945788.162421 0.412210 2.344903 443237832.000003
0.030000 0.030121 0.030000 0.030121 0.050000 0.050083 6355026200.864657 5279945788.162421 2.950382 2.451266 492930023.999867
0.030000 0.030121 0.030000 0.030121 0.055000 0.055083 12380042301.983047 5279945788.162421 6.056146 2.582877 532777050.000191
0.030000 0.030121 0.030000 0.030121 0.060000 0.060076 11070165188.269760 5279945788.162421 5.103337 2.434051 301346339.999992
0.030000 0.030121 0.030000 0.030121 0.065000 0.065066 9630218956.917591 5279945788.162421 4.796904 2.629992 13907592.000047
0.030000 0.030121 0.035000 0.035112 0.035000 0.035112 5590612168.072610 5279945788.162421 2.217507 2.094282 408522936.000299
0.030000 0.030121 0.035000 0.035112 0.040000 0.040109 6349034351.006433 5279945788.162421 2.876368 2.392028 463775616.000056
0.030000 0.030121 0.035000 0.035112 0.045000 0.045093 5423278398.936652 5279945788.162421 2.690007 2.618913 521875991.999711
0.030000 0.030121 0.035000 0.035112 0.050000 0.050083 5089046175.609626 5279945788.162421 2.643120 2.742268 580364855.999753
0.030000 0.030121 0.035000 0.035112 0.055000 0.055083 3574036238.542056 5279945788.162421 1.959970 2.895476 639887160.000303
0.030000 0.030121 0.035000 0.035112 0.060000 0.060076 6970703984.124965 5279945788.162421 3.594009 2.722275 680683865.999895
0.030000 0.030121 0.035000 0.035112 0.065000 0.065066 5502054237.355289 5279945788.162421 3.074592 2.950476 386357291.999936
0.030000 0.030121 0.035000 0.035112 0.070000 0.070064 -7619090973.466481 5279945788.162421 -4.177169 2.894732 17968008.000091
0.030000 0.030121 0.040000 0.040109 0.040000 0.040109 8415172545.402869 5279945788.162421 4.380114 2.748222 526501368.000138
0.030000 0.030121 0.040000 0.040109 0.045000 0.045093 4692884893.695350 5279945788.162421 2.686419 3.022480 592443023.999557
0.030000 0.030121 0.040000 0.040109 0.050000 0.050083 5264476019.251721 5279945788.162421 3.163338 3.172633 658881455.999646
0.030000 0.030121 0.040000 0.040109 0.055000 0.055083 4293994333.395658 5279945788.162421 2.732697 3.360156 726428327.999582
0.030000 0.030121 0.040000 0.040109 0.060000 0.060076 8699267107.351082 5279945788.162421 5.187068 3.148246 788347992.000003
0.030000 0.030121 0.040000 0.040109 0.065000 0.065066 5063437758.840392 5279945788.162421 3.287199 3.427756 840285978.000380
0.030000 0.030121 0.040000 0.040109 0.070000 0.070064 6319617317.695596 5279945788.162421 4.020710 3.359243 472789659.999941
0.030000 0.030121 0.040000 0.040109 0.075000 0.075061 -6721953760.410284 5279945788.162421 -4.725288 3.711609 21703519.999980
0.030000 0.030121 0.045000 0.045093 0.045000 0.045093 6913070105.743939 5279945788.162421 4.367461 3.335704 666684792.000581
0.030000 0.030121 0.045000 0.045093 0.050000 0.050083 6042446226.900151 5279945788.162421 4.014743 3.508119 741397871.999877
0.030000 0.030121 0.045000 0.045093 0.055000 0.055083 5735888117.833161 5279945788.162421 4.045987 3.724374 817442088.000116
0.030000 0.030121 0.045000 0.045093 0.060000 0.060076 5988800975.407123 5279945788.162421 3.947287 3.480072 887099448.001536
0.030000 0.030121 0.045000 0.045093 0.065000 0.065066 5813269334.409024 5279945788.162421 4.186682 3.802586 964203792.000262
0.030000 0.030121 0.045000 0.045093 0.070000 0.070064 5512201493.499604 5279945788.162421 3.887101 3.723319 1017901970.000127
0.030000 0.030121 0.045000 0.045093 0.075000 0.075061 5248186933.667308 5279945788.162421 4.107622 4.132479 568201844.000010
0.030000 0.030121 0.045000 0.045093 0.080000 0.080056 11010109601.430786 5279945788.162421 8.832737 4.235777 25865480.000127
0.030000 0.030121 0.050000 0.050083 0.050000 0.050083 6757837589.344993 5279945788.162421 4.727127 3.693338 824512271.999466
0.030000 0.030121 0.050000 0.050083 0.055000 0.055083 5490045312.233159 5279945788.162421 4.082435 3.926203 909064080.000045
0.030000 0.030121 0.050000 0.050083 0.060000 0.060076 7432216957.794175 5279945788.162421 5.156409 3.663181 986563584.000371
0.030000 0.030121 0.050000 0.050083 0.065000 0.065066 8076669401.268485 5279945788.162421 6.134928 4.010575 1072297224.000692
0.030000 0.030121 0.050000 0.050083 0.070000 0.070064 4442132959.169387 5279945788.162421 3.302243 3.925066 1154612039.999120
0.030000 0.030121 0.050000 0.050083 0.075000 0.075061 4849821926.540952 5279945788.162421 4.011561 4.367340 1212059281.999956
0.030000 0.030121 0.050000 0.050083 0.080000 0.080056 4892262744.207400 5279945788.162421 4.150452 4.479351 673182398.000374
0.030000 0.030121 0.055000 0.055083 0.055000 0.055083 4520552874.182958 5279945788.162421 3.579419 4.180713 1002290543.999234
0.030000 0.030121 0.055000 0.055083 0.060000 0.060076 6098578949.520200 5279945788.162421 4.496947 3.893306 1087711895.999320
0.030000 0.030121 0.055000 0.055083 0.065000 0.065066 7082425542.827832 5279945788.162421 5.731910 4.273137 1182255096.000090
0.030000 0.030121 0.055000 0.055083 0.070000 0.070064 5560151979.606729 5279945788.162421 4.401272 4.179468 1273025496.000119
0.030000 0.030121 0.055000 0.055083 0.075000 0.075061 6614614366.106769 5279945788.162421 5.844457 4.665188 1363173287.999624
0.030000 0.030121 0.055000 0.055083 0.080000 0.080056 5831271755.508771 5279945788.162421 5.288721 4.788692 1424671358.000233
0.030000 0.030121 0.060000 0.060076 0.060000 0.060076 5628948146.428002 5279945788.162421 3.873537 3.633373 1180426584.000352
0.030000 0.030121 0.060000 0.060076 0.065000 0.065066 4667221523.691651 5279945788.162421 3.515179 3.976660 1283029440.000282
0.030000 0.030121 0.060000 0.060076 0.070000 0.070064 4700495381.747468 5279945788.162421 3.465032 3.892182 1381512095.999596
0.030000 0.030121 0.060000 0.060076 0.075000 0.075061 5584910083.249534 5279945788.162421 4.579016 4.328978 1479365256.000592
0.030000 0.030121 0.060000 0.060076 0.080000 0.080056 6542091573.819898 5279945788.162421 5.500797 4.439545 1576906631.999454
0.030000 0.030121 0.065000 0.065066 0.065000 0.065066 3364650434.589343 5279945788.162421 2.783871 4.368562 1394526263.999449
0.030000 0.030121 0.065000 0.065066 0.070000 0.070064 3987712954.077949 5279945788.162421 3.226343 4.271851 1501601351.999040
0.030000 0.030121 0.065000 0.065066 0.075000 0.075061 4798390996.735496 5279945788.162421 4.338423 4.773817 1607935992.000007
0.030000 0.030121 0.065000 0.065066 0.080000 0.080056 4361951257.359540 5279945788.162421 4.049416 4.901636 1713952103.999429
0.030000 0.030121 0.070000 0.070064 0.070000 0.070064 4235120927.942348 5279945788.162421 3.351413 4.178223 1616850455.999897
0.030000 0.030121 0.070000 0.070064 0.075000 0.075061 3492710059.220614 5279945788.162421 3.085077 4.663725 1731383519.999428
0.030000 0.030121 0.070000 0.070064 0.080000 0.080056 3970200138.291667 5279945788.162421 3.599664 4.787172 1845559128.000760
0.030000 0.030121 0.075000 0.075061 0.075000 0.075061 3594623835.439471 5279945788.162421 3.565664 5.237408 1854020568.000458
0.030000 0.030121 0.075000 0.075061 0.080000 0.080056 3688891333.817677 5279945788.162421 3.761864 5.384393 1976242224.000214
0.030000 0.030121 0.080000 0.080056 0.080000 0.080056 4689429027.227674 5279945788.162421 4.918363 5.537708 2106581423.997994
0.035000 0.035112 0.035000 0.035112 0.035000 0.035112 6769806496.940766 5279945788.162421 2.985290 2.328304 480998063.999763
0.035000 0.035112 0.035000 0.035112 0.040000 0.040109 7805784473.283963 5279945788.162421 3.945956 2.669102 546031008.000085
0.035000 0.035112 0.035000 0.035112 0.045000 0.045093 5436867347.452001 5279945788.162421 3.017575 2.930480 614438712.000217
0.035000 0.035112 0.035000 0.035112 0.050000 0.050083 4564160989.261882 5279945788.162421 2.656583 3.073207 683318399.999738
0.035000 0.035112 0.035000 0.035112 0.055000 0.055083 6144025818.957490 5279945788.162421 3.783134 3.251084 753399408.000006
0.035000 0.035112 0.035000 0.035112 0.060000 0.060076 4326626934.967557 5279945788.162421 2.499345 3.050045 817603200.000000
0.035000 0.035112 0.035000 0.035112 0.065000 0.065066 5687297924.812816 5279945788.162421 3.570868 3.315105 870808145.999882
0.035000 0.035112 0.035000 0.035112 0.070000 0.070064 7413586330.125243 5279945788.162421 4.563641 3.250219 489553283.999811
0.035000 0.035112 0.035000 0.035112 0.075000 0.075061 -725451434.172761 5279945788.162421 -0.492343 3.583350 23107751.999933
0.035000 0.035112 0.040000 0.040109 0.040000 0.040109 7733599131.097239 5279945788.162421 4.505834 3.076260 619875239.999905
0.035000 0.035112 0.040000 0.040109 0.045000 0.045093 7646070415.424556 5279945788.162421 4.911373 3.391518 697561367.999719
0.035000 0.035112 0.040000 0.040109 0.050000 0.050083 6429727328.769116 5279945788.162421 4.341050 3.564772 775735751.999532
0.035000 0.035112 0.040000 0.040109 0.055000 0.055083 7570344060.680680 5279945788.162421 5.422311 3.781798 855298655.999725
0.035000 0.035112 0.040000 0.040109 0.060000 0.060076 6912913604.974713 5279945788.162421 4.630393 3.536602 928187351.999660
0.035000 0.035112 0.040000 0.040109 0.065000 0.065066 4252129025.464265 5279945788.162421 3.108766 3.860212 1008854447.999764
0.035000 0.035112 0.040000 0.040109 0.070000 0.070064 3197041644.530147 5279945788.162421 2.289262 3.780739 1064904858.000720
0.035000 0.035112 0.040000 0.040109 0.075000 0.075061 1679108458.452399 5279945788.162421 1.332650 4.190509 596038276.000030
0.035000 0.035112 0.040000 0.040109 0.080000 0.080056 1514951294.068018 5279945788.162421 1.231997 4.293785 27878359.999873
0.035000 0.035112 0.045000 0.045093 0.045000 0.045093 5279790553.263074 5279945788.162421 3.751018 3.751128 784913375.999819
0.035000 0.035112 0.045000 0.045093 0.050000 0.050083 7363717754.366757 5279945788.162421 5.508544 3.949746 872916696.000190
0.035000 0.035112 0.045000 0.045093 0.055000 0.055083 6252403336.080659 5279945788.162421 4.973008 4.199539 962426328.000546
0.035000 0.035112 0.045000 0.045093 0.060000 0.060076 4943728286.534549 5279945788.162421 3.667951 3.917404 1044466176.000573
0.035000 0.035112 0.045000 0.045093 0.065000 0.065066 4727438339.293508 5279945788.162421 3.841142 4.290066 1135242624.001091
0.035000 0.035112 0.045000 0.045093 0.070000 0.070064 6875726671.829011 5279945788.162421 5.467194 4.198318 1222403736.000005
0.035000 0.035112 0.045000 0.045093 0.075000 0.075061 5506837541.065686 5279945788.162421 4.873801 4.672991 1282935098.000624
0.035000 0.035112 0.045000 0.045093 0.080000 0.080056 5982104011.706193 5279945788.162421 5.430695 4.793259 713638742.000486
0.035000 0.035112 0.050000 0.050083 0.050000 0.050083 4253951287.159184 5279945788.162421 3.354015 4.162958 970781591.999856
0.035000 0.035112 0.050000 0.050083 0.055000 0.055083 5408628947.416980 5279945788.162421 4.539710 4.431700 1070323583.999226
0.035000 0.035112 0.050000 0.050083 0.060000 0.060076 4127824994.027118 5279945788.162421 3.227407 4.128211 1161540575.999310
0.035000 0.035112 0.050000 0.050083 0.065000 0.065066 4764915015.795100 5279945788.162421 4.087453 4.529258 1262499047.999154
0.035000 0.035112 0.050000 0.050083 0.070000 0.070064 4352100402.119742 5279945788.162421 3.651833 4.430385 1359419495.999693
0.035000 0.035112 0.050000 0.050083 0.075000 0.075061 5080970168.408469 5279945788.162421 4.756619 4.942893 1455715295.998644
0.035000 0.035112 0.050000 0.050083 0.080000 0.080056 5726940160.466558 5279945788.162421 5.502616 5.073130 1520794261.999283
0.035000 0.035112 0.055000 0.055083 0.055000 0.055083 4146460083.425843 5279945788.162421 3.710762 4.725145 1180087896.000811
0.035000 0.035112 0.055000 0.055083 0.060000 0.060076 5372689467.408317 5279945788.162421 4.471005 4.393826 1280657591.999167
0.035000 0.035112 0.055000 0.055083 0.065000 0.065066 3446000984.009656 5279945788.162421 3.153578 4.831897 1391970767.999648
0.035000 0.035112 0.055000 0.055083 0.070000 0.070064 5029389734.395644 5279945788.162421 4.499547 4.723707 1498833288.000387
0.035000 0.035112 0.055000 0.055083 0.075000 0.075061 4180658104.722993 5279945788.162421 4.185339 5.285858 1604989223.998204
0.035000 0.035112 0.055000 0.055083 0.080000 0.080056 6345576465.834199 5279945788.162421 6.525008 5.429245 1710787607.999279
0.035000 0.035112 0.060000 0.060076 0.060000 0.060076 7660090616.948159 5279945788.162421 5.939330 4.093860 1389817175.999385
0.035000 0.035112 0.060000 0.060076 0.065000 0.065066 5534734073.085620 5279945788.162421 4.706902 4.490222 1510603320.000363
0.035000 0.035112 0.060000 0.060076 0.070000 0.070064 4355839359.854089 5279945788.162421 3.623738 4.392527 1626589104.000860
0.035000 0.035112 0.060000 0.060076 0.075000 0.075061 4151928789.636216 5279945788.162421 3.852192 4.898776 1741771920.000032
0.035000 0.035112 0.060000 0.060076 0.080000 0.080056 5516364940.198255 5279945788.162421 5.252469 5.027360 1856631503.999174
0.035000 0.035112 0.065000 0.065066 0.065000 0.065066 5494882241.784808 5279945788.162421 5.143261 4.942078 1641907752.002016
0.035000 0.035112 0.065000 0.065066 0.070000 0.070064 5163011382.921380 5279945788.162421 4.723434 4.830413 1767936551.998856
0.035000 0.035112 0.065000 0.065066 0.075000 0.075061 4291379870.894202 5279945788.162421 4.398004 5.411132 1893170904.001662
0.035000 0.035112 0.065000 0.065066 0.080000 0.080056 4117304072.860654 5279945788.162421 4.335266 5.559456 2018002152.001033
0.035000 0.035112 0.070000 0.070064 0.070000 0.070064 5551802673.045373 5279945788.162421 4.965412 4.722269 1903671408.000206
0.035000 0.035112 0.070000 0.070064 0.075000 0.075061 4475747273.556117 5279945788.162421 4.479330 5.284172 2038497695.999804
0.035000 0.035112 0.070000 0.070064 0.080000 0.080056 3987038725.588799 5279945788.162421 4.098456 5.427493 2172919752.002271
0.035000 0.035112 0.075000 0.075061 0.075000 0.075061 6229612574.450385 5279945788.162421 7.016527 5.946900 2182853423.999644
0.035000 0.035112 0.075000 0.075061 0.080000 0.080056 4394741004.237710 5279945788.162421 5.091591 6.117157 2326808712.001635
0.035000 0.035112 0.080000 0.080056 0.080000 0.080056 2733703888.032079 5279945788.162421 3.259076 6.294662 2480234544.000122
0.040000 0.040109 0.040000 0.040109 0.040000 0.040109 7645502326.814136 5279945788.162421 5.158007 3.562094 703753679.999884
0.040000 0.040109 0.040000 0.040109 0.045000 0.045093 8608797330.550446 5279945788.162421 6.426335 3.941399 791871191.999564
0.040000 0.040109 0.040000 0.040109 0.050000 0.050083 5405538778.226289 5279945788.162421 4.249766 4.151026 880667423.999551
0.040000 0.040109 0.040000 0.040109 0.055000 0.055083 5839762050.166982 5279945788.162421 4.882888 4.414801 970963943.999411
0.040000 0.040109 0.040000 0.040109 0.060000 0.060076 5184950714.110772 5279945788.162421 4.042815 4.116885 1053715031.999982
0.040000 0.040109 0.040000 0.040109 0.065000 0.065066 6288274803.736547 5279945788.162421 5.371804 4.510431 1145308991.999569
0.040000 0.040109 0.040000 0.040109 0.070000 0.070064 4638563240.518916 5279945788.162421 3.877379 4.413511 1233229943.999939
0.040000 0.040109 0.040000 0.040109 0.075000 0.075061 6124687476.988935 5279945788.162421 5.701543 4.915163 1295165501.999674
0.040000 0.040109 0.040000 0.040109 0.080000 0.080056 7168892691.425143 5279945788.162421 6.846298 5.042352 722944526.000046
0.040000 0.040109 0.045000 0.045093 0.045000 0.045093 5801914090.678767 5279945788.162421 4.805848 4.373491 891092928.000998
0.040000 0.040109 0.045000 0.045093 0.050000 0.050083 6658247389.168153 5279945788.162421 5.817638 4.613348 990980687.999547
0.040000 0.040109 0.045000 0.045093 0.055000 0.055083 6663099439.895059 5279945788.162421 6.204109 4.916234 1092598055.998740
0.040000 0.040109 0.045000 0.045093 0.060000 0.060076 5167476395.208833 5279945788.162421 4.476795 4.574232 1185725447.999518
0.040000 0.040109 0.045000 0.045093 0.065000 0.065066 5800199883.449475 5279945788.162421 5.521607 5.026342 1288787880.000019
0.040000 0.040109 0.045000 0.045093 0.070000 0.070064 5809661060.741012 5279945788.162421 5.407827 4.914751 1387714271.999864
0.040000 0.040109 0.045000 0.045093 0.075000 0.075061 3831373220.054742 5279945788.162421 3.986776 5.494104 1486016615.999259
0.040000 0.040109 0.045000 0.045093 0.080000 0.080056 4435152558.998353 5279945788.162421 4.739019 5.641692 1553319301.999666
0.040000 0.040109 0.050000 0.050083 0.050000 0.050083 2698119874.647120 5279945788.162421 2.488946 4.870614 1102054608.000011
0.040000 0.040109 0.050000 0.050083 0.055000 0.055083 4467864892.845887 5279945788.162421 4.396938 5.196127 1215082127.999428
0.040000 0.040109 0.050000 0.050083 0.060000 0.060076 3101886949.607644 5279945788.162421 2.836745 4.828628 1318655256.000546
0.040000 0.040109 0.050000 0.050083 0.065000 0.065066 6224488637.879722 5279945788.162421 6.265388 5.314639 1433254296.000448
0.040000 0.040109 0.050000 0.050083 0.070000 0.070064 5392929254.222072 5279945788.162421 5.305687 5.194531 1543296480.000156
0.040000 0.040109 0.050000 0.050083 0.075000 0.075061 2999922148.203935 5279945788.162421 3.306293 5.819167 1652574336.001395
0.040000 0.040109 0.050000 0.050083 0.080000 0.080056 5001608175.048144 5279945788.162421 5.663539 5.978713 1761552983.999634
0.040000 0.040109 0.055000 0.055083 0.055000 0.055083 2785710135.790446 5279945788.162421 2.928802 5.551158 1339683168.000487
0.040000 0.040109 0.055000 0.055083 0.060000 0.060076 4869903371.256661 5279945788.162421 4.750424 5.150406 1453871711.999171
0.040000 0.040109 0.055000 0.055083 0.065000 0.065066 4174256365.045032 5279945788.162421 4.491058 5.680663 1580236535.999769
0.040000 0.040109 0.055000 0.055083 0.070000 0.070064 3483190847.719089 5279945788.162421 3.660960 5.549415 1701546384.003206
0.040000 0.040109 0.055000 0.055083 0.075000 0.075061 4296878349.112071 5279945788.162421 5.072871 6.233475 1822047911.999055
0.040000 0.040109 0.055000 0.055083 0.080000 0.080056 5336265275.902864 5279945788.162421 6.477152 6.408791 1942230647.998911
0.040000 0.040109 0.060000 0.060076 0.060000 0.060076 3224157849.799238 5279945788.162421 2.923215 4.787115 1577776992.001373
0.040000 0.040109 0.060000 0.060076 0.065000 0.065066 3699266387.779559 5279945788.162421 3.690567 5.267529 1714916568.000898
0.040000 0.040109 0.060000 0.060076 0.070000 0.070064 4152562802.777400 5279945788.162421 4.049442 5.148829 1846565880.001090
0.040000 0.040109 0.060000 0.060076 0.075000 0.075061 5140420129.277869 5279945788.162421 5.613604 5.765974 1977356591.998554
0.040000 0.040109 0.060000 0.060076 0.080000 0.080056 6317000832.768075 5279945788.162421 7.087004 5.923538 2107724448.000311
0.040000 0.040109 0.065000 0.065066 0.065000 0.065066 2243642803.698646 5279945788.162421 2.470698 5.814272 1863973704.000930
0.040000 0.040109 0.065000 0.065066 0.070000 0.070064 4553382233.472133 5279945788.162421 4.897407 5.678865 2007059567.999193
0.040000 0.040109 0.065000 0.065066 0.075000 0.075061 3006169738.823884 5279945788.162421 3.635429 6.385158 2149225056.000626
0.040000 0.040109 0.065000 0.065066 0.080000 0.080056 4480368598.851256 5279945788.162421 5.572003 6.566396 2290907304.000778
0.040000 0.040109 0.070000 0.070064 0.070000 0.070064 3173122914.600818 5279945788.162421 3.334020 5.547672 2161148879.999190
0.040000 0.040109 0.070000 0.070064 0.075000 0.075061 3887419640.402366 5279945788.162421 4.587965 6.231436 2314211544.001822
0.040000 0.040109 0.070000 0.070064 0.080000 0.080056 3289195743.288413 5279945788.162421 3.991102 6.406673 2466786720.002746
0.040000 0.040109 0.075000 0.075061 0.075000 0.075061 3295200336.483712 5279945788.162421 4.391149 7.036000 2478094920.000232
0.040000 0.040109 0.075000 0.075061 0.080000 0.080056 3712890289.870482 5279945788.162421 5.093709 7.243550 2641521648.000054
0.040000 0.040109 0.080000 0.080056 0.080000 0.080056 3522606952.623757 5279945788.162421 4.976934 7.459800 2815685976.000233
0.045000 0.045093 0.045000 0.045093 0.045000 0.045093 7111651885.307740 5279945788.162421 6.553274 4.865386 1002707807.999568
0.045000 0.045093 0.045000 0.045093 0.050000 0.050083 6626710952.183471 5279945788.162421 6.450478 5.139529 1115126904.000397
0.045000 0.045093 0.045000 0.045093 0.055000 0.055083 5961362080.304379 5279945788.162421 6.194945 5.486829 1229480039.999669
0.045000 0.045093 0.045000 0.045093 0.060000 0.060076 5395166311.629319 5279945788.162421 5.205948 5.094768 1334258927.999235
0.045000 0.045093 0.045000 0.045093 0.065000 0.065066 3912122356.612815 5279945788.162421 4.159186 5.613393 1450232424.001124
0.045000 0.045093 0.045000 0.045093 0.070000 0.070064 5839862571.248151 5279945788.162421 6.066800 5.485125 1561561920.001024
0.045000 0.045093 0.045000 0.045093 0.075000 0.075061 2855390842.707859 5279945788.162421 3.327493 6.152917 1672156967.999266
0.045000 0.045093 0.045000 0.045093 0.080000 0.080056 4779596486.861955 5279945788.162421 5.724507 6.323774 1782437327.999458
0.045000 0.045093 0.050000 0.050083 0.050000 0.050083 4096506408.919209 5279945788.162421 4.215590 5.433431 1240133759.998621
0.045000 0.045093 0.050000 0.050083 0.055000 0.055083 4378007264.113610 5279945788.162421 4.814559 5.806434 1367292959.999492
0.045000 0.045093 0.050000 0.050083 0.060000 0.060076 3884638796.654973 5279945788.162421 3.962234 5.385413 1483831752.000332
0.045000 0.045093 0.050000 0.050083 0.065000 0.065066 3601316377.739535 5279945788.162421 4.053263 5.942552 1612797768.000789
0.045000 0.045093 0.050000 0.050083 0.070000 0.070064 4932261797.166711 5279945788.162421 5.422370 5.804602 1736615975.999579
0.045000 0.045093 0.050000 0.050083 0.075000 0.075061 3066446558.788629 5279945788.162421 3.788916 6.523927 1859610888.001521
0.045000 0.045093 0.050000 0.050083 0.080000 0.080056 4368701563.548087 5279945788.162421 5.550638 6.708416 1982214599.999040
0.045000 0.045093 0.055000 0.055083 0.055000 0.055083 3506037790.660811 5279945788.162421 4.125604 6.212987 1507522103.999846
0.045000 0.045093 0.055000 0.055083 0.060000 0.060076 3678808007.512536 5279945788.162421 4.009226 5.754172 1636010016.000891
0.045000 0.045093 0.055000 0.055083 0.065000 0.065066 3665431531.847154 5279945788.162421 4.416340 6.361607 1778181648.000715
0.045000 0.045093 0.055000 0.055083 0.070000 0.070064 3231330563.204121 5279945788.162421 3.801129 6.210988 1914701423.999035
0.045000 0.045093 0.055000 0.055083 0.075000 0.075061 3784980654.416318 5279945788.162421 5.016547 6.997947 2050305455.999490
0.045000 0.045093 0.055000 0.055083 0.080000 0.080056 3419584846.136895 5279945788.162421 4.663384 7.200411 2185496904.001625
0.045000 0.045093 0.060000 0.060076 0.060000 0.060076 4598103075.127099 5279945788.162421 4.648600 5.337931 1775440247.999498
0.045000 0.045093 0.060000 0.060076 0.065000 0.065066 2970516631.449851 5279945788.162421 3.313010 5.888711 1929747072.000894
0.045000 0.045093 0.060000 0.060076 0.070000 0.070064 4192470320.746781 5279945788.162421 4.567586 5.752361 2077887144.002220
0.045000 0.045093 0.060000 0.060076 0.075000 0.075061 4338593396.491780 5279945788.162421 5.310855 6.463160 2225053295.999627
0.045000 0.045093 0.060000 0.060076 0.080000 0.080056 3362082158.802135 5279945788.162421 4.231549 6.645391 2371773576.000548
0.045000 0.045093 0.065000 0.065066 0.065000 0.065066 2026891413.622756 5279945788.162421 2.500970 6.514895 2097451320.001749
0.045000 0.045093 0.065000 0.065066 0.070000 0.070064 2665174344.348602 5279945788.162421 3.210127 6.359545 2258509344.000725
0.045000 0.045093 0.065000 0.065066 0.075000 0.075061 3155069102.609427 5279945788.162421 4.285569 7.171815 2418441624.001610
0.045000 0.045093 0.065000 0.065066 0.080000 0.080056 4396337154.760036 5279945788.162421 6.145800 7.381029 2577924480.000230
0.045000 0.045093 0.070000 0.070064 0.070000 0.070064 1274325154.729085 5279945788.162421 1.498552 6.208989 2431846416.001117
0.045000 0.045093 0.070000 0.070064 0.075000 0.075061 2526948420.989552 5279945788.162421 3.348055 6.995610 2604101543.999574
0.045000 0.045093 0.070000 0.070064 0.080000 0.080056 3821864130.030614 5279945788.162421 5.210227 7.197984 2775842400.000132
0.045000 0.045093 0.075000 0.075061 0.075000 0.075061 1636807666.454070 5279945788.162421 2.455183 7.919825 2788576991.999682
0.045000 0.045093 0.075000 0.075061 0.080000 0.080056 3931118397.729299 5279945788.162421 6.074711 8.159038 2972395799.998914
0.045000 0.045093 0.080000 0.080056 0.080000 0.080056 4638945959.265492 5279945788.162421 7.387400 8.408175 3168415080.003462
0.050000 0.050083 0.050000 0.050083 0.050000 0.050083 1017783178.817260 5279945788.162421 1.108095 5.748456 1379143631.999974
0.050000 0.050083 0.050000 0.050083 0.055000 0.055083 3458062298.134921 5279945788.162421 4.027210 6.148949 1520585112.000145
0.050000 0.050083 0.050000 0.050083 0.060000 0.060076 1981083202.099081 5279945788.162421 2.137548 5.696954 1650153792.000856
0.050000 0.050083 0.050000 0.050083 0.065000 0.065066 5088009341.100884 5279945788.162421 6.066443 6.295289 1793611800.000076
0.050000 0.050083 0.050000 0.050083 0.070000 0.070064 4024425594.666808 5279945788.162421 4.685288 6.146981 1931278272.000050
0.050000 0.050083 0.050000 0.050083 0.075000 0.075061 3014973154.421257 5279945788.162421 3.952324 6.921474 2068074144.000018
0.050000 0.050083 0.050000 0.050083 0.080000 0.080056 4021833767.226327 5279945788.162421 5.423874 7.120573 2204467800.002174
0.050000 0.050083 0.055000 0.055083 0.055000 0.055083 4925229776.963195 5279945788.162421 6.142921 6.585336 1676496000.001406
0.050000 0.050083 0.055000 0.055083 0.060000 0.060076 2960274723.747538 5279945788.162421 3.416073 6.092908 1819397111.999238
0.050000 0.050083 0.055000 0.055083 0.065000 0.065066 3887157836.604684 5279945788.162421 4.965789 6.745056 1977526512.001204
0.050000 0.050083 0.055000 0.055083 0.070000 0.070064 3370138178.794917 5279945788.162421 4.201985 6.583188 2129338416.000452
0.050000 0.050083 0.055000 0.055083 0.075000 0.075061 4100814206.325358 5279945788.162421 5.770789 7.430098 2280162936.000890
0.050000 0.050083 0.055000 0.055083 0.080000 0.080056 2400654117.308095 5279945788.162421 3.477555 7.648459 2430472440.002238
0.050000 0.050083 0.060000 0.060076 0.060000 0.060076 5846333815.557031 5279945788.162421 6.251685 5.646027 1974476567.999642
0.050000 0.050083 0.060000 0.060076 0.065000 0.065066 4575969337.156089 5279945788.162421 5.405903 6.237559 2146071239.999946
0.050000 0.050083 0.060000 0.060076 0.070000 0.070064 4738060285.579270 5279945788.162421 5.465841 6.090962 2310833327.998863
0.050000 0.050083 0.060000 0.060076 0.075000 0.075061 4214231344.047406 5279945788.162421 5.472434 6.856328 2474476440.000278
0.050000 0.050083 0.060000 0.060076 0.080000 0.080056 2723879696.353094 5279945788.162421 3.638587 7.053007 2637648600.001865
0.050000 0.050083 0.065000 0.065066 0.065000 0.065066 4492526162.230418 5279945788.162421 5.879290 6.909772 2332610735.998368
0.050000 0.050083 0.065000 0.065066 0.070000 0.070064 3006302526.036067 5279945788.162421 3.839248 6.742841 2511643799.997970
0.050000 0.050083 0.065000 0.065066 0.075000 0.075061 4124483993.058307 5279945788.162421 5.949985 7.616855 2689550352.001122
0.050000 0.050083 0.065000 0.065066 0.080000 0.080056 3335842105.354758 5279945788.162421 4.954818 7.842449 2866918703.999279
0.050000 0.050083 0.070000 0.070064 0.070000 0.070064 2924317605.019827 5279945788.162421 3.644934 6.581041 2704515551.999695
0.050000 0.050083 0.070000 0.070064 0.075000 0.075061 2763872942.964794 5279945788.162421 3.888091 7.427589 2896025376.000989
0.050000 0.050083 0.070000 0.070064 0.080000 0.080056 3576013571.351451 5279945788.162421 5.178400 7.645853 3086985408.002723
0.050000 0.050083 0.075000 0.075061 0.075000 0.075061 2337610089.221004 5279945788.162421 3.728492 8.421521 3101154552.000441
0.050000 0.050083 0.075000 0.075061 0.080000 0.080056 2515906138.549791 5279945788.162421 4.135690 8.679267 3305620824.001735
0.050000 0.050083 0.080000 0.080056 0.080000 0.080056 2336391214.028031 5279945788.162421 3.959361 8.947651 3523569456.001350
0.055000 0.055083 0.055000 0.055083 0.055000 0.055083 6437654627.397428 5279945788.162421 8.608858 7.060693 1848432480.003626
0.055000 0.055083 0.055000 0.055083 0.060000 0.060076 5752646428.772315 5279945788.162421 7.108479 6.524368 2005971048.004190
0.055000 0.055083 0.055000 0.055083 0.065000 0.065066 3827865545.129346 5279945788.162421 5.245205 7.234946 2180332224.000455
0.055000 0.055083 0.055000 0.055083 0.070000 0.070064 3496562601.916215 5279945788.162421 4.674284 7.058351 2347701096.000091
0.055000 0.055083 0.055000 0.055083 0.075000 0.075061 3260187002.704177 5279945788.162421 4.929828 7.983967 2513959919.999806
0.055000 0.055083 0.055000 0.055083 0.080000 0.080056 4134392179.940614 5279945788.162421 6.439134 8.223283 2679744263.998741
0.055000 0.055083 0.060000 0.060076 0.060000 0.060076 5443755852.470590 5279945788.162421 6.224804 6.037491 2176922063.999735
0.055000 0.055083 0.060000 0.060076 0.065000 0.065066 5465246622.585858 5279945788.162421 6.916768 6.682253 2366144015.999002
0.055000 0.055083 0.060000 0.060076 0.070000 0.070064 5004902690.765613 5279945788.162421 6.182488 6.522245 2547811632.001804
0.055000 0.055083 0.060000 0.060076 0.075000 0.075061 4290804398.505980 5279945788.162421 5.980562 7.359237 2728265424.000482
0.055000 0.055083 0.060000 0.060076 0.080000 0.080056 3604315631.890948 5279945788.162421 5.170992 7.574963 2908124664.000227
0.055000 0.055083 0.065000 0.065066 0.065000 0.065066 3416395898.934011 5279945788.162421 4.797645 7.414628 2571808079.999192
0.055000 0.055083 0.065000 0.065066 0.070000 0.070064 3555738655.043057 5279945788.162421 4.870692 7.232531 2769211176.001243
0.055000 0.055083 0.065000 0.065066 0.075000 0.075061 3815641407.003064 5279945788.162421 5.916915 8.187611 2965355111.996577
0.055000 0.055083 0.065000 0.065066 0.080000 0.080056 3869412012.848119 5279945788.162421 6.181447 8.434797 3160915560.000358
0.055000 0.055083 0.070000 0.070064 0.070000 0.070064 3723944642.889567 5279945788.162421 4.976602 7.056009 2981826912.001310
0.055000 0.055083 0.070000 0.070064 0.075000 0.075061 2909389809.078528 5279945788.162421 4.397870 7.981232 3193030584.002033
0.055000 0.055083 0.070000 0.070064 0.080000 0.080056 3081823117.334058 5279945788.162421 4.798146 8.220443 3403536743.999792
0.055000 0.055083 0.075000 0.075061 0.075000 0.075061 3494285957.134791 5279945788.162421 6.000391 9.066728 3419121191.999508
0.055000 0.055083 0.075000 0.075061 0.080000 0.080056 2153192143.504376 5279945788.162421 3.812536 9.348903 3644625767.998974
0.055000 0.055083 0.080000 0.080056 0.080000 0.080056 1979171811.849808 5279945788.162421 3.614522 9.642659 3884933999.998238
0.060000 0.060076 0.060000 0.060076 0.060000 0.060076 5501066287.107179 5279945788.162421 5.830010 5.595668 2362498775.999985
0.060000 0.060076 0.060000 0.060076 0.065000 0.065066 3294887008.064704 5279945788.162421 3.856848 6.180470 2567827584.001935
0.060000 0.060076 0.060000 0.060076 0.070000 0.070064 4430682730.303304 5279945788.162421 5.064764 6.035567 2764912008.000437
0.060000 0.060076 0.060000 0.060076 0.075000 0.075061 4444685749.514724 5279945788.162421 5.717462 6.791906 2960786448.000425
0.060000 0.060076 0.060000 0.060076 0.080000 0.080056 3371459581.794639 5279945788.162421 4.460966 6.986190 3156024504.003765
0.060000 0.060076 0.065000 0.065066 0.065000 0.065066 3303775705.591460 5279945788.162421 4.283114 6.845081 2790970055.999712
0.060000 0.060076 0.065000 0.065066 0.070000 0.070064 3104262949.054215 5279945788.162421 3.927441 6.680064 3005296944.000773
0.060000 0.060076 0.065000 0.065066 0.075000 0.075061 4046179790.218310 5279945788.162421 5.781087 7.543863 3218097671.998259
0.060000 0.060076 0.065000 0.065066 0.080000 0.080056 4624912187.594878 5279945788.162421 6.803195 7.766743 3430287144.000615
0.060000 0.060076 0.070000 0.070064 0.070000 0.070064 3341045582.209527 5279945788.162421 4.125805 6.520122 3235936128.002283
0.060000 0.060076 0.070000 0.070064 0.075000 0.075061 3676663903.803056 5279945788.162421 5.122840 7.356756 3465141431.998543
0.060000 0.060076 0.070000 0.070064 0.080000 0.080056 4876451575.414212 5279945788.162421 6.993704 7.572387 3693661031.993233
0.060000 0.060076 0.075000 0.075061 0.075000 0.075061 3973358880.832379 5279945788.162421 6.275528 8.339153 3710591832.001023
0.060000 0.060076 0.075000 0.075061 0.080000 0.080056 4112928682.996966 5279945788.162421 6.694350 8.593828 3955231536.002882
0.060000 0.060076 0.080000 0.080056 0.080000 0.080056 3583597485.586570 5279945788.162421 6.012784 8.859023 4216024584.007280
0.065000 0.065066 0.065000 0.065066 0.065000 0.065066 2128570258.577829 5279945788.162421 3.063843 7.599902 3033603576.003914
0.065000 0.065066 0.065000 0.065066 0.070000 0.070064 4404980970.290175 5279945788.162421 6.183838 7.412139 3266442191.994443
0.065000 0.065066 0.065000 0.065066 0.075000 0.075061 3646695613.692422 5279945788.162421 5.799942 8.397569 3497796503.999664
0.065000 0.065066 0.065000 0.065066 0.080000 0.080056 3357741344.505218 5279945788.162421 5.502722 8.652863 3728430192.000861
0.065000 0.065066 0.070000 0.070064 0.070000 0.070064 2941293313.865018 5279945788.162421 4.027673 7.230117 3517243391.996441
0.065000 0.065066 0.070000 0.070064 0.075000 0.075061 3113823272.061870 5279945788.162421 4.826943 8.184792 3766335432.000361
0.065000 0.065066 0.070000 0.070064 0.080000 0.080056 3325591694.306369 5279945788.162421 5.310841 8.431869 4014655751.997015
0.065000 0.065066 0.075000 0.075061 0.075000 0.075061 2611287474.720330 5279945788.162421 4.601740 9.304581 4033074191.997733
0.065000 0.065066 0.075000 0.075061 0.080000 0.080056 2137823713.094909 5279945788.162421 3.885344 9.595931 4299018552.002644
0.065000 0.065066 0.080000 0.080056 0.080000 0.080056 2205754045.352187 5279945788.162421 4.135504 9.899216 4582502208.000594
0.070000 0.070064 0.070000 0.070064 0.070000 0.070064 2137862942.866117 5279945788.162421 2.856048 7.053669 3787218263.999290
0.070000 0.070064 0.070000 0.070064 0.075000 0.075061 3429965101.294362 5279945788.162421 5.183002 7.978498 4055474519.995907
0.070000 0.070064 0.070000 0.070064 0.080000 0.080056 2966227921.518890 5279945788.162421 4.616579 8.217604 4322853096.004193
0.070000 0.070064 0.075000 0.075061 0.075000 0.075061 2955688224.830664 5279945788.162421 5.073724 9.063536 4342661063.998447
0.070000 0.070064 0.075000 0.075061 0.080000 0.080056 3088646711.257724 5279945788.162421 5.466954 9.345588 4629062591.996526
0.070000 0.070064 0.080000 0.080056 0.080000 0.080056 2997395867.609007 5279945788.162421 5.472130 9.639217 4934246664.001754
0.075000 0.075061 0.075000 0.075061 0.075000 0.075061 2345428642.376709 5279945788.162421 4.591070 10.335255 4650291959.997372
0.075000 0.075061 0.075000 0.075061 0.080000 0.080056 3037301533.759840 5279945788.162421 6.136458 10.667418 4956845088.001049
0.075000 0.075061 0.080000 0.080056 0.080000 0.080056 3955833225.322104 5279945788.162421 8.251219 11.013100 5283774911.999436
0.080000 0.080056 0.080000 0.080056 0.080000 0.080056 4506581288.296391 5279945788.162421 9.707027 11.372829 5632068719.998985
