#Data file ../eboss_data/eBOSS_QSO_clustering_data-NGC-vDR16.txt
#Random file ../eboss_data/eBOSS_QSO_clustering_random-NGC-vDR16.txt
#Number of data elements used: 218209
#Number of random elements used: 11099858
#Effective number of data elements weighted by wcol: 231182.982068
#Effective number of randoms elements weighted by wcol: 11758838.413283
#Effective number of data elements weighted by wcol*wsys: 231342.846586
#Effective number of randoms elements weighted by wcol*wsys: 11509642.514889
#Effective redshift value from data 1.538804
#Effective redshift value from randoms 1.538803
#Size of the Box 6700.000000 Mpc/h
#Area of the survey used 2924.000000 deg^2
#Value of alpha: 0.020100
#Normalization using randoms file
#Normalization 1.993729e-05
#Type of Computation: FFT
#Number of grid cells: 512
#Type of Mass Assigment: PCS
#Type of Yamamoto: GridCenter
#Number of Interlacing steps: 2
#Grid Correction: yes
#Value of Om=0.310000
#Computation using multigrid: no
#Shapes of the triangles: all
#k1-centerbin	 k1-eff	 k2-centerbin	 k2-eff	 k3-centerbin	 k3-eff	 Bispectrum-Bshotnoise	 Bsn	 Q-Qsn	 Qsn	 Number of Triangles
0.005000 0.005738 0.005000 0.005738 0.005000 0.005738 -57790878969.734940 4046663765.076549 -10.016565 0.701385 1674330.000000
0.005000 0.005738 0.005000 0.005738 0.010000 0.010373 -30580222447.399796 4046663765.076549 -5.057885 0.669307 2114102.000000
0.005000 0.005738 0.005000 0.005738 0.015000 0.015260 -35906344442.504570 4046663765.076549 -7.100031 0.800177 171386.000000
0.005000 0.005738 0.010000 0.010373 0.010000 0.010373 17791721978.168488 4046663765.076549 2.809586 0.639030 6944343.999997
0.005000 0.005738 0.010000 0.010373 0.015000 0.015260 9606625363.609776 4046663765.076549 1.809797 0.762353 6155654.000000
0.005000 0.005738 0.010000 0.010373 0.020000 0.020197 3759749126.960331 4046663765.076549 0.681449 0.733451 404462.000000
0.005000 0.005738 0.015000 0.015260 0.015000 0.015260 38245655209.583824 4046663765.076549 8.670817 0.917434 15785811.999995
0.005000 0.005738 0.015000 0.015260 0.020000 0.020197 23098099973.854481 4046663765.076549 5.027819 0.880847 12217513.999997
0.005000 0.005738 0.015000 0.015260 0.025000 0.025167 -2865451492.387656 4046663765.076549 -0.661170 0.933721 767509.999999
0.005000 0.005738 0.020000 0.020197 0.020000 0.020197 4972605233.488274 4046663765.076549 1.039735 0.846127 27703132.000001
0.005000 0.005738 0.020000 0.020197 0.025000 0.025167 3775925245.506766 4046663765.076549 0.836326 0.896292 20275357.999994
0.005000 0.005738 0.020000 0.020197 0.030000 0.030137 -19245487966.412750 4046663765.076549 -4.677542 0.983526 1163545.999995
0.005000 0.005738 0.025000 0.025167 0.025000 0.025167 9892605052.228151 4046663765.076549 2.323349 0.950388 43887904.000005
0.005000 0.005738 0.025000 0.025167 0.030000 0.030137 2812334242.248691 4046663765.076549 0.726056 1.044721 30366933.999992
0.005000 0.005738 0.025000 0.025167 0.035000 0.035111 4800264206.032129 4046663765.076549 1.314321 1.107984 1782557.999997
0.005000 0.005738 0.030000 0.030137 0.030000 0.030137 2971930333.958076 4046663765.076549 0.846008 1.151948 62077739.999995
0.005000 0.005738 0.030000 0.030137 0.035000 0.035111 3003391726.235251 4046663765.076549 0.908610 1.224229 42372586.000020
0.005000 0.005738 0.030000 0.030137 0.040000 0.040096 -5118037565.992207 4046663765.076549 -1.694063 1.339440 2352302.000000
0.005000 0.005738 0.035000 0.035111 0.035000 0.035111 -84137287.273428 4046663765.076549 -0.027089 1.302860 85375419.999950
0.005000 0.005738 0.035000 0.035111 0.040000 0.040096 2561462919.833572 4046663765.076549 0.904307 1.428647 56514541.999993
0.005000 0.005738 0.035000 0.035111 0.045000 0.045093 20058882524.142761 4046663765.076549 7.277430 1.468143 3129169.999994
0.005000 0.005738 0.040000 0.040096 0.040000 0.040096 13205563708.820789 4046663765.076549 5.130533 1.572182 110955375.999958
0.005000 0.005738 0.040000 0.040096 0.045000 0.045093 4974090915.273048 4046663765.076549 1.988158 1.617463 72701653.999966
0.005000 0.005738 0.040000 0.040096 0.050000 0.050093 7931074539.101980 4046663765.076549 3.404178 1.736910 3828517.999994
0.005000 0.005738 0.045000 0.045093 0.045000 0.045093 5507379663.353128 4046663765.076549 2.265521 1.664639 142047531.999968
0.005000 0.005738 0.045000 0.045093 0.050000 0.050093 154922725.577179 4046663765.076549 0.068500 1.789245 90915362.000028
0.005000 0.005738 0.045000 0.045093 0.055000 0.055078 6317398441.681751 4046663765.076549 2.804900 1.796703 4879142.000002
0.005000 0.005738 0.050000 0.050093 0.050000 0.050093 4241242141.647432 4046663765.076549 2.020653 1.927950 173739147.999917
0.005000 0.005738 0.050000 0.050093 0.055000 0.055078 4222482099.440391 4046663765.076549 2.020400 1.936274 110880398.000027
0.005000 0.005738 0.050000 0.050093 0.060000 0.060067 15099435326.262768 4046663765.076549 7.862032 2.107033 5961026.000007
0.005000 0.005738 0.055000 0.055078 0.055000 0.055078 15864812130.769367 4046663765.076549 7.623937 1.944650 209624608.000034
0.005000 0.005738 0.055000 0.055078 0.060000 0.060067 10197313916.572493 4046663765.076549 5.333522 2.116535 133018957.999924
0.005000 0.005738 0.055000 0.055078 0.065000 0.065059 15465535543.944946 4046663765.076549 8.180966 2.140606 7004677.999988
0.005000 0.005738 0.060000 0.060067 0.060000 0.060067 9772195149.710718 4046663765.076549 5.583893 2.312289 250361452.000019
0.005000 0.005738 0.060000 0.060067 0.065000 0.065059 3854144474.849247 4046663765.076549 2.228504 2.339821 157223882.000146
0.005000 0.005738 0.060000 0.060067 0.070000 0.070054 12054827816.722471 4046663765.076549 7.378364 2.476830 8267438.000016
0.005000 0.005738 0.065000 0.065059 0.065000 0.065059 10456713878.982166 4046663765.076549 6.118619 2.367856 293270619.999894
0.005000 0.005738 0.065000 0.065059 0.070000 0.070054 5154557734.027868 4046663765.076549 3.193917 2.507433 183411686.000006
0.005000 0.005738 0.065000 0.065059 0.075000 0.075053 4263490228.009653 4046663765.076549 2.683619 2.547139 9497786.000005
0.005000 0.005738 0.070000 0.070054 0.070000 0.070054 15919021390.167992 4046663765.076549 10.464596 2.660132 341261199.999969
0.005000 0.005738 0.070000 0.070054 0.075000 0.075053 2720821238.646439 4046663765.076549 1.817847 2.703674 211746541.999959
0.005000 0.005738 0.070000 0.070054 0.080000 0.080054 2803452953.938305 4046663765.076549 1.957799 2.825998 10918358.000020
0.005000 0.005738 0.075000 0.075053 0.075000 0.075053 10761323042.498018 4046663765.076549 7.308681 2.748340 391620315.999885
0.005000 0.005738 0.075000 0.075053 0.080000 0.080054 348195586.468195 4046663765.076549 0.247284 2.873893 242004841.999777
0.005000 0.005738 0.080000 0.080054 0.080000 0.080054 13141259969.029163 4046663765.076549 9.770666 3.008737 446073483.999970
0.010000 0.010373 0.010000 0.010373 0.010000 0.010373 19326743311.213799 4046663765.076549 2.915526 0.610457 14459639.999999
0.010000 0.010373 0.010000 0.010373 0.015000 0.015260 32748310527.710934 4046663765.076549 5.880489 0.726644 21443719.999999
0.010000 0.010373 0.010000 0.010373 0.020000 0.020197 4689854228.609175 4046663765.076549 0.810636 0.699461 15634399.999999
0.010000 0.010373 0.010000 0.010373 0.025000 0.025167 -21259341453.662571 4046663765.076549 -3.880792 0.738699 919663.999998
0.010000 0.010373 0.015000 0.015260 0.015000 0.015260 -3734740793.954475 4046663765.076549 -0.805568 0.872849 32900543.999997
0.010000 0.010373 0.015000 0.015260 0.020000 0.020197 12652830787.992336 4046663765.076549 2.621465 0.838404 42816517.999991
0.010000 0.010373 0.015000 0.015260 0.025000 0.025167 929205397.301300 4046663765.076549 0.203944 0.888172 29342408.000022
0.010000 0.010373 0.015000 0.015260 0.030000 0.030137 41260123859.377083 4046663765.076549 9.938464 0.974733 1602685.999998
0.010000 0.010373 0.020000 0.020197 0.020000 0.020197 -6581655188.064466 4046663765.076549 -1.310461 0.805724 57702000.000010
0.010000 0.010373 0.020000 0.020197 0.025000 0.025167 6511770752.826641 4046663765.076549 1.372513 0.852932 71377183.999989
0.010000 0.010373 0.020000 0.020197 0.030000 0.030137 -4909082771.598228 4046663765.076549 -1.134118 0.934878 46011502.000023
0.010000 0.010373 0.020000 0.020197 0.035000 0.035111 11830230066.196127 4046663765.076549 2.892959 0.989569 2479973.999997
0.010000 0.010373 0.025000 0.025167 0.025000 0.025167 13305688837.901699 4046663765.076549 2.971929 0.903854 91489968.000042
0.010000 0.010373 0.025000 0.025167 0.030000 0.030137 8262113405.922916 4046663765.076549 2.026400 0.992502 106854167.999976
0.010000 0.010373 0.025000 0.025167 0.035000 0.035111 11680239013.957874 4046663765.076549 3.036034 1.051846 68031695.999964
0.010000 0.010373 0.025000 0.025167 0.040000 0.040096 -7256758630.018870 4046663765.076549 -2.054650 1.145756 3597791.999990
0.010000 0.010373 0.030000 0.030137 0.030000 0.030137 5098186027.627775 4046663765.076549 1.377417 1.093319 129264815.999935
0.010000 0.010373 0.030000 0.030137 0.035000 0.035111 357505182.961392 4046663765.076549 0.102584 1.161170 149032350.000056
0.010000 0.010373 0.030000 0.030137 0.040000 0.040096 906921960.582209 4046663765.076549 0.284434 1.269138 92027272.000029
0.010000 0.010373 0.030000 0.030137 0.045000 0.045093 21267300634.575615 4046663765.076549 6.847382 1.302895 4731566.000004
0.010000 0.010373 0.035000 0.035111 0.035000 0.035111 6609812122.514084 4046663765.076549 2.017262 1.235009 177902376.000028
0.010000 0.010373 0.035000 0.035111 0.040000 0.040096 6762506838.161343 4046663765.076549 2.260953 1.352947 199217479.999901
0.010000 0.010373 0.035000 0.035111 0.045000 0.045093 9225463698.942949 4046663765.076549 3.168727 1.389933 121481726.000017
0.010000 0.010373 0.035000 0.035111 0.050000 0.050093 12082344314.887518 4046663765.076549 4.439794 1.486992 5993317.999977
0.010000 0.010373 0.040000 0.040096 0.040000 0.040096 9970147464.101463 4046663765.076549 3.665169 1.487612 231168504.000091
0.010000 0.010373 0.040000 0.040096 0.045000 0.045093 6095878605.584913 4046663765.076549 2.304857 1.530047 256958023.999961
0.010000 0.010373 0.040000 0.040096 0.050000 0.050093 6737620803.647009 4046663765.076549 2.733697 1.641878 152548615.999954
0.010000 0.010373 0.040000 0.040096 0.055000 0.055078 -8147286536.072864 4046663765.076549 -3.319101 1.648560 7492952.000022
0.010000 0.010373 0.045000 0.045093 0.045000 0.045093 4193250958.897149 4046663765.076549 1.631294 1.574267 296151576.000068
0.010000 0.010373 0.045000 0.045093 0.050000 0.050093 3028632673.699768 4046663765.076549 1.265557 1.690956 321518582.000048
0.010000 0.010373 0.045000 0.045093 0.055000 0.055078 5460159632.655983 4046663765.076549 2.291022 1.697935 190333184.000019
0.010000 0.010373 0.045000 0.045093 0.060000 0.060067 12788741344.468023 4046663765.076549 5.816657 1.840529 9531542.000030
0.010000 0.010373 0.050000 0.050093 0.050000 0.050093 5613165635.512762 4046663765.076549 2.525814 1.820919 362004071.999868
0.010000 0.010373 0.050000 0.050093 0.055000 0.055078 8590548362.751131 4046663765.076549 3.882123 1.828713 390655328.000012
0.010000 0.010373 0.050000 0.050093 0.060000 0.060067 7991933569.949053 4046663765.076549 3.927132 1.988478 230840701.999924
0.010000 0.010373 0.050000 0.050093 0.065000 0.065059 18702608360.690594 4046663765.076549 9.293514 2.010828 11420222.000004
0.010000 0.010373 0.055000 0.055078 0.055000 0.055078 4335861473.550634 4046663765.076549 1.967807 1.836557 436698864.000012
0.010000 0.010373 0.055000 0.055078 0.060000 0.060067 4837681048.469872 4046663765.076549 2.387817 1.997381 468954464.000114
0.010000 0.010373 0.055000 0.055078 0.065000 0.065059 3727921955.782489 4046663765.076549 1.860785 2.019884 273977840.000127
0.010000 0.010373 0.055000 0.055078 0.070000 0.070054 -2237574431.529061 4046663765.076549 -1.178568 2.131446 13418647.999998
0.010000 0.010373 0.060000 0.060067 0.060000 0.060067 4630904761.278549 4046663765.076549 2.495496 2.180661 521719919.999870
0.010000 0.010373 0.060000 0.060067 0.065000 0.065059 3903492533.554947 4046663765.076549 2.128356 2.206419 554652781.999956
0.010000 0.010373 0.060000 0.060067 0.070000 0.070054 3402925334.337253 4046663765.076549 1.963155 2.334529 322540135.999878
0.010000 0.010373 0.060000 0.060067 0.075000 0.075053 17263065073.939251 4046663765.076549 10.114401 2.370934 15600973.999946
0.010000 0.010373 0.065000 0.065059 0.065000 0.065059 2519661852.535061 4046663765.076549 1.390163 2.232650 611052695.999900
0.010000 0.010373 0.065000 0.065059 0.070000 0.070054 6828730971.382187 4046663765.076549 3.987849 2.363175 647513888.000330
0.010000 0.010373 0.065000 0.065059 0.075000 0.075053 6584112261.108683 4046663765.076549 3.905374 2.400284 373248709.999894
0.010000 0.010373 0.065000 0.065059 0.080000 0.080054 -1264300442.427331 4046663765.076549 -0.782412 2.504276 17828701.999990
0.010000 0.010373 0.070000 0.070054 0.070000 0.070054 7122263761.045753 4046663765.076549 4.410705 2.506035 711160583.999904
0.010000 0.010373 0.070000 0.070054 0.075000 0.075053 7447819061.219688 4046663765.076549 4.687251 2.546749 748250575.999847
0.010000 0.010373 0.070000 0.070054 0.080000 0.080054 7299390040.512825 4046663765.076549 4.800063 2.661077 429111775.999870
0.010000 0.010373 0.075000 0.075053 0.075000 0.075053 7869322144.781942 4046663765.076549 5.033751 2.588520 816126240.000457
0.010000 0.010373 0.075000 0.075053 0.080000 0.080054 5554452168.064436 4046663765.076549 3.714095 2.705882 855435133.999955
0.010000 0.010373 0.080000 0.080054 0.080000 0.080054 7421643965.249250 4046663765.076549 5.193886 2.831975 929632199.999927
0.015000 0.015260 0.015000 0.015260 0.015000 0.015260 22082126140.015007 4046663765.076549 5.764899 1.056448 49624920.000004
0.015000 0.015260 0.015000 0.015260 0.020000 0.020197 19087657642.506241 4046663765.076549 4.777934 1.012942 65722680.000078
0.015000 0.015260 0.015000 0.015260 0.025000 0.025167 10221866608.356207 4046663765.076549 2.717600 1.075852 81230053.999959
0.015000 0.015260 0.015000 0.015260 0.030000 0.030137 6853806720.905888 4046663765.076549 2.008807 1.186051 52044393.999993
0.015000 0.015260 0.015000 0.015260 0.035000 0.035111 -21270957213.821739 4046663765.076549 -6.624729 1.260312 2851373.999995
0.015000 0.015260 0.020000 0.020197 0.020000 0.020197 8684333633.428802 4046663765.076549 2.085187 0.971640 87033000.000025
0.015000 0.015260 0.020000 0.020197 0.025000 0.025167 17399207085.985321 4046663765.076549 4.434446 1.031352 109596575.999958
0.015000 0.015260 0.020000 0.020197 0.030000 0.030137 12502030196.115938 4046663765.076549 3.508936 1.135774 127919693.999948
0.015000 0.015260 0.020000 0.020197 0.035000 0.035111 6122926711.427767 4046663765.076549 1.824798 1.206016 80562281.999969
0.015000 0.015260 0.020000 0.020197 0.040000 0.040096 -7478030186.765718 4046663765.076549 -2.435097 1.317729 4172982.000021
0.015000 0.015260 0.025000 0.025167 0.025000 0.025167 8845577529.538044 4046663765.076549 2.395094 1.095705 138001799.999962
0.015000 0.015260 0.025000 0.025167 0.030000 0.030137 8263258529.423086 4046663765.076549 2.467782 1.208517 164036520.000012
0.015000 0.015260 0.025000 0.025167 0.035000 0.035111 10651053662.239664 4046663765.076549 3.381140 1.284599 188897261.999893
0.015000 0.015260 0.025000 0.025167 0.040000 0.040096 8054125271.275536 4046663765.076549 2.798242 1.405931 115475640.000073
0.015000 0.015260 0.025000 0.025167 0.045000 0.045093 10803401350.536457 4046663765.076549 3.854876 1.443933 6044526.000004
0.015000 0.015260 0.030000 0.030137 0.030000 0.030137 9894216553.043758 4046663765.076549 3.267988 1.336584 194993159.999970
0.015000 0.015260 0.030000 0.030137 0.035000 0.035111 8735511208.250870 4046663765.076549 3.072578 1.423350 228744192.000049
0.015000 0.015260 0.030000 0.030137 0.040000 0.040096 5409384852.245491 4046663765.076549 2.088520 1.562384 256034621.999982
0.015000 0.015260 0.030000 0.030137 0.045000 0.045093 5033207735.561907 4046663765.076549 1.997654 1.606100 154588161.999937
0.015000 0.015260 0.030000 0.030137 0.050000 0.050093 11863407572.347670 4046663765.076549 5.045611 1.721082 7566781.999986
0.015000 0.015260 0.035000 0.035111 0.035000 0.035111 7795981194.164787 4046663765.076549 2.923776 1.517646 268344912.000152
0.015000 0.015260 0.035000 0.035111 0.040000 0.040096 6055559645.751808 4046663765.076549 2.497903 1.669239 305888399.999908
0.015000 0.015260 0.035000 0.035111 0.045000 0.045093 8856178490.946785 4046663765.076549 3.757741 1.717029 339681710.000074
0.015000 0.015260 0.035000 0.035111 0.050000 0.050093 13337484000.779476 4046663765.076549 6.074440 1.843017 199227433.999924
0.015000 0.015260 0.035000 0.035111 0.055000 0.055078 16425093597.144508 4046663765.076549 7.511226 1.850547 9782198.000044
0.015000 0.015260 0.040000 0.040096 0.040000 0.040096 11358096449.736862 4046663765.076549 5.169877 1.841924 348685703.999940
0.015000 0.015260 0.040000 0.040096 0.045000 0.045093 6547697875.044878 4046663765.076549 3.068785 1.896596 394669824.000002
0.015000 0.015260 0.040000 0.040096 0.050000 0.050093 10925691094.989845 4046663765.076549 5.511264 2.041265 428073949.999905
0.015000 0.015260 0.040000 0.040096 0.055000 0.055078 3596247343.085563 4046663765.076549 1.821766 2.049936 249612535.999848
0.015000 0.015260 0.040000 0.040096 0.060000 0.060067 7460411785.056458 4046663765.076549 4.106709 2.227554 12215630.000020
0.015000 0.015260 0.045000 0.045093 0.045000 0.045093 7432970393.412357 4046663765.076549 3.588261 1.953524 446714951.999705
0.015000 0.015260 0.045000 0.045093 0.050000 0.050093 5341152268.416159 4046663765.076549 2.777496 2.104339 493886399.999952
0.015000 0.015260 0.045000 0.045093 0.055000 0.055078 6857118166.562147 4046663765.076549 3.581157 2.113386 532241894.000088
0.015000 0.015260 0.045000 0.045093 0.060000 0.060067 3528276837.905987 4046663765.076549 2.004426 2.298924 309680690.000082
0.015000 0.015260 0.045000 0.045093 0.065000 0.065059 -1417225649.342684 4046663765.076549 -0.814225 2.324891 15238381.999962
0.015000 0.015260 0.050000 0.050093 0.050000 0.050093 4714990207.135857 4046663765.076549 2.647186 2.271960 546040056.000449
0.015000 0.015260 0.050000 0.050093 0.055000 0.055078 3980377825.686679 4046663765.076549 2.244659 2.282040 599725056.000164
0.015000 0.015260 0.050000 0.050093 0.060000 0.060067 3582775311.842103 4046663765.076549 2.203994 2.489361 643465382.000278
0.015000 0.015260 0.050000 0.050093 0.065000 0.065059 6144980456.242485 4046663765.076549 3.824373 2.518470 371626226.000146
0.015000 0.015260 0.050000 0.050093 0.070000 0.070054 7031378627.903833 4046663765.076549 4.627412 2.663145 18233342.000025
0.015000 0.015260 0.055000 0.055078 0.055000 0.055078 5790060522.298937 4046663765.076549 3.279709 2.292183 658725120.000156
0.015000 0.015260 0.055000 0.055078 0.060000 0.060067 3975030218.816781 4046663765.076549 2.456579 2.500849 719983248.000415
0.015000 0.015260 0.055000 0.055078 0.065000 0.065059 5135692101.145220 4046663765.076549 3.211060 2.530152 764831582.000274
0.015000 0.015260 0.055000 0.055078 0.070000 0.070054 6190049413.000734 4046663765.076549 4.093105 2.675814 439298576.000062
0.015000 0.015260 0.055000 0.055078 0.075000 0.075053 9796419689.046904 4046663765.076549 6.577925 2.717182 21125366.000041
0.015000 0.015260 0.060000 0.060067 0.060000 0.060067 2260521631.645416 4046663765.076549 1.529503 2.738033 786938976.000016
0.015000 0.015260 0.060000 0.060067 0.065000 0.065059 6062338742.279610 4046663765.076549 4.151967 2.771474 851664695.999970
0.015000 0.015260 0.060000 0.060067 0.070000 0.070054 3179020461.313249 4046663765.076549 2.308215 2.938191 901614133.999760
0.015000 0.015260 0.060000 0.060067 0.075000 0.075053 6405194241.694803 4046663765.076549 4.725845 2.985687 512983562.000057
0.015000 0.015260 0.060000 0.060067 0.080000 0.080054 4991029717.665737 4046663765.076549 3.846901 3.119018 24454166.000069
0.015000 0.015260 0.065000 0.065059 0.065000 0.065059 4364802004.002661 4046663765.076549 3.026080 2.805517 921658992.000020
0.015000 0.015260 0.065000 0.065059 0.070000 0.070054 4489012663.520229 4046663765.076549 3.300544 2.975307 994333416.000772
0.015000 0.015260 0.065000 0.065059 0.075000 0.075053 4243232820.409810 4046663765.076549 3.170579 3.023701 1045184438.000520
0.015000 0.015260 0.065000 0.065059 0.080000 0.080054 2217490091.776352 4046663765.076549 1.731398 3.159601 591180866.000196
0.015000 0.015260 0.070000 0.070054 0.070000 0.070054 5544028670.979414 4046663765.076549 4.330387 3.160810 1072712928.000326
0.015000 0.015260 0.070000 0.070054 0.075000 0.075053 5543070414.324650 4046663765.076549 4.402221 3.213798 1149152712.000154
0.015000 0.015260 0.070000 0.070054 0.080000 0.080054 6629229245.884371 4046663765.076549 5.509060 3.362882 1203177638.000223
0.015000 0.015260 0.075000 0.075053 0.075000 0.075053 5388255280.519079 4046663765.076549 4.351618 3.268133 1231027104.000334
0.015000 0.015260 0.075000 0.075053 0.080000 0.080054 5031461819.773403 4046663765.076549 4.253646 3.421089 1313842343.999706
0.015000 0.015260 0.080000 0.080054 0.080000 0.080054 6803246435.429119 4046663765.076549 6.027416 3.585189 1402221168.000827
0.020000 0.020197 0.020000 0.020197 0.020000 0.020197 -6956652191.940030 4046663765.076549 -1.602956 0.932435 115265424.000057
0.020000 0.020197 0.020000 0.020197 0.025000 0.025167 6566036918.225801 4046663765.076549 1.604902 0.989105 145133760.000054
0.020000 0.020197 0.020000 0.020197 0.030000 0.030137 15612347483.670841 4046663765.076549 4.197720 1.088034 172525367.999870
0.020000 0.020197 0.020000 0.020197 0.035000 0.035111 8530624908.644272 4046663765.076549 2.433667 1.154456 198715542.000045
0.020000 0.020197 0.020000 0.020197 0.040000 0.040096 4256028418.715363 4046663765.076549 1.325074 1.259891 120869837.999953
0.020000 0.020197 0.020000 0.020197 0.045000 0.045093 32980835321.193600 4046663765.076549 10.536408 1.292790 6102269.999996
0.020000 0.020197 0.025000 0.025167 0.025000 0.025167 12081437060.399363 4046663765.076549 3.135371 1.050189 182760983.999882
0.020000 0.020197 0.025000 0.025167 0.030000 0.030137 3090258577.416230 4046663765.076549 0.883622 1.157095 217236263.999913
0.020000 0.020197 0.025000 0.025167 0.035000 0.035111 9914439097.369102 4046663765.076549 3.011248 1.229067 254845775.999921
0.020000 0.020197 0.025000 0.025167 0.040000 0.040096 8816056753.129593 4046663765.076549 2.927235 1.343632 285172128.000013
0.020000 0.020197 0.025000 0.025167 0.045000 0.045093 9639102701.884069 4046663765.076549 3.285861 1.379462 171483173.999992
0.020000 0.020197 0.025000 0.025167 0.050000 0.050093 14308467019.142036 4046663765.076549 5.209274 1.473266 8403126.000003
0.020000 0.020197 0.030000 0.030137 0.030000 0.030137 9833681530.313787 4046663765.076549 3.106844 1.278499 258228623.999736
0.020000 0.020197 0.030000 0.030137 0.035000 0.035111 4485524733.002588 4046663765.076549 1.508180 1.360621 302926439.999833
0.020000 0.020197 0.030000 0.030137 0.040000 0.040096 7858024263.777769 4046663765.076549 2.897230 1.491993 345311184.000062
0.020000 0.020197 0.030000 0.030137 0.045000 0.045093 6430186530.794144 4046663765.076549 2.436338 1.533244 383605542.000000
0.020000 0.020197 0.030000 0.030137 0.050000 0.050093 12894735801.930199 4046663765.076549 5.231024 1.641615 224103754.000037
0.020000 0.020197 0.030000 0.030137 0.055000 0.055078 15791669702.286289 4046663765.076549 6.431434 1.648075 10742125.999995
0.020000 0.020197 0.035000 0.035111 0.035000 0.035111 7358039748.181664 4046663765.076549 2.636339 1.449894 355376496.000064
0.020000 0.020197 0.035000 0.035111 0.040000 0.040096 7866090045.149694 4046663765.076549 3.096912 1.593188 405093839.999962
0.020000 0.020197 0.035000 0.035111 0.045000 0.045093 5804815929.011105 4046663765.076549 2.350099 1.638306 458518511.999980
0.020000 0.020197 0.035000 0.035111 0.050000 0.050093 10980643968.179365 4046663765.076549 4.767944 1.757116 497264414.000128
0.020000 0.020197 0.035000 0.035111 0.055000 0.055078 9684485818.576702 4046663765.076549 4.222114 1.764211 288162181.999944
0.020000 0.020197 0.035000 0.035111 0.060000 0.060067 9411824436.966423 4046663765.076549 4.439745 1.908892 13877209.999948
0.020000 0.020197 0.040000 0.040096 0.040000 0.040096 6062286013.655239 4046663765.076549 2.631406 1.756502 461774159.999875
0.020000 0.020197 0.040000 0.040096 0.045000 0.045093 8233954318.109713 4046663765.076549 3.679132 1.808148 522648432.000065
0.020000 0.020197 0.040000 0.040096 0.050000 0.050093 7882395311.030144 4046663765.076549 3.787986 1.944676 577864680.000153
0.020000 0.020197 0.040000 0.040096 0.055000 0.055078 6754733509.335888 4046663765.076549 3.259722 1.952853 622717568.000075
0.020000 0.020197 0.040000 0.040096 0.060000 0.060067 6089030066.919386 4046663765.076549 3.190265 2.120195 358997389.999945
0.020000 0.020197 0.040000 0.040096 0.065000 0.065059 6613437579.479387 4046663765.076549 3.503213 2.143563 16980253.999966
0.020000 0.020197 0.045000 0.045093 0.045000 0.045093 6980986668.973486 4046663765.076549 3.212063 1.861934 591616752.000408
0.020000 0.020197 0.045000 0.045093 0.050000 0.050093 6014577540.965874 4046663765.076549 2.978988 2.004291 654043368.000132
0.020000 0.020197 0.045000 0.045093 0.055000 0.055078 6536899774.700909 4046663765.076549 3.251476 2.012824 718381440.000017
0.020000 0.020197 0.045000 0.045093 0.060000 0.060067 7528713195.051661 4046663765.076549 4.070108 2.187672 770345677.999891
0.020000 0.020197 0.045000 0.045093 0.065000 0.065059 3743720586.508121 4046663765.076549 2.046515 2.212119 440680141.999452
0.020000 0.020197 0.045000 0.045093 0.070000 0.070054 3453980076.493607 4046663765.076549 1.991521 2.333255 21175670.000104
0.020000 0.020197 0.050000 0.050093 0.050000 0.050093 1741355454.136339 4046663765.076549 0.930600 2.162583 723108191.999988
0.020000 0.020197 0.050000 0.050093 0.055000 0.055078 4146920987.065256 4046663765.076549 2.225910 2.172096 794254127.999867
0.020000 0.020197 0.050000 0.050093 0.060000 0.060067 5601520480.704887 4046663765.076549 3.277292 2.367589 868104911.999801
0.020000 0.020197 0.050000 0.050093 0.065000 0.065059 5807187004.236490 4046663765.076549 3.436976 2.395013 922184869.999257
0.020000 0.020197 0.050000 0.050093 0.070000 0.070054 4791002348.534456 4046663765.076549 2.996814 2.531224 526714070.000161
0.020000 0.020197 0.050000 0.050093 0.075000 0.075053 5151345040.981771 4046663765.076549 3.271414 2.569875 24983521.999943
0.020000 0.020197 0.055000 0.055078 0.055000 0.055078 6326895872.051125 4046663765.076549 3.411004 2.181668 872326751.999842
0.020000 0.020197 0.055000 0.055078 0.060000 0.060067 4281459079.838683 4046663765.076549 2.516437 2.378435 953473536.000620
0.020000 0.020197 0.055000 0.055078 0.065000 0.065059 4724499379.114376 4046663765.076549 2.809067 2.406043 1031881944.000358
0.020000 0.020197 0.055000 0.055078 0.070000 0.070054 6680687681.624325 4046663765.076549 4.198583 2.543189 1092501248.000016
0.020000 0.020197 0.055000 0.055078 0.075000 0.075053 3881000268.409003 4046663765.076549 2.476404 2.582112 617599981.999931
0.020000 0.020197 0.055000 0.055078 0.080000 0.080054 5461241041.596966 4046663765.076549 3.631715 2.691023 28793005.999855
0.020000 0.020197 0.060000 0.060067 0.060000 0.060067 5635618963.733906 4046663765.076549 3.624009 2.602224 1042192992.000839
0.020000 0.020197 0.060000 0.060067 0.065000 0.065059 4895840252.278334 4046663765.076549 3.186434 2.633752 1127839271.999779
0.020000 0.020197 0.060000 0.060067 0.070000 0.070054 6524527762.741949 4046663765.076549 4.499733 2.790839 1216760376.000284
0.020000 0.020197 0.060000 0.060067 0.075000 0.075053 5107258093.569668 4046663765.076549 3.578740 2.835564 1278846301.998657
0.020000 0.020197 0.060000 0.060067 0.080000 0.080054 3447178657.822988 4046663765.076549 2.522391 2.961050 718204634.000194
0.020000 0.020197 0.065000 0.065059 0.065000 0.065059 1866553701.263116 4046663765.076549 1.229643 2.665850 1220596728.000248
0.020000 0.020197 0.065000 0.065059 0.070000 0.070054 4787877087.973839 4046663765.076549 3.343448 2.825847 1316806247.999099
0.020000 0.020197 0.065000 0.065059 0.075000 0.075053 3785923915.260209 4046663765.076549 2.686406 2.871422 1410634704.000750
0.020000 0.020197 0.065000 0.065059 0.080000 0.080054 4425990540.871279 4046663765.076549 3.280493 2.999340 1476856598.000719
0.020000 0.020197 0.070000 0.070054 0.070000 0.070054 5700938354.884592 4046663765.076549 4.227416 3.000722 1420594415.999860
0.020000 0.020197 0.070000 0.070054 0.075000 0.075053 4434410168.581017 4046663765.076549 3.342956 3.050647 1521821832.000461
0.020000 0.020197 0.070000 0.070054 0.080000 0.080054 5222857613.999613 4046663765.076549 4.118545 3.191044 1624214688.000283
0.020000 0.020197 0.075000 0.075053 0.075000 0.075053 5514680269.909271 4046663765.076549 4.227110 3.101846 1630291536.000516
0.020000 0.020197 0.075000 0.075053 0.080000 0.080054 4550848122.274700 4046663765.076549 3.650324 3.245908 1739914295.999806
0.020000 0.020197 0.080000 0.080054 0.080000 0.080054 4128394689.432559 4046663765.076549 3.469198 3.400517 1857019919.999020
0.025000 0.025167 0.025000 0.025167 0.025000 0.025167 1858726954.732657 4046663765.076549 0.512612 1.116016 230107920.000025
0.025000 0.025167 0.025000 0.025167 0.030000 0.030137 8140397758.493109 4046663765.076549 2.477323 1.231499 273551183.999941
0.025000 0.025167 0.025000 0.025167 0.035000 0.035111 5863491403.520010 4046663765.076549 1.897345 1.309444 320910359.999862
0.025000 0.025167 0.025000 0.025167 0.040000 0.040096 7361786259.577269 4046663765.076549 2.608492 1.433849 365803056.000104
0.025000 0.025167 0.025000 0.025167 0.045000 0.045093 12777990437.732052 4046663765.076549 4.650728 1.472840 406135512.000139
0.025000 0.025167 0.025000 0.025167 0.050000 0.050093 11027686704.877777 4046663765.076549 4.292379 1.575109 237520080.000192
0.025000 0.025167 0.025000 0.025167 0.055000 0.055078 3945853290.595477 4046663765.076549 1.541807 1.581198 11820480.000001
0.025000 0.025167 0.030000 0.030137 0.030000 0.030137 10312708043.255024 4046663765.076549 3.472462 1.362580 325145207.999918
0.025000 0.025167 0.030000 0.030137 0.035000 0.035111 7583746370.333599 4046663765.076549 2.720126 1.451451 381458256.000050
0.025000 0.025167 0.030000 0.030137 0.040000 0.040096 5783970871.241846 4046663765.076549 2.278282 1.593964 434807376.000026
0.025000 0.025167 0.030000 0.030137 0.045000 0.045093 7226715104.732073 4046663765.076549 2.926645 1.638801 492166583.999932
0.025000 0.025167 0.030000 0.030137 0.050000 0.050093 10715813548.700382 4046663765.076549 4.652098 1.756794 533814294.000058
0.025000 0.025167 0.030000 0.030137 0.055000 0.055078 5198311789.411459 4046663765.076549 2.265809 1.763836 309728008.000057
0.025000 0.025167 0.030000 0.030137 0.060000 0.060067 8107004454.857702 4046663765.076549 3.821163 1.907358 15092317.999963
0.025000 0.025167 0.035000 0.035111 0.035000 0.035111 8549058847.867891 4046663765.076549 3.270383 1.548023 447480671.999954
0.025000 0.025167 0.035000 0.035111 0.040000 0.040096 1420124008.497850 4046663765.076549 0.597780 1.703384 510091223.999995
0.025000 0.025167 0.035000 0.035111 0.045000 0.045093 5286626725.022064 4046663765.076549 2.289350 1.752390 577343807.999947
0.025000 0.025167 0.035000 0.035111 0.050000 0.050093 7031973151.566095 4046663765.076549 3.269778 1.881647 638326296.000478
0.025000 0.025167 0.035000 0.035111 0.055000 0.055078 8057212333.263275 4046663765.076549 3.761888 1.889375 687621463.999731
0.025000 0.025167 0.035000 0.035111 0.060000 0.060067 6696550312.582169 4046663765.076549 3.387778 2.047203 396000709.999947
0.025000 0.025167 0.035000 0.035111 0.065000 0.065059 -2119489484.771178 4046663765.076549 -1.083765 2.069194 19116613.999966
0.025000 0.025167 0.040000 0.040096 0.040000 0.040096 992036307.982840 4046663765.076549 0.460960 1.880325 581436936.000171
0.025000 0.025167 0.040000 0.040096 0.045000 0.045093 6589495736.414640 4046663765.076549 3.153146 1.936373 658164360.000311
0.025000 0.025167 0.040000 0.040096 0.050000 0.050093 5204346819.678703 4046663765.076549 2.681159 2.084748 727626503.999688
0.025000 0.025167 0.040000 0.040096 0.055000 0.055078 8416210382.379080 4046663765.076549 4.354339 2.093644 799188000.000008
0.025000 0.025167 0.040000 0.040096 0.060000 0.060067 7752363715.509613 4046663765.076549 4.360134 2.275951 856749247.999814
0.025000 0.025167 0.040000 0.040096 0.065000 0.065059 6309480024.974749 4046663765.076549 3.588371 2.301446 488092856.000091
0.025000 0.025167 0.040000 0.040096 0.070000 0.070054 11407415708.206861 4046663765.076549 6.843884 2.427798 23384911.999841
0.025000 0.025167 0.045000 0.045093 0.045000 0.045093 2246337135.171882 4046663765.076549 1.107291 1.994729 744906599.999965
0.025000 0.025167 0.045000 0.045093 0.050000 0.050093 6963585180.653168 4046663765.076549 3.698723 2.149394 823608143.999965
0.025000 0.025167 0.045000 0.045093 0.055000 0.055078 7107108018.738035 4046663765.076549 3.791256 2.158675 904569887.999231
0.025000 0.025167 0.045000 0.045093 0.060000 0.060067 4153042733.263640 4046663765.076549 2.410842 2.349089 988728480.000371
0.025000 0.025167 0.045000 0.045093 0.065000 0.065059 6812115472.290140 4046663765.076549 3.999316 2.375751 1049453581.999885
0.025000 0.025167 0.045000 0.045093 0.070000 0.070054 8203588249.525309 4046663765.076549 5.084320 2.507992 596772920.000047
0.025000 0.025167 0.045000 0.045093 0.075000 0.075053 7717397044.772701 4046663765.076549 4.854453 2.545462 28723982.000066
0.025000 0.025167 0.050000 0.050093 0.050000 0.050093 7433654730.579468 4046663765.076549 4.264120 2.321262 910533431.999131
0.025000 0.025167 0.050000 0.050093 0.055000 0.055078 5816151144.357201 4046663765.076549 3.351140 2.331600 1000101167.999573
0.025000 0.025167 0.050000 0.050093 0.060000 0.060067 5779528832.604029 4046663765.076549 3.633844 2.544315 1093109592.000116
0.025000 0.025167 0.050000 0.050093 0.065000 0.065059 6246716562.728409 4046663765.076549 3.973707 2.574193 1182999143.999984
0.025000 0.025167 0.050000 0.050093 0.070000 0.070054 8321668585.761965 4046663765.076549 5.599106 2.722735 1252147688.000034
0.025000 0.025167 0.050000 0.050093 0.075000 0.075053 4403915023.310680 4046663765.076549 3.009024 2.764928 707540845.999948
0.025000 0.025167 0.050000 0.050093 0.080000 0.080054 6659653613.295910 4046663765.076549 4.744719 2.883075 33724477.999998
0.025000 0.025167 0.055000 0.055078 0.055000 0.055078 8788867774.049013 4046663765.076549 5.086550 2.342003 1098434640.000706
0.025000 0.025167 0.055000 0.055078 0.060000 0.060067 4102436434.792702 4046663765.076549 2.591324 2.556095 1200639575.999572
0.025000 0.025167 0.055000 0.055078 0.065000 0.065059 5011262166.156746 4046663765.076549 3.202634 2.586172 1299350207.999923
0.025000 0.025167 0.055000 0.055078 0.070000 0.070054 6395697892.599869 4046663765.076549 4.323775 2.735724 1401734903.999757
0.025000 0.025167 0.055000 0.055078 0.075000 0.075053 5721267518.777376 4046663765.076549 3.927898 2.778210 1472995471.999675
0.025000 0.025167 0.055000 0.055078 0.080000 0.080054 6260175890.876905 4046663765.076549 4.481950 2.897194 826200943.999721
0.025000 0.025167 0.060000 0.060067 0.060000 0.060067 3764784805.231086 4046663765.076549 2.604388 2.799386 1312266864.000690
0.025000 0.025167 0.060000 0.060067 0.065000 0.065059 5311380648.948351 4046663765.076549 3.719325 2.833699 1420204248.000092
0.025000 0.025167 0.060000 0.060067 0.070000 0.070054 4859110754.189342 4046663765.076549 3.608089 3.004814 1532142288.000837
0.025000 0.025167 0.060000 0.060067 0.075000 0.075053 4605536194.902691 4046663765.076549 3.475297 3.053576 1641309144.000699
0.025000 0.025167 0.060000 0.060067 0.080000 0.080054 3871405582.466295 4046663765.076549 3.052317 3.190495 1717701374.000345
0.025000 0.025167 0.065000 0.065059 0.065000 0.065059 4919094668.520630 4046663765.076549 3.487086 2.868630 1536936023.999586
0.025000 0.025167 0.065000 0.065059 0.070000 0.070054 4283790551.684790 4046663765.076549 3.221200 3.042892 1658120736.000083
0.025000 0.025167 0.065000 0.065059 0.075000 0.075053 4174544631.748606 4046663765.076549 3.190304 3.092573 1776244440.002578
0.025000 0.025167 0.065000 0.065059 0.080000 0.080054 5316444504.184763 4046663765.076549 4.246314 3.232124 1895759352.000235
0.025000 0.025167 0.070000 0.070054 0.070000 0.070054 6709423217.307531 4046663765.076549 5.360765 3.233246 1788815232.000153
0.025000 0.025167 0.070000 0.070054 0.075000 0.075053 5640302364.778713 4046663765.076549 4.582354 3.287634 1916308007.998491
0.025000 0.025167 0.070000 0.070054 0.080000 0.080054 4021794446.549411 4046663765.076549 3.419543 3.440688 2045192496.001320
0.025000 0.025167 0.075000 0.075053 0.075000 0.075053 7119094932.714975 4046663765.076549 5.881880 3.343401 2052811008.001418
0.025000 0.025167 0.075000 0.075053 0.080000 0.080054 4855715981.593660 4046663765.076549 4.200263 3.500422 2190946799.999899
0.025000 0.025167 0.080000 0.080054 0.080000 0.080054 3332103340.882600 4046663765.076549 3.021012 3.668859 2338292520.001567
0.030000 0.030137 0.030000 0.030137 0.030000 0.030137 -817454796.516656 4046663765.076549 -0.305287 1.511269 386514911.999936
0.030000 0.030137 0.030000 0.030137 0.035000 0.035111 6800421889.255684 4046663765.076549 2.709792 1.612490 453424512.000095
0.030000 0.030137 0.030000 0.030137 0.040000 0.040096 1436936091.081875 4046663765.076549 0.630467 1.775506 516845832.000041
0.030000 0.030137 0.030000 0.030137 0.045000 0.045093 5610080482.769064 4046663765.076549 2.532818 1.826972 585014303.999967
0.030000 0.030137 0.030000 0.030137 0.050000 0.050093 2090059738.764319 4046663765.076549 1.013777 1.962822 646797407.999978
0.030000 0.030137 0.030000 0.030137 0.055000 0.055078 7591723596.190022 4046663765.076549 3.697588 1.970948 697201613.999985
0.030000 0.030137 0.030000 0.030137 0.060000 0.060067 9309237746.656391 4046663765.076549 4.916207 2.137042 401575898.000086
0.030000 0.030137 0.030000 0.030137 0.065000 0.065059 4823816678.675066 4046663765.076549 2.575064 2.160202 18893045.999982
0.030000 0.030137 0.035000 0.035111 0.035000 0.035111 6495230245.002691 4046663765.076549 2.764631 1.722423 531889368.000467
0.030000 0.030137 0.035000 0.035111 0.040000 0.040096 5708263928.282928 4046663765.076549 2.680142 1.899988 606351215.999830
0.030000 0.030137 0.035000 0.035111 0.045000 0.045093 5204811541.674679 4046663765.076549 2.516036 1.956181 686294808.000208
0.030000 0.030137 0.035000 0.035111 0.050000 0.050093 3953438365.880373 4046663765.076549 2.056328 2.104817 758754552.000046
0.030000 0.030137 0.035000 0.035111 0.055000 0.055078 6439315189.507164 4046663765.076549 3.363494 2.113723 833374056.000262
0.030000 0.030137 0.035000 0.035111 0.060000 0.060067 4893528300.534313 4046663765.076549 2.776611 2.296096 893554525.999798
0.030000 0.030137 0.035000 0.035111 0.065000 0.065059 4718980069.325384 4046663765.076549 2.707289 2.321580 507983170.000338
0.030000 0.030137 0.035000 0.035111 0.070000 0.070054 7889831946.187489 4046663765.076549 4.772495 2.447794 23909621.999940
0.030000 0.030137 0.040000 0.040096 0.040000 0.040096 5155406926.499416 4046663765.076549 2.677937 2.102009 691164312.000161
0.030000 0.030137 0.040000 0.040096 0.045000 0.045093 2596659743.247831 4046663765.076549 1.389998 2.166188 782307120.000075
0.030000 0.030137 0.040000 0.040096 0.050000 0.050093 6968481644.395725 4046663765.076549 4.023572 2.336527 864924816.000302
0.030000 0.030137 0.040000 0.040096 0.055000 0.055078 3641637051.479692 4046663765.076549 2.111875 2.346759 949967880.000000
0.030000 0.030137 0.040000 0.040096 0.060000 0.060067 5520942163.767649 4046663765.076549 3.488527 2.556973 1038332688.000051
0.030000 0.030137 0.040000 0.040096 0.065000 0.065059 6390519745.317501 4046663765.076549 4.084537 2.586448 1102417334.000985
0.030000 0.030137 0.040000 0.040096 0.070000 0.070054 8633629607.047470 4046663765.076549 5.830483 2.732802 623614263.999823
0.030000 0.030137 0.040000 0.040096 0.075000 0.075053 7273762264.338181 4046663765.076549 4.986756 2.774317 28829885.999881
0.030000 0.030137 0.045000 0.045093 0.045000 0.045093 3557393327.272012 4046663765.076549 1.963003 2.232987 885484416.000633
0.030000 0.030137 0.045000 0.045093 0.050000 0.050093 4875651706.809917 4046663765.076549 2.904269 2.410467 978961968.000067
0.030000 0.030137 0.045000 0.045093 0.055000 0.055078 5426406500.612679 4046663765.076549 3.246645 2.421138 1075272959.999979
0.030000 0.030137 0.045000 0.045093 0.060000 0.060067 5801588196.811810 4046663765.076549 3.785712 2.640571 1175267688.000288
0.030000 0.030137 0.045000 0.045093 0.065000 0.065059 6220877763.619709 4046663765.076549 4.106663 2.671373 1271895024.000432
0.030000 0.030137 0.045000 0.045093 0.070000 0.070054 4374311619.124178 4046663765.076549 3.053126 2.824439 1345892366.000089
0.030000 0.030137 0.045000 0.045093 0.075000 0.075053 5802515324.416933 4046663765.076549 4.112278 2.867895 756328234.000337
0.030000 0.030137 0.045000 0.045093 0.080000 0.080054 6476624843.137701 4046663765.076549 4.784699 2.989531 35253078.000066
0.030000 0.030137 0.050000 0.050093 0.050000 0.050093 5611578590.039888 4046663765.076549 3.615852 2.607490 1082356680.000057
0.030000 0.030137 0.050000 0.050093 0.055000 0.055078 6419246258.483248 4046663765.076549 4.155109 2.619362 1188781559.999632
0.030000 0.030137 0.050000 0.050093 0.060000 0.060067 6179759815.110277 4046663765.076549 4.373927 2.864159 1299376919.999839
0.030000 0.030137 0.050000 0.050093 0.065000 0.065059 3306515105.611955 4046663765.076549 2.368455 2.898623 1406190647.999435
0.030000 0.030137 0.050000 0.050093 0.070000 0.070054 3731713056.595079 4046663765.076549 2.831301 3.070258 1517039472.000941
0.030000 0.030137 0.050000 0.050093 0.075000 0.075053 6146770535.315630 4046663765.076549 4.737827 3.119100 1594565774.000245
0.030000 0.030137 0.050000 0.050093 0.080000 0.080054 4290696662.012336 4046663765.076549 3.452433 3.256077 893023858.000922
0.030000 0.030137 0.055000 0.055078 0.055000 0.055078 7068047895.073902 4046663765.076549 4.595937 2.631308 1305718055.998749
0.030000 0.030137 0.055000 0.055078 0.060000 0.060067 4029018305.571211 4046663765.076549 2.865122 2.877670 1427130551.999443
0.030000 0.030137 0.055000 0.055078 0.065000 0.065059 3764745189.638044 4046663765.076549 2.709466 2.912361 1544492927.999856
0.030000 0.030137 0.055000 0.055078 0.070000 0.070054 5002151246.262453 4046663765.076549 3.813604 3.085148 1666239911.999967
0.030000 0.030137 0.055000 0.055078 0.075000 0.075053 5689501615.827929 4046663765.076549 4.406776 3.134324 1784974872.000367
0.030000 0.030137 0.055000 0.055078 0.080000 0.080054 6443676316.014416 4046663765.076549 5.210552 3.272255 1868681246.000250
0.030000 0.030137 0.060000 0.060067 0.060000 0.060067 1828616404.383027 4046663765.076549 1.426711 3.157262 1559906351.999557
0.030000 0.030137 0.060000 0.060067 0.065000 0.065059 5383638068.594267 4046663765.076549 4.252958 3.196777 1688148815.999921
0.030000 0.030137 0.060000 0.060067 0.070000 0.070054 3158194504.246867 4046663765.076549 2.648928 3.394130 1821217295.999736
0.030000 0.030137 0.060000 0.060067 0.075000 0.075053 3803314059.340413 4046663765.076549 3.242965 3.450461 1950989208.000487
0.030000 0.030137 0.060000 0.060067 0.080000 0.080054 3714909941.890833 4046663765.076549 3.312991 3.608852 2082223463.998946
0.030000 0.030137 0.065000 0.065059 0.065000 0.065059 4268986903.939929 4046663765.076549 3.414835 3.236995 1826957712.001085
0.030000 0.030137 0.065000 0.065059 0.070000 0.070054 4324899502.628263 4046663765.076549 3.674316 3.437934 1970950535.998739
0.030000 0.030137 0.065000 0.065059 0.075000 0.075053 4933662692.683464 4046663765.076549 4.261461 3.495314 2111404560.000196
0.030000 0.030137 0.065000 0.065059 0.080000 0.080054 3961562901.923724 4046663765.076549 3.579806 3.656706 2253458639.999443
0.030000 0.030137 0.070000 0.070054 0.070000 0.070054 6030911031.329746 4046663765.076549 5.450503 3.657218 2126354064.001396
0.030000 0.030137 0.070000 0.070054 0.075000 0.075053 5011296273.006233 4046663765.076549 4.606720 3.719965 2277825359.999491
0.030000 0.030137 0.070000 0.070054 0.080000 0.080054 4632860666.025154 4046663765.076549 4.461247 3.896765 2431064712.000402
0.030000 0.030137 0.075000 0.075053 0.075000 0.075053 3048655084.955401 4046663765.076549 2.850986 3.784286 2440164455.999918
0.030000 0.030137 0.075000 0.075053 0.080000 0.080054 4352807907.061005 4046663765.076549 4.265623 3.965611 2604297983.999668
0.030000 0.030137 0.080000 0.080054 0.080000 0.080054 4061024300.896171 4046663765.076549 4.174733 4.159970 2779506600.000395
0.035000 0.035111 0.035000 0.035111 0.035000 0.035111 10449188903.062059 4046663765.076549 4.755806 1.841784 624006959.999704
0.035000 0.035111 0.035000 0.035111 0.040000 0.040096 3385326980.806248 4046663765.076549 1.702516 2.035109 711310800.000087
0.035000 0.035111 0.035000 0.035111 0.045000 0.045093 4745199659.317474 4046663765.076549 2.458312 2.096427 805107551.999903
0.035000 0.035111 0.035000 0.035111 0.050000 0.050093 3690864727.650296 4046663765.076549 2.060322 2.258937 890106407.999965
0.035000 0.035111 0.035000 0.035111 0.055000 0.055078 5544113112.359934 4046663765.076549 3.108207 2.268689 977665535.999544
0.035000 0.035111 0.035000 0.035111 0.060000 0.060067 3266976077.911862 4046663765.076549 1.993088 2.468753 1068586392.000003
0.035000 0.035111 0.035000 0.035111 0.065000 0.065059 2338882980.755090 4046663765.076549 1.443075 2.496764 1133937221.999055
0.035000 0.035111 0.035000 0.035111 0.070000 0.070054 6599258888.435806 4046663765.076549 4.298276 2.635702 640016309.999800
0.035000 0.035111 0.035000 0.035111 0.075000 0.075053 -387631850.005191 4046663765.076549 -0.256246 2.675068 29831274.000003
0.035000 0.035111 0.040000 0.040096 0.040000 0.040096 5084045037.433199 4046663765.076549 2.833003 2.254938 810801359.999978
0.035000 0.035111 0.040000 0.040096 0.045000 0.045093 3121693433.656703 4046663765.076549 1.793496 2.324916 917748168.000618
0.035000 0.035111 0.040000 0.040096 0.050000 0.050093 7046665696.029081 4046663765.076549 4.372488 2.510973 1014654480.000857
0.035000 0.035111 0.040000 0.040096 0.055000 0.055078 5333721180.075689 4046663765.076549 3.324351 2.522166 1114424855.999201
0.035000 0.035111 0.040000 0.040096 0.060000 0.060067 5792690550.644522 4046663765.076549 3.940097 2.752477 1218094464.000115
0.035000 0.035111 0.040000 0.040096 0.065000 0.065059 5043010707.561892 4046663765.076549 3.470494 2.784829 1318242215.999865
0.035000 0.035111 0.040000 0.040096 0.070000 0.070054 3435567482.376339 4046663765.076549 2.500848 2.945683 1394351231.999993
0.035000 0.035111 0.040000 0.040096 0.075000 0.075053 4977005760.668968 4046663765.076549 3.679103 2.991375 779353902.000283
0.035000 0.035111 0.040000 0.040096 0.080000 0.080054 5085743487.993816 4046663765.076549 3.920296 3.119331 35785133.999760
0.035000 0.035111 0.045000 0.045093 0.045000 0.045093 4482795922.919901 4046663765.076549 2.656152 2.397734 1038780744.000194
0.035000 0.035111 0.045000 0.045093 0.050000 0.050093 6395071837.838882 4046663765.076549 4.095498 2.591543 1148461055.999533
0.035000 0.035111 0.045000 0.045093 0.055000 0.055078 3246181403.947208 4046663765.076549 2.088262 2.603211 1261411272.000641
0.035000 0.035111 0.045000 0.045093 0.060000 0.060067 5276774405.164806 4046663765.076549 3.707920 2.843538 1378722072.000015
0.035000 0.035111 0.045000 0.045093 0.065000 0.065059 5184469719.051323 4046663765.076549 3.686356 2.877332 1492096007.999490
0.035000 0.035111 0.045000 0.045093 0.070000 0.070054 5816467948.905573 4046663765.076549 4.377427 3.045487 1609704600.000276
0.035000 0.035111 0.045000 0.045093 0.075000 0.075053 5668593379.465780 4046663765.076549 4.333105 3.093293 1690347005.999058
0.035000 0.035111 0.045000 0.045093 0.080000 0.080054 6399897543.854258 4046663765.076549 5.103991 3.227260 941333154.000552
0.035000 0.035111 0.050000 0.050093 0.050000 0.050093 5960414410.334726 4046663765.076549 4.133849 2.806566 1269716447.999648
0.035000 0.035111 0.050000 0.050093 0.055000 0.055078 4508895096.913031 4046663765.076549 3.141601 2.819539 1394591808.000230
0.035000 0.035111 0.050000 0.050093 0.060000 0.060067 5689389196.431982 4046663765.076549 4.340747 3.087422 1524312623.999741
0.035000 0.035111 0.050000 0.050093 0.065000 0.065059 5067658538.335541 4046663765.076549 3.913701 3.125197 1649646384.000171
0.035000 0.035111 0.050000 0.050093 0.070000 0.070054 4460120015.947794 4046663765.076549 3.652102 3.313550 1779665424.001392
0.035000 0.035111 0.050000 0.050093 0.075000 0.075053 3837751006.445004 4046663765.076549 3.193382 3.367217 1906494047.998940
0.035000 0.035111 0.050000 0.050093 0.080000 0.080054 5337499758.987257 4046663765.076549 4.640054 3.517890 1995116646.000654
0.035000 0.035111 0.055000 0.055078 0.055000 0.055078 6366284691.782484 4046663765.076549 4.456284 2.832591 1531750968.000526
0.035000 0.035111 0.055000 0.055078 0.060000 0.060067 3381622534.602370 4046663765.076549 2.592355 3.102176 1674220655.999750
0.035000 0.035111 0.055000 0.055078 0.065000 0.065059 4052739715.223368 4046663765.076549 3.144913 3.140198 1811853048.000394
0.035000 0.035111 0.055000 0.055078 0.070000 0.070054 5104692278.987005 4046663765.076549 4.200402 3.329802 1954708440.000424
0.035000 0.035111 0.055000 0.055078 0.075000 0.075053 4126965145.030671 4046663765.076549 3.450982 3.383833 2093979311.999345
0.035000 0.035111 0.055000 0.055078 0.080000 0.080054 6220790257.966091 4046663765.076549 5.435066 3.535545 2234846328.002194
0.035000 0.035111 0.060000 0.060067 0.060000 0.060067 3939674163.119894 4046663765.076549 3.317778 3.407878 1829938703.999519
0.035000 0.035111 0.060000 0.060067 0.065000 0.065059 4386665969.006247 4046663765.076549 3.741113 3.451146 1980396048.001447
0.035000 0.035111 0.060000 0.060067 0.070000 0.070054 2014344182.253845 4046663765.076549 1.825590 3.667471 2136517727.999906
0.035000 0.035111 0.060000 0.060067 0.075000 0.075053 5444565093.057577 4046663765.076549 5.017556 3.729290 2288754431.999950
0.035000 0.035111 0.060000 0.060067 0.080000 0.080054 3790772663.006992 4046663765.076549 3.656452 3.903276 2442705576.001218
0.035000 0.035111 0.065000 0.065059 0.065000 0.065059 5948669913.860132 4046663765.076549 5.137976 3.495178 2143217808.000031
0.035000 0.035111 0.065000 0.065059 0.070000 0.070054 3915446197.466754 4046663765.076549 3.594930 3.715406 2312177928.000221
0.035000 0.035111 0.065000 0.065059 0.075000 0.075053 5761451778.907406 4046663765.076549 5.379459 3.778364 2476948656.000038
0.035000 0.035111 0.065000 0.065059 0.080000 0.080054 3046554358.041765 4046663765.076549 2.978010 3.955618 2643545063.997875
0.035000 0.035111 0.070000 0.070054 0.070000 0.070054 4811618095.053581 4046663765.076549 4.703334 3.955595 2494423080.000231
0.035000 0.035111 0.070000 0.070054 0.075000 0.075053 4855681072.335068 4046663765.076549 4.828961 4.024396 2672178696.001245
0.035000 0.035111 0.070000 0.070054 0.080000 0.080054 4578088475.743397 4046663765.076549 4.772406 4.218425 2851930127.998182
0.035000 0.035111 0.075000 0.075053 0.075000 0.075053 3629594364.472661 4046663765.076549 3.672868 4.094910 2862578231.998108
0.035000 0.035111 0.075000 0.075053 0.080000 0.080054 4665633976.676035 4046663765.076549 4.950650 4.293868 3055143792.000633
0.035000 0.035111 0.080000 0.080054 0.080000 0.080054 3483787044.439936 4046663765.076549 3.880110 4.507021 3260713943.999305
0.040000 0.040096 0.040000 0.040096 0.040000 0.040096 -731459037.262114 4046663765.076549 -0.452747 2.504742 924279623.999997
0.040000 0.040096 0.040000 0.040096 0.045000 0.045093 4563932644.385172 4046663765.076549 2.914891 2.584522 1046139072.000404
0.040000 0.040096 0.040000 0.040096 0.050000 0.050093 5692811633.781029 4046663765.076549 3.935164 2.797262 1156595472.000622
0.040000 0.040096 0.040000 0.040096 0.055000 0.055078 5333239335.976122 4046663765.076549 3.703513 2.810088 1270368911.999854
0.040000 0.040096 0.040000 0.040096 0.060000 0.060067 4393884399.448093 4046663765.076549 3.338571 3.074745 1388523767.999990
0.040000 0.040096 0.040000 0.040096 0.065000 0.065059 1932274923.295068 4046663765.076549 1.485991 3.112034 1502679768.000087
0.040000 0.040096 0.040000 0.040096 0.070000 0.070054 1706583758.435030 4046663765.076549 1.390785 3.297838 1621120415.999491
0.040000 0.040096 0.040000 0.040096 0.075000 0.075053 4260488968.690924 4046663765.076549 3.527797 3.350744 1702542023.998971
0.040000 0.040096 0.040000 0.040096 0.080000 0.080054 5278344376.491678 4046663765.076549 4.564238 3.499191 945089999.999795
0.040000 0.040096 0.045000 0.045093 0.045000 0.045093 3716228063.805637 4046663765.076549 2.449701 2.667521 1184115263.999349
0.040000 0.040096 0.045000 0.045093 0.050000 0.050093 5004798705.793346 4046663765.076549 3.573091 2.889046 1309131143.999515
0.040000 0.040096 0.045000 0.045093 0.055000 0.055078 3499783241.908174 4046663765.076549 2.510170 2.902412 1437886896.000373
0.040000 0.040096 0.045000 0.045093 0.060000 0.060067 4471579252.012669 4046663765.076549 3.512190 3.178441 1571622839.999255
0.040000 0.040096 0.045000 0.045093 0.065000 0.065059 4510772241.906206 4046663765.076549 3.586367 3.217369 1700852471.998408
0.040000 0.040096 0.045000 0.045093 0.070000 0.070054 3951782026.116785 4046663765.076549 3.331494 3.411482 1834914216.000420
0.040000 0.040096 0.045000 0.045093 0.075000 0.075053 4363296579.158131 4046663765.076549 3.738056 3.466795 1965671927.999753
0.040000 0.040096 0.045000 0.045093 0.080000 0.080054 3869179568.624064 4046663765.076549 3.463235 3.622098 2056147925.999457
0.040000 0.040096 0.050000 0.050093 0.050000 0.050093 3808415925.500472 4046663765.076549 2.950081 3.134633 1447380024.000715
0.040000 0.040096 0.050000 0.050093 0.055000 0.055078 3298902135.004690 4046663765.076549 2.567503 3.149478 1589715239.999995
0.040000 0.040096 0.050000 0.050093 0.060000 0.060067 3870242607.215435 4046663765.076549 3.306097 3.456802 1737561263.997915
0.040000 0.040096 0.050000 0.050093 0.065000 0.065059 4160450241.531581 4046663765.076549 3.598678 3.500255 1880414136.001007
0.040000 0.040096 0.050000 0.050093 0.070000 0.070054 4184780668.136472 4046663765.076549 3.844225 3.717348 2028672119.999296
0.040000 0.040096 0.050000 0.050093 0.075000 0.075053 4254559019.159544 4046663765.076549 3.973497 3.779335 2173211135.999361
0.040000 0.040096 0.050000 0.050093 0.080000 0.080054 4600088917.743504 4046663765.076549 4.494389 3.953680 2319418367.999024
0.040000 0.040096 0.055000 0.055078 0.055000 0.055078 1889357393.662002 4046663765.076549 1.477442 3.164415 1746027024.000542
0.040000 0.040096 0.055000 0.055078 0.060000 0.060067 4181190473.086608 4046663765.076549 3.589149 3.473671 1908460463.998975
0.040000 0.040096 0.055000 0.055078 0.065000 0.065059 3941843264.851352 4046663765.076549 3.426293 3.517405 2065391760.000158
0.040000 0.040096 0.055000 0.055078 0.070000 0.070054 4308020127.507317 4046663765.076549 3.977208 3.735921 2228166480.000293
0.040000 0.040096 0.055000 0.055078 0.075000 0.075053 4070139195.526087 4046663765.076549 3.820358 3.798323 2386943927.999179
0.040000 0.040096 0.055000 0.055078 0.080000 0.080054 4687068177.913767 4046663765.076549 4.602734 3.973853 2547526128.000968
0.040000 0.040096 0.060000 0.060067 0.060000 0.060067 4004121836.367579 4046663765.076549 3.783772 3.823973 2085969407.999494
0.040000 0.040096 0.060000 0.060067 0.065000 0.065059 6007277263.447594 4046663765.076549 5.750470 3.873672 2257459920.001278
0.040000 0.040096 0.060000 0.060067 0.070000 0.070054 2970549311.378966 4046663765.076549 3.026287 4.122592 2435422391.997816
0.040000 0.040096 0.060000 0.060067 0.075000 0.075053 4185692210.811017 4046663765.076549 4.337947 4.193861 2608954511.999846
0.040000 0.040096 0.060000 0.060067 0.080000 0.080054 3336426011.248058 4046663765.076549 3.623435 4.394770 2784495359.998664
0.040000 0.040096 0.065000 0.065059 0.065000 0.065059 5463919244.640114 4046663765.076549 5.298619 3.924240 2443114008.000349
0.040000 0.040096 0.065000 0.065059 0.070000 0.070054 3605669328.964135 4046663765.076549 3.722338 4.177602 2635648992.001556
0.040000 0.040096 0.065000 0.065059 0.075000 0.075053 3378942904.106046 4046663765.076549 3.548868 4.250169 2823463775.998916
0.040000 0.040096 0.065000 0.065059 0.080000 0.080054 3318197021.778280 4046663765.076549 3.652863 4.454801 3013385663.999828
0.040000 0.040096 0.070000 0.070054 0.070000 0.070054 4203262396.612384 4046663765.076549 4.626041 4.453691 2843434079.998735
0.040000 0.040096 0.070000 0.070054 0.075000 0.075053 3884590133.923797 4046663765.076549 4.351365 4.532913 3046040808.000026
0.040000 0.040096 0.070000 0.070054 0.080000 0.080054 4363704941.849630 4046663765.076549 5.129330 4.756663 3250966632.003726
0.040000 0.040096 0.075000 0.075053 0.075000 0.075053 3259473904.935462 4046663765.076549 3.716518 4.614088 3263082311.999060
0.040000 0.040096 0.075000 0.075053 0.080000 0.080054 2641985392.699505 4046663765.076549 3.162195 4.843456 3482626416.003767
0.040000 0.040096 0.080000 0.080054 0.080000 0.080054 2046930184.943116 4046663765.076549 2.574182 5.089010 3716825423.998038
0.045000 0.045093 0.045000 0.045093 0.045000 0.045093 1539841289.673045 4046663765.076549 1.047903 2.753861 1340263991.999602
0.045000 0.045093 0.045000 0.045093 0.050000 0.050093 4790197106.481997 4046663765.076549 3.532890 2.984515 1481780688.000293
0.045000 0.045093 0.045000 0.045093 0.055000 0.055078 2557891839.236414 4046663765.076549 1.895311 2.998441 1627510800.000478
0.045000 0.045093 0.045000 0.045093 0.060000 0.060067 3807263486.209836 4046663765.076549 3.091875 3.286291 1778878199.999826
0.045000 0.045093 0.045000 0.045093 0.065000 0.065059 6498764828.661535 4046663765.076549 5.342895 3.326925 1925155776.001320
0.045000 0.045093 0.045000 0.045093 0.070000 0.070054 4361207923.317181 4046663765.076549 3.804039 3.529680 2076907103.999383
0.045000 0.045093 0.045000 0.045093 0.075000 0.075053 5094659880.169941 4046663765.076549 4.516581 3.587498 2224897368.000354
0.045000 0.045093 0.045000 0.045093 0.080000 0.080054 6165619937.654667 4046663765.076549 5.713518 3.749937 2374553664.000134
0.045000 0.045093 0.050000 0.050093 0.050000 0.050093 3754036085.231947 4046663765.076549 3.005863 3.240171 1638245280.000546
0.045000 0.045093 0.050000 0.050093 0.055000 0.055078 4260769587.068962 4046663765.076549 3.427888 3.255635 1799348064.001631
0.045000 0.045093 0.050000 0.050093 0.060000 0.060067 3119245659.113154 4046663765.076549 2.756462 3.576017 1966746863.999006
0.045000 0.045093 0.050000 0.050093 0.065000 0.065059 4505435502.933954 4046663765.076549 4.031910 3.621356 2128410192.001050
0.045000 0.045093 0.050000 0.050093 0.070000 0.070054 3784007193.868266 4046663765.076549 3.598250 3.848013 2296187711.998754
0.045000 0.045093 0.050000 0.050093 0.075000 0.075053 5134573632.074062 4046663765.076549 4.964692 3.912776 2459824104.000147
0.045000 0.045093 0.050000 0.050093 0.080000 0.080054 5795553414.483442 4046663765.076549 5.864828 4.095034 2625291935.999818
0.045000 0.045093 0.055000 0.055078 0.055000 0.055078 4286671847.108105 4046663765.076549 3.465209 3.271194 1976323199.998521
0.045000 0.045093 0.055000 0.055078 0.060000 0.060067 3871632292.718853 4046663765.076549 3.438151 3.593585 2160124536.000173
0.045000 0.045093 0.055000 0.055078 0.065000 0.065059 4887062101.282654 4046663765.076549 4.394996 3.639215 2337725639.998804
0.045000 0.045093 0.055000 0.055078 0.070000 0.070054 4250996823.941352 4046663765.076549 4.062633 3.867354 2522038248.000118
0.045000 0.045093 0.055000 0.055078 0.075000 0.075053 2938170579.069092 4046663765.076549 2.855314 3.932548 2701734168.001109
0.045000 0.045093 0.055000 0.055078 0.080000 0.080054 3489275463.961651 4046663765.076549 3.549094 4.116038 2883474671.999676
0.045000 0.045093 0.060000 0.060067 0.060000 0.060067 4156494910.897940 4046663765.076549 4.066098 3.958655 2361041904.000266
0.045000 0.045093 0.060000 0.060067 0.065000 0.065059 4199784802.629457 4046663765.076549 4.162241 4.010489 2555196263.999582
0.045000 0.045093 0.060000 0.060067 0.070000 0.070054 4150863680.023666 4046663765.076549 4.380211 4.270254 2756602152.000777
0.045000 0.045093 0.060000 0.060067 0.075000 0.075053 3760106725.206981 4046663765.076549 4.037013 4.344673 2953018200.000607
0.045000 0.045093 0.060000 0.060067 0.080000 0.080054 3748919273.248399 4046663765.076549 4.219460 4.554575 3151683431.997624
0.045000 0.045093 0.065000 0.065059 0.065000 0.065059 4943690868.023592 4046663765.076549 4.963926 4.063227 2765266607.998764
0.045000 0.045093 0.065000 0.065059 0.070000 0.070054 3628315845.564795 4046663765.076549 3.880220 4.327613 2983262592.000781
0.045000 0.045093 0.065000 0.065059 0.075000 0.075053 2705075440.888964 4046663765.076549 2.943532 4.403383 3195813216.000102
0.045000 0.045093 0.065000 0.065059 0.080000 0.080054 3790554051.348795 4046663765.076549 4.324944 4.617160 3410810736.001679
0.045000 0.045093 0.070000 0.070054 0.070000 0.070054 4248033308.077092 4046663765.076549 4.845327 4.615644 3218380104.000019
0.045000 0.045093 0.070000 0.070054 0.075000 0.075053 3139631431.058930 4046663765.076549 3.645238 4.698339 3447741743.995410
0.045000 0.045093 0.070000 0.070054 0.080000 0.080054 3643059077.012780 4046663765.076549 4.440105 4.932012 3679671984.000422
0.045000 0.045093 0.075000 0.075053 0.075000 0.075053 3083440832.610834 4046663765.076549 3.644558 4.783066 3693437063.996722
0.045000 0.045093 0.075000 0.075053 0.080000 0.080054 2441823982.928201 4046663765.076549 3.030712 5.022586 3941861711.999725
0.045000 0.045093 0.080000 0.080054 0.080000 0.080054 2979430523.848481 4046663765.076549 3.886727 5.278955 4207065528.000179
0.050000 0.050093 0.050000 0.050093 0.050000 0.050093 3192055989.588517 4046663765.076549 2.779314 3.523418 1811225376.000199
0.050000 0.050093 0.050000 0.050093 0.055000 0.055078 4290122563.809958 4046663765.076549 3.753592 3.540581 1989307800.000493
0.050000 0.050093 0.050000 0.050093 0.060000 0.060067 2603458813.795509 4046663765.076549 2.507112 3.896908 2174361671.999122
0.050000 0.050093 0.050000 0.050093 0.065000 0.065059 4100297022.300671 4046663765.076549 3.999768 3.947450 2353169111.999981
0.050000 0.050093 0.050000 0.050093 0.070000 0.070054 4120926996.516124 4046663765.076549 4.277646 4.200558 2538691008.000429
0.050000 0.050093 0.050000 0.050093 0.075000 0.075053 4724335722.896286 4046663765.076549 4.988591 4.273014 2719542552.001113
0.050000 0.050093 0.050000 0.050093 0.080000 0.080054 2999948375.111787 4046663765.076549 3.319150 4.477238 2902464816.000517
0.050000 0.050093 0.055000 0.055078 0.055000 0.055078 4897922348.945889 4046663765.076549 4.306279 3.557848 2185032312.000269
0.050000 0.050093 0.055000 0.055078 0.060000 0.060067 3176100432.075742 4046663765.076549 3.073857 3.916395 2388218256.002129
0.050000 0.050093 0.055000 0.055078 0.065000 0.065059 4735018818.422958 4046663765.076549 4.642108 3.967260 2584602696.000685
0.050000 0.050093 0.055000 0.055078 0.070000 0.070054 3558331103.694210 4046663765.076549 3.712515 4.222007 2788305168.001370
0.050000 0.050093 0.055000 0.055078 0.075000 0.075053 4751549739.822609 4046663765.076549 5.043073 4.294940 2986986743.999128
0.050000 0.050093 0.055000 0.055078 0.080000 0.080054 3274544293.143561 4046663765.076549 3.641812 4.500531 3187929024.001143
0.050000 0.050093 0.060000 0.060067 0.060000 0.060067 3956844662.119422 4046663765.076549 4.226196 4.322129 2610354527.999031
0.050000 0.050093 0.060000 0.060067 0.065000 0.065059 4991055284.716318 4046663765.076549 5.402007 4.379856 2824959935.999415
0.050000 0.050093 0.060000 0.060067 0.070000 0.070054 4140530867.064761 4046663765.076549 4.777925 4.669608 3047665128.000839
0.050000 0.050093 0.060000 0.060067 0.075000 0.075053 3585617081.459972 4046663765.076549 4.211264 4.752757 3264841343.998293
0.050000 0.050093 0.060000 0.060067 0.080000 0.080054 3455169154.089582 4046663765.076549 4.258583 4.987616 3484444319.997610
0.050000 0.050093 0.065000 0.065059 0.065000 0.065059 4525113148.634188 4046663765.076549 4.963372 4.438584 3057218879.999563
0.050000 0.050093 0.065000 0.065059 0.070000 0.070054 3695191357.171892 4046663765.076549 4.322328 4.733452 3298238255.999991
0.050000 0.050093 0.065000 0.065059 0.075000 0.075053 3536059167.161781 4046663765.076549 4.210153 4.818097 3533279831.999214
0.050000 0.050093 0.065000 0.065059 0.080000 0.080054 2705950537.868481 4046663765.076549 3.381716 5.057250 3770960855.997340
0.050000 0.050093 0.070000 0.070054 0.070000 0.070054 4673225767.210161 4046663765.076549 5.837115 5.054504 3558251567.999758
0.050000 0.050093 0.070000 0.070054 0.075000 0.075053 3612861557.679994 4046663765.076549 4.595083 5.146822 3811789535.999658
0.050000 0.050093 0.070000 0.070054 0.080000 0.080054 3847231299.651967 4046663765.076549 5.141501 5.408025 4068210528.003190
0.050000 0.050093 0.075000 0.075053 0.075000 0.075053 2772614377.921093 4046663765.076549 3.591194 5.241391 4083361823.999003
0.050000 0.050093 0.075000 0.075053 0.080000 0.080054 3062404567.647725 4046663765.076549 4.169118 5.509076 4358080391.997041
0.050000 0.050093 0.080000 0.080054 0.080000 0.080054 2290819831.254906 4046663765.076549 3.280805 5.795443 4651256495.997606
0.055000 0.055078 0.055000 0.055078 0.055000 0.055078 7415797002.646208 4046663765.076549 6.551845 3.575221 2399850600.001634
0.055000 0.055078 0.055000 0.055078 0.060000 0.060067 3350525721.287427 4046663765.076549 3.258900 3.936001 2623102943.999518
0.055000 0.055078 0.055000 0.055078 0.065000 0.065059 4529405676.299562 4046663765.076549 4.462837 3.987190 2838711048.001178
0.055000 0.055078 0.055000 0.055078 0.070000 0.070054 3528402986.658807 4046663765.076549 3.700106 4.243587 3062529480.000275
0.055000 0.055078 0.055000 0.055078 0.075000 0.075053 4850169393.910852 4046663765.076549 5.174183 4.317000 3280765704.003092
0.055000 0.055078 0.055000 0.055078 0.080000 0.080054 4298677788.027861 4046663765.076549 4.805703 4.523964 3501503112.000128
0.055000 0.055078 0.060000 0.060067 0.060000 0.060067 4191618629.244271 4046663765.076549 4.499862 4.344247 2867068367.999660
0.055000 0.055078 0.060000 0.060067 0.065000 0.065059 4204061711.601713 4046663765.076549 4.573572 4.402339 3102816383.998968
0.055000 0.055078 0.060000 0.060067 0.070000 0.070054 3051485697.664428 4046663765.076549 3.539588 4.693950 3347384784.003497
0.055000 0.055078 0.060000 0.060067 0.075000 0.075053 4187848549.659292 4046663765.076549 4.944329 4.777641 3585903096.000093
0.055000 0.055078 0.060000 0.060067 0.080000 0.080054 3332801457.887008 4046663765.076549 4.129534 5.014051 3827138207.999796
0.055000 0.055078 0.065000 0.065059 0.065000 0.065059 4859348962.191219 4046663765.076549 5.357422 4.461438 3357953471.999392
0.055000 0.055078 0.065000 0.065059 0.070000 0.070054 3097203611.903378 4046663765.076549 3.641790 4.758195 3622602600.001740
0.055000 0.055078 0.065000 0.065059 0.075000 0.075053 3695642737.158482 4046663765.076549 4.423259 4.843391 3880753895.998626
0.055000 0.055078 0.065000 0.065059 0.080000 0.080054 3822145139.642493 4046663765.076549 4.802042 5.084121 4141788143.999908
0.055000 0.055078 0.070000 0.070054 0.070000 0.070054 2211386557.656418 4046663765.076549 2.776783 5.081295 3908192568.002754
0.055000 0.055078 0.070000 0.070054 0.075000 0.075053 3573011085.374726 4046663765.076549 4.568580 5.174209 4186633128.000288
0.055000 0.055078 0.070000 0.070054 0.080000 0.080054 3776557847.533055 4046663765.076549 5.074208 5.437124 4468290023.998458
0.055000 0.055078 0.075000 0.075053 0.075000 0.075053 4122735075.904736 4046663765.076549 5.368446 5.269390 4484986392.000810
0.055000 0.055078 0.075000 0.075053 0.080000 0.080054 4222998915.043125 4046663765.076549 5.780182 5.538825 4786690295.995296
0.055000 0.055078 0.080000 0.080054 0.080000 0.080054 3569859865.652141 4046663765.076549 5.140476 5.827057 5108736240.002089
0.060000 0.060067 0.060000 0.060067 0.060000 0.060067 2931837897.057395 4046663765.076549 3.481928 4.805925 3133750751.995562
0.060000 0.060067 0.060000 0.060067 0.065000 0.065059 4349968958.527315 4046663765.076549 5.236944 4.871794 3391428359.997557
0.060000 0.060067 0.060000 0.060067 0.070000 0.070054 3231815444.919044 4046663765.076549 4.155387 5.203098 3658714943.997787
0.060000 0.060067 0.060000 0.060067 0.075000 0.075053 4152892052.104766 4046663765.076549 5.437471 5.298384 3919467887.998971
0.060000 0.060067 0.060000 0.060067 0.080000 0.080054 3539952872.559204 4046663765.076549 4.870823 5.568036 4183097712.001074
0.060000 0.060067 0.065000 0.065059 0.065000 0.065059 2693139481.446533 4046663765.076549 3.286873 4.938798 3670178639.997410
0.060000 0.060067 0.065000 0.065059 0.070000 0.070054 3828175568.998602 4046663765.076549 4.991047 5.275905 3959608248.000138
0.060000 0.060067 0.065000 0.065059 0.075000 0.075053 2874851917.604262 4046663765.076549 3.817036 5.372889 4241685312.002118
0.060000 0.060067 0.065000 0.065059 0.080000 0.080054 3007718559.552907 4046663765.076549 4.197493 5.647418 4527060504.001871
0.060000 0.060067 0.070000 0.070054 0.070000 0.070054 3477850557.500514 4046663765.076549 4.849568 5.642729 4271642688.002320
0.060000 0.060067 0.070000 0.070054 0.075000 0.075053 4203669214.586667 4046663765.076549 5.971457 5.748425 4576065072.001000
0.060000 0.060067 0.070000 0.070054 0.080000 0.080054 3057344541.722556 4046663765.076549 4.569403 6.048006 4883894399.999664
0.060000 0.060067 0.075000 0.075053 0.075000 0.075053 2967279696.215489 4046663765.076549 4.294501 5.856678 4902140783.996345
0.060000 0.060067 0.075000 0.075053 0.080000 0.080054 3157382187.945192 4046663765.076549 4.809127 6.163626 5231941584.001195
0.060000 0.060067 0.080000 0.080054 0.080000 0.080054 3354734323.375707 4046663765.076549 5.381792 6.491811 5583774983.998243
0.065000 0.065059 0.065000 0.065059 0.065000 0.065059 2253896493.998040 4046663765.076549 2.788756 5.006954 3972047231.994652
0.065000 0.065059 0.065000 0.065059 0.070000 0.070054 3696143179.491948 4046663765.076549 4.886549 5.349961 4285097928.002696
0.065000 0.065059 0.065000 0.065059 0.075000 0.075053 3292125656.957592 4046663765.076549 4.432716 5.448672 4590444864.002939
0.065000 0.065059 0.065000 0.065059 0.080000 0.080054 2229109611.401987 4046663765.076549 3.155364 5.728161 4899236400.001419
0.065000 0.065059 0.070000 0.070054 0.070000 0.070054 4014530609.215996 4046663765.076549 5.677734 5.723180 4622884367.998449
0.065000 0.065059 0.070000 0.070054 0.075000 0.075053 3403716128.784211 4046663765.076549 4.904339 5.830748 4952343191.998652
0.065000 0.065059 0.070000 0.070054 0.080000 0.080054 2878790125.314063 4046663765.076549 4.364935 6.135710 5285466671.998953
0.065000 0.065059 0.075000 0.075053 0.075000 0.075053 2294060942.993062 4046663765.076549 3.367916 5.940917 5305194383.999840
0.065000 0.065059 0.075000 0.075053 0.080000 0.080054 3125343715.548901 4046663765.076549 4.829640 6.253369 5662055352.000488
0.065000 0.065059 0.080000 0.080054 0.080000 0.080054 4146670307.495780 4046663765.076549 6.750216 6.587419 6042969815.998212
0.070000 0.070054 0.070000 0.070054 0.070000 0.070054 3370751879.691407 4046663765.076549 5.105408 6.129158 4987355112.000551
0.070000 0.070054 0.070000 0.070054 0.075000 0.075053 3152285726.131192 4046663765.076549 4.865793 6.246333 5342630423.998206
0.070000 0.070054 0.070000 0.070054 0.080000 0.080054 2916852720.980775 4046663765.076549 4.742126 6.578936 5702147616.001180
0.070000 0.070054 0.075000 0.075053 0.075000 0.075053 3421525175.546843 4046663765.076549 5.382844 6.366330 5723394719.996456
0.070000 0.070054 0.075000 0.075053 0.080000 0.080054 2761178478.858402 4046663765.076549 4.576461 6.707063 6108401159.994374
0.070000 0.070054 0.080000 0.080054 0.080000 0.080054 4409700190.702011 4046663765.076549 7.705620 7.071241 6519337511.998442
0.075000 0.075053 0.075000 0.075053 0.075000 0.075053 4490425989.416977 4046663765.076549 7.200830 6.489214 6131165879.998043
0.075000 0.075053 0.075000 0.075053 0.080000 0.080054 2726523826.229901 4046663765.076549 4.607423 6.838265 6543725064.002831
0.075000 0.075053 0.080000 0.080054 0.080000 0.080054 3046340926.890040 4046663765.076549 5.428694 7.211306 6983830031.992041
0.080000 0.080054 0.080000 0.080054 0.080000 0.080054 3045344266.994164 4046663765.076549 5.726895 7.609918 7453654103.994709
