# Bispectrum monopole for SGC EZmock_shuffled
# Subtracted SN: kindep
# k1-eff  k2-eff  k3-eff  B0  B0-BSN  Std_dev  Std_dev(-BSN)
5.785000000000000211e-03 5.785000000000000211e-03 5.785000000000000211e-03 4.229580280565854073e+09 -1.369000127832177639e+09 1.167031269471249084e+11 1.167023173573722687e+11
5.785000000000000211e-03 5.785000000000000211e-03 1.042599999999999950e-02 1.078040757463388634e+10 5.181827166235869408e+09 6.685881421638732147e+10 6.685717329557501221e+10
5.785000000000000211e-03 5.785000000000000211e-03 1.528299999999999971e-02 1.325571644546693039e+10 7.657136037068903923e+09 1.125014683068716583e+11 1.125004549377655182e+11
5.785000000000000211e-03 1.042599999999999950e-02 1.042599999999999950e-02 7.962568250550405502e+09 2.363987842152358532e+09 3.924598158155565643e+10 3.924546902992650604e+10
5.785000000000000211e-03 1.042599999999999950e-02 1.528299999999999971e-02 1.362825838698972130e+10 8.029677978591682434e+09 3.074168646006138611e+10 3.074029196198335266e+10
5.785000000000000211e-03 1.042599999999999950e-02 2.021500000000000033e-02 1.677697247692693901e+10 1.117839206852887726e+10 5.420127763359215546e+10 5.420063428038585663e+10
5.785000000000000211e-03 1.528299999999999971e-02 1.528299999999999971e-02 1.080388078901394653e+10 5.205300380615911484e+09 3.008938865713066101e+10 3.008897831888168716e+10
5.785000000000000211e-03 1.528299999999999971e-02 2.021500000000000033e-02 1.420522335096762466e+10 8.606642942569570541e+09 2.342663504356735992e+10 2.342577190693862152e+10
5.785000000000000211e-03 1.528299999999999971e-02 2.516799999999999940e-02 1.845669391038652039e+10 1.285811350198848724e+10 4.315305492087628174e+10 4.315262067748729706e+10
5.785000000000000211e-03 2.021500000000000033e-02 2.021500000000000033e-02 1.082005721756474686e+10 5.221476809166698456e+09 2.518182668585601807e+10 2.518213754286646652e+10
5.785000000000000211e-03 2.021500000000000033e-02 2.516799999999999940e-02 1.385233486659431839e+10 8.253754458196269989e+09 1.999317301357990646e+10 1.999233098902834702e+10
5.785000000000000211e-03 2.021500000000000033e-02 3.012099999999999847e-02 1.510042919105410194e+10 9.501848782656034470e+09 3.345172048882995224e+10 3.345189530468044662e+10
5.785000000000000211e-03 2.516799999999999940e-02 2.516799999999999940e-02 1.039483845346278954e+10 4.796258045064748764e+09 2.129734683339853668e+10 2.129741314690927124e+10
5.785000000000000211e-03 2.516799999999999940e-02 3.012099999999999847e-02 1.250553161485340881e+10 6.906951206455360413e+09 1.733169491198513031e+10 1.733150111599988937e+10
5.785000000000000211e-03 2.516799999999999940e-02 3.511199999999999738e-02 1.484290734935513878e+10 9.244326940957109451e+09 2.694868715355715561e+10 2.694879979721318817e+10
5.785000000000000211e-03 3.012099999999999847e-02 3.012099999999999847e-02 9.337096077136726379e+09 3.738515668738685131e+09 1.943760569418828583e+10 1.943630669134958267e+10
5.785000000000000211e-03 3.012099999999999847e-02 3.511199999999999738e-02 1.194121130258239937e+10 6.342630894184370995e+09 1.569004676409567451e+10 1.568921111623445702e+10
5.785000000000000211e-03 3.012099999999999847e-02 4.010899999999999882e-02 1.306765262422015953e+10 7.469072215822132111e+09 2.341708924392755127e+10 2.341745416801651382e+10
5.785000000000000211e-03 3.511199999999999738e-02 3.511199999999999738e-02 8.576931639188924789e+09 2.978351230790878773e+09 1.777769037260855484e+10 1.777668594897941208e+10
5.785000000000000211e-03 3.511199999999999738e-02 4.010899999999999882e-02 1.128315817176133919e+10 5.684577763363304138e+09 1.385704077911416626e+10 1.385602977229509354e+10
5.785000000000000211e-03 3.511199999999999738e-02 4.509300000000000114e-02 1.359394407342647934e+10 7.995363665028441429e+09 2.005139266727491379e+10 2.005154887366660309e+10
5.785000000000000211e-03 4.010899999999999882e-02 4.010899999999999882e-02 8.435940547441181183e+09 2.837360139043144703e+09 1.624579025890912437e+10 1.624529163397257614e+10
5.785000000000000211e-03 4.010899999999999882e-02 4.509300000000000114e-02 1.074937196198997307e+10 5.150791553591925621e+09 1.312667194981942177e+10 1.312626813988822556e+10
5.785000000000000211e-03 4.010899999999999882e-02 5.008300000000000252e-02 1.276824344709439468e+10 7.169663038696312904e+09 1.736253581341028214e+10 1.736112057419770813e+10
5.785000000000000211e-03 4.509300000000000114e-02 4.509300000000000114e-02 8.395833072454790115e+09 2.797252664056746006e+09 1.535418354752495193e+10 1.535259777411539459e+10
5.785000000000000211e-03 4.509300000000000114e-02 5.008300000000000252e-02 1.080322111545342255e+10 5.204640707055363655e+09 1.233816025268292427e+10 1.233660870537755775e+10
5.785000000000000211e-03 4.509300000000000114e-02 5.508300000000000002e-02 1.173068983410101128e+10 6.132109425702980995e+09 1.550353781826520538e+10 1.550178177859087563e+10
5.785000000000000211e-03 5.008300000000000252e-02 5.008300000000000252e-02 8.354019912889655113e+09 2.755439504491611004e+09 1.476634369778194618e+10 1.476474701718838501e+10
5.785000000000000211e-03 5.008300000000000252e-02 5.508300000000000002e-02 1.036318452635943985e+10 4.764604117961401939e+09 1.159667506328827858e+10 1.159562511368670845e+10
5.785000000000000211e-03 5.008300000000000252e-02 6.007599999999999746e-02 1.184054664898972321e+10 6.241966240591686249e+09 1.476795204648752022e+10 1.476949761163463020e+10
5.785000000000000211e-03 5.508300000000000002e-02 5.508300000000000002e-02 7.732750278587358475e+09 2.134169870189311028e+09 1.447146076059670448e+10 1.447109950287601280e+10
5.785000000000000211e-03 5.508300000000000002e-02 6.007599999999999746e-02 9.817220479656679153e+09 4.218640071258638382e+09 1.146354400806867981e+10 1.146290457729312134e+10
5.785000000000000211e-03 5.508300000000000002e-02 6.506599999999999884e-02 1.115235704042053795e+10 5.553776632022506714e+09 1.338309653928269386e+10 1.338268140606139565e+10
5.785000000000000211e-03 6.007599999999999746e-02 6.007599999999999746e-02 7.285100183916216850e+09 1.686519775518172741e+09 1.369616809195427704e+10 1.369502286721629524e+10
5.785000000000000211e-03 6.007599999999999746e-02 6.506599999999999884e-02 9.567633339971897125e+09 3.969052931573853493e+09 1.099828104280425072e+10 1.099732838566590691e+10
5.785000000000000211e-03 6.007599999999999746e-02 7.006400000000000128e-02 1.098515801361062241e+10 5.386577605212594032e+09 1.271317495759964371e+10 1.271203883694075394e+10
5.785000000000000211e-03 6.506599999999999884e-02 6.506599999999999884e-02 7.247057627563954353e+09 1.648477219165909529e+09 1.355034148650826073e+10 1.354928200183213615e+10
5.785000000000000211e-03 6.506599999999999884e-02 7.006400000000000128e-02 9.432504661633296967e+09 3.833924253235251904e+09 1.086764588712046242e+10 1.086677161612296867e+10
5.785000000000000211e-03 6.506599999999999884e-02 7.506100000000000272e-02 1.092352053166445541e+10 5.324940123266412735e+09 1.164008642913152695e+10 1.163915619294063187e+10
5.785000000000000211e-03 7.006400000000000128e-02 7.006400000000000128e-02 7.161306715865715027e+09 1.562726307467676401e+09 1.324607065070719147e+10 1.324492641178272247e+10
5.785000000000000211e-03 7.006400000000000128e-02 7.506100000000000272e-02 9.415107121747201920e+09 3.816526713349143028e+09 1.052227057445005608e+10 1.052135226902281952e+10
5.785000000000000211e-03 7.006400000000000128e-02 8.005600000000000216e-02 1.142526084308460045e+10 5.826680434686556816e+09 1.111486901720153999e+10 1.111521443646480560e+10
5.785000000000000211e-03 7.506100000000000272e-02 7.506100000000000272e-02 7.067948406145341873e+09 1.469367997747303247e+09 1.290414370060081673e+10 1.290314421775227165e+10
5.785000000000000211e-03 7.506100000000000272e-02 8.005600000000000216e-02 8.978076876387708664e+09 3.379496467989663124e+09 1.045267634562911415e+10 1.045164780406679726e+10
5.785000000000000211e-03 8.005600000000000216e-02 8.005600000000000216e-02 6.679950696181488037e+09 1.081370287783449888e+09 1.276004505000411606e+10 1.275891644977631187e+10
1.042599999999999950e-02 1.042599999999999950e-02 1.042599999999999950e-02 1.401429655336707115e+10 8.415716144969029427e+09 4.378490753481296539e+10 4.378555905173699951e+10
1.042599999999999950e-02 1.042599999999999950e-02 1.528299999999999971e-02 1.558652376244932938e+10 9.987943354051280975e+09 2.208747224753414917e+10 2.208781035269813156e+10
1.042599999999999950e-02 1.042599999999999950e-02 2.021500000000000033e-02 1.573180382563211250e+10 1.013322341723408890e+10 2.549704332314913177e+10 2.549602759597658920e+10
1.042599999999999950e-02 1.042599999999999950e-02 2.516799999999999940e-02 1.841298043247860336e+10 1.281440002408056641e+10 5.256658405850881195e+10 5.256672190550997925e+10
1.042599999999999950e-02 1.528299999999999971e-02 1.528299999999999971e-02 1.617876662996482849e+10 1.058018622156681442e+10 1.916267474318542099e+10 1.916309816885987473e+10
1.042599999999999950e-02 1.528299999999999971e-02 2.021500000000000033e-02 1.607031171454354095e+10 1.047173130614548683e+10 1.185730840612255859e+10 1.185614291154781532e+10
1.042599999999999950e-02 1.528299999999999971e-02 2.516799999999999940e-02 1.761581903392226791e+10 1.201723862552422523e+10 1.447190965406134415e+10 1.447347086342009163e+10
1.042599999999999950e-02 1.528299999999999971e-02 3.012099999999999847e-02 1.726561108778186798e+10 1.166703067938384628e+10 3.091990491495772934e+10 3.092042336527787399e+10
1.042599999999999950e-02 2.021500000000000033e-02 2.021500000000000033e-02 1.653224127820110703e+10 1.093366086980304909e+10 1.373993441168229294e+10 1.373877058454188156e+10
1.042599999999999950e-02 2.021500000000000033e-02 2.516799999999999940e-02 1.623711511171715164e+10 1.063853470331908989e+10 9.130396702978820801e+09 9.130614386178701401e+09
1.042599999999999950e-02 2.021500000000000033e-02 3.012099999999999847e-02 1.631915128996754456e+10 1.072057088156949425e+10 1.084337924235418510e+10 1.084330474786312866e+10
1.042599999999999950e-02 2.021500000000000033e-02 3.511199999999999738e-02 1.657514207461320686e+10 1.097656166621516800e+10 2.245135140412714005e+10 2.244988734559608078e+10
1.042599999999999950e-02 2.516799999999999940e-02 2.516799999999999940e-02 1.562909744745242691e+10 1.003051703905440521e+10 1.072853602882219505e+10 1.072922494057846451e+10
1.042599999999999950e-02 2.516799999999999940e-02 3.012099999999999847e-02 1.530280605742482185e+10 9.704225649026779175e+09 7.212814266724994659e+09 7.211219852408080101e+09
1.042599999999999950e-02 2.516799999999999940e-02 3.511199999999999738e-02 1.622439136331172371e+10 1.062581095491368675e+10 8.670618620095882416e+09 8.669997908491483688e+09
1.042599999999999950e-02 2.516799999999999940e-02 4.010899999999999882e-02 1.549439625071837807e+10 9.895815842320339203e+09 1.848820948921942520e+10 1.848841119716551971e+10
1.042599999999999950e-02 3.012099999999999847e-02 3.012099999999999847e-02 1.483915294275171852e+10 9.240572534353679657e+09 8.950709596959745407e+09 8.949965894532365799e+09
1.042599999999999950e-02 3.012099999999999847e-02 3.511199999999999738e-02 1.474435270622882080e+10 9.145772297830799103e+09 6.247857586693926811e+09 6.246383575311232567e+09
1.042599999999999950e-02 3.012099999999999847e-02 4.010899999999999882e-02 1.517940834386170006e+10 9.580827935463676453e+09 7.136956666822999954e+09 7.137105004828259468e+09
1.042599999999999950e-02 3.012099999999999847e-02 4.509300000000000114e-02 1.492592577326442146e+10 9.327345364866399765e+09 1.584913580897087288e+10 1.584898378095210075e+10
1.042599999999999950e-02 3.511199999999999738e-02 3.511199999999999738e-02 1.378009192285214043e+10 8.181511514454073906e+09 7.688124647608754158e+09 7.688936759969757080e+09
1.042599999999999950e-02 3.511199999999999738e-02 4.010899999999999882e-02 1.388765788098856926e+10 8.289077472590523720e+09 5.336764400123106003e+09 5.337115469861781120e+09
1.042599999999999950e-02 3.511199999999999738e-02 4.509300000000000114e-02 1.410800437949788284e+10 8.509423971099857330e+09 6.220719691986986160e+09 6.220221810220195770e+09
1.042599999999999950e-02 3.511199999999999738e-02 5.008300000000000252e-02 1.496913242504811859e+10 9.370552016650100708e+09 1.339871191712155533e+10 1.339782584817055511e+10
1.042599999999999950e-02 4.010899999999999882e-02 4.010899999999999882e-02 1.312571395530787849e+10 7.527133546909849167e+09 6.325550687092747688e+09 6.327345140252152443e+09
1.042599999999999950e-02 4.010899999999999882e-02 4.509300000000000114e-02 1.329298466165701866e+10 7.694404253258968353e+09 4.505828359898771286e+09 4.506034475900067329e+09
1.042599999999999950e-02 4.010899999999999882e-02 5.008300000000000252e-02 1.369586017939391708e+10 8.097279770995881081e+09 5.371544826723539352e+09 5.370082423487421989e+09
1.042599999999999950e-02 4.010899999999999882e-02 5.508300000000000002e-02 1.429026612675375557e+10 8.691685718355730057e+09 1.187400516332905769e+10 1.187375469921755981e+10
1.042599999999999950e-02 4.509300000000000114e-02 4.509300000000000114e-02 1.270330611015268707e+10 7.104725701754635811e+09 5.322379173447288513e+09 5.322252223424574852e+09
1.042599999999999950e-02 4.509300000000000114e-02 5.008300000000000252e-02 1.303128474353399277e+10 7.432704335135942459e+09 4.115341544328773499e+09 4.113853523088175774e+09
1.042599999999999950e-02 4.509300000000000114e-02 5.508300000000000002e-02 1.329238671046371078e+10 7.693806302065669060e+09 4.541935385541266441e+09 4.540154368111053467e+09
1.042599999999999950e-02 4.509300000000000114e-02 6.007599999999999746e-02 1.350702844126653862e+10 7.908448032868488312e+09 1.009055362228519821e+10 1.009137246024454308e+10
1.042599999999999950e-02 5.008300000000000252e-02 5.008300000000000252e-02 1.267029287304853249e+10 7.071712464650502205e+09 5.105824605403864861e+09 5.104739522864221573e+09
1.042599999999999950e-02 5.008300000000000252e-02 5.508300000000000002e-02 1.248609721373720932e+10 6.887516805339149475e+09 3.749980122642530918e+09 3.748633661682672501e+09
1.042599999999999950e-02 5.008300000000000252e-02 6.007599999999999746e-02 1.267762502803630257e+10 7.079044619638266563e+09 4.123448375752976894e+09 4.122854789403225899e+09
1.042599999999999950e-02 5.008300000000000252e-02 6.506599999999999884e-02 1.302763705292888832e+10 7.429056644530845642e+09 9.465893359799045563e+09 9.465148684262702942e+09
1.042599999999999950e-02 5.508300000000000002e-02 5.508300000000000002e-02 1.195781953991422653e+10 6.359239131516198158e+09 4.425687212035579681e+09 4.425580074356618881e+09
1.042599999999999950e-02 5.508300000000000002e-02 6.007599999999999746e-02 1.199120931142432594e+10 6.392628903026285172e+09 3.573558007691385269e+09 3.572873025204962730e+09
1.042599999999999950e-02 5.508300000000000002e-02 6.506599999999999884e-02 1.224126384405001068e+10 6.642683435651953697e+09 4.014076160483993530e+09 4.012597763855081558e+09
1.042599999999999950e-02 5.508300000000000002e-02 7.006400000000000128e-02 1.222894070050236893e+10 6.630360292104322433e+09 8.581046000936296463e+09 8.581594221549680710e+09
1.042599999999999950e-02 6.007599999999999746e-02 6.007599999999999746e-02 1.182879456966869736e+10 6.230214161270666122e+09 4.321368196860971451e+09 4.320798882489138603e+09
1.042599999999999950e-02 6.007599999999999746e-02 6.506599999999999884e-02 1.179632748854376984e+10 6.197747080145743370e+09 3.389098261106326103e+09 3.388557556247213840e+09
1.042599999999999950e-02 6.007599999999999746e-02 7.006400000000000128e-02 1.217984078546689034e+10 6.581260377068858147e+09 3.666976153524223804e+09 3.665839408873014450e+09
1.042599999999999950e-02 6.007599999999999746e-02 7.506100000000000272e-02 1.253095309456731606e+10 6.932372686169269562e+09 8.130944160886981010e+09 8.130881765058600426e+09
1.042599999999999950e-02 6.506599999999999884e-02 6.506599999999999884e-02 1.159460596105941963e+10 5.996025552661372185e+09 3.942325233962192535e+09 3.943074219660615921e+09
1.042599999999999950e-02 6.506599999999999884e-02 7.006400000000000128e-02 1.159332207258041191e+10 5.994741664182373047e+09 3.197225318548832893e+09 3.196185288852114677e+09
1.042599999999999950e-02 6.506599999999999884e-02 7.506100000000000272e-02 1.205123491956282425e+10 6.452654511164801598e+09 3.475338880624993324e+09 3.476061114998629093e+09
1.042599999999999950e-02 6.506599999999999884e-02 8.005600000000000216e-02 1.205725483019664192e+10 6.458674421798590660e+09 7.443802107065942764e+09 7.443629800231090546e+09
1.042599999999999950e-02 7.006400000000000128e-02 7.006400000000000128e-02 1.153185507119128990e+10 5.933274662793252945e+09 3.711973102031141758e+09 3.710803606681652069e+09
1.042599999999999950e-02 7.006400000000000128e-02 7.506100000000000272e-02 1.139675924540254402e+10 5.798178837004504204e+09 2.976914457898090839e+09 2.976574704429692268e+09
1.042599999999999950e-02 7.006400000000000128e-02 8.005600000000000216e-02 1.182084514757118607e+10 6.222264739173138618e+09 3.130497342281989098e+09 3.130291122501699448e+09
1.042599999999999950e-02 7.506100000000000272e-02 7.506100000000000272e-02 1.111433812983699226e+10 5.515757721438941956e+09 3.416950042226951599e+09 3.416640070913218975e+09
1.042599999999999950e-02 7.506100000000000272e-02 8.005600000000000216e-02 1.109013168884490967e+10 5.491551280446862221e+09 2.844941763136704922e+09 2.843795028972865582e+09
1.042599999999999950e-02 8.005600000000000216e-02 8.005600000000000216e-02 1.073588682970539665e+10 5.137306421307351112e+09 3.258145820862526417e+09 3.256893634832767487e+09
1.528299999999999971e-02 1.528299999999999971e-02 1.528299999999999971e-02 1.672265587007610703e+10 1.112407546167806625e+10 2.552593233904111862e+10 2.552597643081817245e+10
1.528299999999999971e-02 1.528299999999999971e-02 2.021500000000000033e-02 1.643618404648572731e+10 1.083760363808769226e+10 1.370651152879844093e+10 1.370533973406587219e+10
1.528299999999999971e-02 1.528299999999999971e-02 2.516799999999999940e-02 1.735558528767655563e+10 1.175700487927849197e+10 1.189988040136506271e+10 1.189862577007353210e+10
1.528299999999999971e-02 1.528299999999999971e-02 3.012099999999999847e-02 1.760735832557045746e+10 1.200877791717239380e+10 1.474889424961258507e+10 1.474871058363197708e+10
1.528299999999999971e-02 1.528299999999999971e-02 3.511199999999999738e-02 1.769158671770184708e+10 1.209300630930380440e+10 3.325390839257082367e+10 3.325320717616315842e+10
1.528299999999999971e-02 2.021500000000000033e-02 2.021500000000000033e-02 1.622551260003981972e+10 1.062693219164176178e+10 1.176669827889647865e+10 1.176552125613115883e+10
1.528299999999999971e-02 2.021500000000000033e-02 2.516799999999999940e-02 1.653839901728571320e+10 1.093981860888766861e+10 7.306722395757754326e+09 7.306776219473937988e+09
1.528299999999999971e-02 2.021500000000000033e-02 3.012099999999999847e-02 1.680541869820381355e+10 1.120683828980577850e+10 7.015152806779688835e+09 7.016231280274950027e+09
1.528299999999999971e-02 2.021500000000000033e-02 3.511199999999999738e-02 1.719343649156695557e+10 1.159485608316892433e+10 8.397358611947785378e+09 8.396495485180954933e+09
1.528299999999999971e-02 2.021500000000000033e-02 4.010899999999999882e-02 1.722014116520532608e+10 1.162156075680728340e+10 1.786076839382809830e+10 1.786123244509401703e+10
1.528299999999999971e-02 2.516799999999999940e-02 2.516799999999999940e-02 1.596745192163128281e+10 1.036887151323324585e+10 8.628588583074121475e+09 8.629007616415285110e+09
1.528299999999999971e-02 2.516799999999999940e-02 3.012099999999999847e-02 1.554140638171233749e+10 9.942825973314334869e+09 5.623458033202562332e+09 5.624407972926624298e+09
1.528299999999999971e-02 2.516799999999999940e-02 3.511199999999999738e-02 1.567279235086109352e+10 1.007421194246302986e+10 5.367133093507833481e+09 5.366485416910493851e+09
1.528299999999999971e-02 2.516799999999999940e-02 4.010899999999999882e-02 1.614767073443089867e+10 1.054909032603289413e+10 6.338958090400182724e+09 6.337722470085634232e+09
1.528299999999999971e-02 2.516799999999999940e-02 4.509300000000000114e-02 1.661255110528746223e+10 1.101397069688942719e+10 1.528250689562262154e+10 1.528348649329813766e+10
1.528299999999999971e-02 3.012099999999999847e-02 3.012099999999999847e-02 1.519670306794886017e+10 9.598122659550836563e+09 6.606263203753759384e+09 6.606424791436475754e+09
1.528299999999999971e-02 3.012099999999999847e-02 3.511199999999999738e-02 1.485384962294849777e+10 9.255269214550447464e+09 4.713036921292399406e+09 4.712887889052437782e+09
1.528299999999999971e-02 3.012099999999999847e-02 4.010899999999999882e-02 1.509672776893891144e+10 9.498147360540884018e+09 4.471928371625454903e+09 4.471626673111926079e+09
1.528299999999999971e-02 3.012099999999999847e-02 4.509300000000000114e-02 1.528022524327610588e+10 9.681644834878055573e+09 5.647936888737360954e+09 5.648042807811375618e+09
1.528299999999999971e-02 3.012099999999999847e-02 5.008300000000000252e-02 1.469950313670319366e+10 9.100922728305156708e+09 1.326650820137862778e+10 1.326719222811405373e+10
1.528299999999999971e-02 3.511199999999999738e-02 3.511199999999999738e-02 1.421625393524530029e+10 8.617673526847278595e+09 5.746558337017266273e+09 5.746415521951729774e+09
1.528299999999999971e-02 3.511199999999999738e-02 4.010899999999999882e-02 1.420515699368836784e+10 8.606576585290334702e+09 3.986482215046977043e+09 3.985610633483352184e+09
1.528299999999999971e-02 3.511199999999999738e-02 4.509300000000000114e-02 1.433690751421760941e+10 8.738327105819564819e+09 3.820215252743611813e+09 3.819582012377291203e+09
1.528299999999999971e-02 3.511199999999999738e-02 5.008300000000000252e-02 1.456174893504862976e+10 8.963168526650588989e+09 4.774119337143930435e+09 4.772915694211089134e+09
1.528299999999999971e-02 3.511199999999999738e-02 5.508300000000000002e-02 1.506292413629473305e+10 9.464343727896677017e+09 1.127707075284976768e+10 1.127762734516287041e+10
1.528299999999999971e-02 4.010899999999999882e-02 4.010899999999999882e-02 1.380314149441068268e+10 8.204561086012617111e+09 4.873624946035537720e+09 4.874360856147206306e+09
1.528299999999999971e-02 4.010899999999999882e-02 4.509300000000000114e-02 1.358689027798652649e+10 7.988309869588485718e+09 3.383756709108974457e+09 3.384950492160295486e+09
1.528299999999999971e-02 4.010899999999999882e-02 5.008300000000000252e-02 1.381642758277985573e+10 8.217847174381820679e+09 3.346287999583898067e+09 3.345106571372740269e+09
1.528299999999999971e-02 4.010899999999999882e-02 5.508300000000000002e-02 1.418013229400007820e+10 8.581551885602056503e+09 4.014683309618116856e+09 4.014616400498311996e+09
1.528299999999999971e-02 4.010899999999999882e-02 6.007599999999999746e-02 1.404418908839656067e+10 8.445608679998510361e+09 9.627500207996849060e+09 9.625315009958215714e+09
1.528299999999999971e-02 4.509300000000000114e-02 4.509300000000000114e-02 1.313174857599486160e+10 7.533168167596803665e+09 4.168603933345793724e+09 4.168025273373574734e+09
1.528299999999999971e-02 4.509300000000000114e-02 5.008300000000000252e-02 1.302692988365187073e+10 7.428349475253831863e+09 2.932170651954180241e+09 2.931125977944759846e+09
1.528299999999999971e-02 4.509300000000000114e-02 5.508300000000000002e-02 1.319531338699501228e+10 7.596732978596961975e+09 2.884607610198502064e+09 2.883104523776372910e+09
1.528299999999999971e-02 4.509300000000000114e-02 6.007599999999999746e-02 1.345213781670472527e+10 7.853557408306672096e+09 3.656505000255216599e+09 3.655662235519714832e+09
1.528299999999999971e-02 4.509300000000000114e-02 6.506599999999999884e-02 1.371356292719468117e+10 8.114982518796635628e+09 8.597015217462503433e+09 8.597609195454597473e+09
1.528299999999999971e-02 5.008300000000000252e-02 5.008300000000000252e-02 1.273438204936490631e+10 7.135801640966874123e+09 3.820405502801766872e+09 3.818970594839339733e+09
1.528299999999999971e-02 5.008300000000000252e-02 5.508300000000000002e-02 1.264468200123555183e+10 7.046101592837514877e+09 2.635610575871386051e+09 2.634163850662914753e+09
1.528299999999999971e-02 5.008300000000000252e-02 6.007599999999999746e-02 1.280894571512359619e+10 7.210365306725546837e+09 2.582856677240932941e+09 2.582106940060267925e+09
1.528299999999999971e-02 5.008300000000000252e-02 6.506599999999999884e-02 1.305225057882369423e+10 7.453670170425647736e+09 3.245366272351478100e+09 3.244885029416325092e+09
1.528299999999999971e-02 5.008300000000000252e-02 7.006400000000000128e-02 1.336272556106931686e+10 7.764145152671260834e+09 7.901994981996334076e+09 7.902169123658158302e+09
1.528299999999999971e-02 5.508300000000000002e-02 5.508300000000000002e-02 1.234455517372364235e+10 6.745974765325596809e+09 3.476147268248165131e+09 3.474847006559819221e+09
1.528299999999999971e-02 5.508300000000000002e-02 6.007599999999999746e-02 1.238327727669227982e+10 6.784696868294245720e+09 2.353806488115482330e+09 2.353369096393183231e+09
1.528299999999999971e-02 5.508300000000000002e-02 6.506599999999999884e-02 1.246415110744365501e+10 6.865570699045602798e+09 2.384032584792453766e+09 2.384135226581525803e+09
1.528299999999999971e-02 5.508300000000000002e-02 7.006400000000000128e-02 1.277484366326663971e+10 7.176263254868608475e+09 2.938276644332181931e+09 2.938378014036085606e+09
1.528299999999999971e-02 5.508300000000000002e-02 7.506100000000000272e-02 1.253859412380060387e+10 6.940013715402577400e+09 7.078404433640535355e+09 7.078391325563852310e+09
1.528299999999999971e-02 6.007599999999999746e-02 6.007599999999999746e-02 1.202150378903815079e+10 6.422923380640102386e+09 3.017704025895648003e+09 3.017757082910837650e+09
1.528299999999999971e-02 6.007599999999999746e-02 6.506599999999999884e-02 1.205593882428104973e+10 6.457358415883024216e+09 2.096569671166783094e+09 2.096150663999454737e+09
1.528299999999999971e-02 6.007599999999999746e-02 7.006400000000000128e-02 1.222666085986947632e+10 6.628080451471437454e+09 2.209786182590942860e+09 2.210238789403779030e+09
1.528299999999999971e-02 6.007599999999999746e-02 7.506100000000000272e-02 1.240891029652650452e+10 6.810329888128462791e+09 2.762204088006062508e+09 2.762730204738676548e+09
1.528299999999999971e-02 6.007599999999999746e-02 8.005600000000000216e-02 1.260014763116919518e+10 7.001567222771151543e+09 6.512147476367874146e+09 6.512471872327111244e+09
1.528299999999999971e-02 6.506599999999999884e-02 6.506599999999999884e-02 1.180642919221422958e+10 6.207848783816199303e+09 2.957704288395926476e+09 2.957669793135178089e+09
1.528299999999999971e-02 6.506599999999999884e-02 7.006400000000000128e-02 1.184379007853935623e+10 6.245209670141328812e+09 2.003518129551069975e+09 2.003026285497711420e+09
1.528299999999999971e-02 6.506599999999999884e-02 7.506100000000000272e-02 1.187999649245951653e+10 6.281416084061483383e+09 2.032704615111248255e+09 2.033210567011311054e+09
1.528299999999999971e-02 6.506599999999999884e-02 8.005600000000000216e-02 1.215938072878142738e+10 6.560800320383408546e+09 2.492907323718616962e+09 2.493777090277400970e+09
1.528299999999999971e-02 7.006400000000000128e-02 7.006400000000000128e-02 1.155044223699051094e+10 5.951861828592472076e+09 2.572331980719843388e+09 2.572153548454258442e+09
1.528299999999999971e-02 7.006400000000000128e-02 7.506100000000000272e-02 1.149421324659752655e+10 5.895632838199478149e+09 1.871724175647647619e+09 1.871306551770976305e+09
1.528299999999999971e-02 7.006400000000000128e-02 8.005600000000000216e-02 1.170354409165035439e+10 6.104963683252318382e+09 1.913900587321241140e+09 1.912718490659006596e+09
1.528299999999999971e-02 7.506100000000000272e-02 7.506100000000000272e-02 1.144017788040352631e+10 5.841597472005486488e+09 2.459823825624848843e+09 2.459572254972107410e+09
1.528299999999999971e-02 7.506100000000000272e-02 8.005600000000000216e-02 1.137192708227231598e+10 5.773346673874284744e+09 1.803152179917582512e+09 1.802007854158649445e+09
1.528299999999999971e-02 8.005600000000000216e-02 8.005600000000000216e-02 1.104176319164676094e+10 5.443182783248705864e+09 2.310739017106975079e+09 2.309415938258692265e+09
2.021500000000000033e-02 2.021500000000000033e-02 2.021500000000000033e-02 1.667078859501755524e+10 1.107220818661952209e+10 1.695049866022810364e+10 1.694936910528277779e+10
2.021500000000000033e-02 2.021500000000000033e-02 2.516799999999999940e-02 1.597071592866637421e+10 1.037213552026832771e+10 8.752027102329195023e+09 8.752313472951120377e+09
2.021500000000000033e-02 2.021500000000000033e-02 3.012099999999999847e-02 1.629678277546564102e+10 1.069820236706762123e+10 7.590215450548463821e+09 7.590876591682192802e+09
2.021500000000000033e-02 2.021500000000000033e-02 3.511199999999999738e-02 1.636418303876706505e+10 1.076560263036902428e+10 7.337517298084753036e+09 7.337167075508476257e+09
2.021500000000000033e-02 2.021500000000000033e-02 4.010899999999999882e-02 1.657944077451486778e+10 1.098086036611683655e+10 8.881125633049354553e+09 8.880213392234241486e+09
2.021500000000000033e-02 2.021500000000000033e-02 4.509300000000000114e-02 1.646734384600534058e+10 1.086876343760727882e+10 2.150099154697007751e+10 2.150058758169549942e+10
2.021500000000000033e-02 2.516799999999999940e-02 2.516799999999999940e-02 1.594179153963591003e+10 1.034321113123788261e+10 7.972923291078016281e+09 7.972435984597823143e+09
2.021500000000000033e-02 2.516799999999999940e-02 3.012099999999999847e-02 1.525739938382362366e+10 9.658818975425601959e+09 4.745406559848749161e+09 4.744648261050279617e+09
2.021500000000000033e-02 2.516799999999999940e-02 3.511199999999999738e-02 1.552069375528347778e+10 9.922113346885452271e+09 4.533808124218180656e+09 4.532513577585097313e+09
2.021500000000000033e-02 2.516799999999999940e-02 4.010899999999999882e-02 1.578557715966355515e+10 1.018699675126552010e+10 4.432721475101831436e+09 4.430791131558459282e+09
2.021500000000000033e-02 2.516799999999999940e-02 4.509300000000000114e-02 1.583901784398847771e+10 1.024043743559041405e+10 5.289524264092366219e+09 5.288910520978223801e+09
2.021500000000000033e-02 2.516799999999999940e-02 5.008300000000000252e-02 1.537516385074373627e+10 9.776583442345701218e+09 1.240058855860636902e+10 1.240157024563346863e+10
2.021500000000000033e-02 3.012099999999999847e-02 3.012099999999999847e-02 1.474804493035518646e+10 9.149464521957151413e+09 5.961231019095347404e+09 5.959971850031891823e+09
2.021500000000000033e-02 3.012099999999999847e-02 3.511199999999999738e-02 1.454876835011112595e+10 8.950187941713088989e+09 3.777077850286699772e+09 3.777760391647506714e+09
2.021500000000000033e-02 3.012099999999999847e-02 4.010899999999999882e-02 1.451040577997073746e+10 8.911825371572702408e+09 3.750478179236655712e+09 3.750488673719765663e+09
2.021500000000000033e-02 3.012099999999999847e-02 4.509300000000000114e-02 1.496513133643079758e+10 9.366550928032747269e+09 3.392685729288220406e+09 3.390356862877823353e+09
2.021500000000000033e-02 3.012099999999999847e-02 5.008300000000000252e-02 1.502571195926035881e+10 9.427131550862297058e+09 4.359064740321442604e+09 4.360132476557860374e+09
2.021500000000000033e-02 3.012099999999999847e-02 5.508300000000000002e-02 1.447608098311368942e+10 8.877500574715650558e+09 1.074975742612410927e+10 1.074992218870298958e+10
2.021500000000000033e-02 3.511199999999999738e-02 3.511199999999999738e-02 1.404051762086868477e+10 8.441937212470633507e+09 4.937043632351982117e+09 4.937526364670536995e+09
2.021500000000000033e-02 3.511199999999999738e-02 4.010899999999999882e-02 1.397034245269196892e+10 8.371762044293912888e+09 3.309395389744957447e+09 3.309454032076637745e+09
2.021500000000000033e-02 3.511199999999999738e-02 4.509300000000000114e-02 1.394732521406450272e+10 8.348744805666431427e+09 2.963130429029883862e+09 2.962470947320752621e+09
2.021500000000000033e-02 3.511199999999999738e-02 5.008300000000000252e-02 1.424599112105733109e+10 8.647410712659320831e+09 2.847909939790714741e+09 2.847485430643962860e+09
2.021500000000000033e-02 3.511199999999999738e-02 5.508300000000000002e-02 1.442625847797226334e+10 8.827678069574237823e+09 3.685467956699379921e+09 3.685146050898579121e+09
2.021500000000000033e-02 3.511199999999999738e-02 6.007599999999999746e-02 1.392811294121612358e+10 8.329532532818083763e+09 9.096389429828346252e+09 9.095582332341533661e+09
2.021500000000000033e-02 4.010899999999999882e-02 4.010899999999999882e-02 1.373433286948643112e+10 8.135752461088378906e+09 4.223670224340867996e+09 4.222890542003930569e+09
2.021500000000000033e-02 4.010899999999999882e-02 4.509300000000000114e-02 1.326940975497100067e+10 7.670829346572958946e+09 2.784504565558041096e+09 2.784357627728522301e+09
2.021500000000000033e-02 4.010899999999999882e-02 5.008300000000000252e-02 1.352478471041106987e+10 7.926204302013016701e+09 2.644487750607599258e+09 2.643052866735685825e+09
2.021500000000000033e-02 4.010899999999999882e-02 5.508300000000000002e-02 1.368142619903853607e+10 8.082845790640499115e+09 2.543180669467939854e+09 2.543229986757051468e+09
2.021500000000000033e-02 4.010899999999999882e-02 6.007599999999999746e-02 1.364380443126565933e+10 8.045224022867606163e+09 3.442301480430567265e+09 3.440896159611654758e+09
2.021500000000000033e-02 4.010899999999999882e-02 6.506599999999999884e-02 1.417328237241019249e+10 8.574701964012156487e+09 8.075274691687504768e+09 8.073302285418403625e+09
2.021500000000000033e-02 4.509300000000000114e-02 4.509300000000000114e-02 1.318506327199882317e+10 7.586482863600798607e+09 3.653891443911527634e+09 3.653612700661416531e+09
2.021500000000000033e-02 4.509300000000000114e-02 5.008300000000000252e-02 1.286643959248140907e+10 7.267859184083356857e+09 2.492581752550693512e+09 2.492834306959481716e+09
2.021500000000000033e-02 4.509300000000000114e-02 5.508300000000000002e-02 1.293820517786592293e+10 7.339624769467871666e+09 2.403787992684802055e+09 2.402800142795959949e+09
2.021500000000000033e-02 4.509300000000000114e-02 6.007599999999999746e-02 1.320786639818179893e+10 7.609285989783741951e+09 2.309572453224420071e+09 2.308033325667067528e+09
2.021500000000000033e-02 4.509300000000000114e-02 6.506599999999999884e-02 1.338699822649320221e+10 7.788417818095165253e+09 2.983859064326135159e+09 2.982926176014705658e+09
2.021500000000000033e-02 4.509300000000000114e-02 7.006400000000000128e-02 1.300438326655821419e+10 7.405802858160177231e+09 7.095697520681379318e+09 7.094761767351110458e+09
2.021500000000000033e-02 5.008300000000000252e-02 5.008300000000000252e-02 1.249830812663360977e+10 6.899727718235565186e+09 3.147319106217709541e+09 3.146234310533394814e+09
2.021500000000000033e-02 5.008300000000000252e-02 5.508300000000000002e-02 1.236037534257436752e+10 6.761794934176346779e+09 2.107676949122906208e+09 2.106901601276483059e+09
2.021500000000000033e-02 5.008300000000000252e-02 6.007599999999999746e-02 1.254859578156191254e+10 6.950015373163866043e+09 2.137154019396747112e+09 2.136927146468261480e+09
2.021500000000000033e-02 5.008300000000000252e-02 6.506599999999999884e-02 1.274065832829765892e+10 7.142077919899625778e+09 2.005990463928444862e+09 2.005054456765170336e+09
2.021500000000000033e-02 5.008300000000000252e-02 7.006400000000000128e-02 1.291227061601479530e+10 7.313690207616776466e+09 2.703797479462033272e+09 2.702358640728521347e+09
2.021500000000000033e-02 5.008300000000000252e-02 7.506100000000000272e-02 1.281986127542350769e+10 7.221280867025476456e+09 6.529350161597220421e+09 6.527348583107695580e+09
2.021500000000000033e-02 5.508300000000000002e-02 5.508300000000000002e-02 1.227939442105859756e+10 6.680814012660547256e+09 2.823209017752031326e+09 2.822082950641942024e+09
2.021500000000000033e-02 5.508300000000000002e-02 6.007599999999999746e-02 1.204543428871446419e+10 6.446853880316413879e+09 2.017424883326073170e+09 2.016872255818051577e+09
2.021500000000000033e-02 5.508300000000000002e-02 6.506599999999999884e-02 1.224308250273987389e+10 6.644502094341836929e+09 1.899540897663148165e+09 1.901125456177553177e+09
2.021500000000000033e-02 5.508300000000000002e-02 7.006400000000000128e-02 1.245576791504950523e+10 6.857187506651459694e+09 1.945035855172853470e+09 1.945431368176684618e+09
2.021500000000000033e-02 5.508300000000000002e-02 7.506100000000000272e-02 1.246487498379109001e+10 6.866294575393061638e+09 2.504652146773326397e+09 2.504772540814383030e+09
2.021500000000000033e-02 5.508300000000000002e-02 8.005600000000000216e-02 1.229275120235563850e+10 6.694170793957592964e+09 5.960755047571724892e+09 5.961570141297057152e+09
2.021500000000000033e-02 6.007599999999999746e-02 6.007599999999999746e-02 1.195613983498430443e+10 6.357559426586279869e+09 2.498998791264549255e+09 2.499286874236764431e+09
2.021500000000000033e-02 6.007599999999999746e-02 6.506599999999999884e-02 1.190792636304134750e+10 6.309345954643299103e+09 1.814213417664801359e+09 1.814482227215777874e+09
2.021500000000000033e-02 6.007599999999999746e-02 7.006400000000000128e-02 1.197115300765947342e+10 6.372572599261429787e+09 1.705561754055738688e+09 1.706143508938790321e+09
2.021500000000000033e-02 6.007599999999999746e-02 7.506100000000000272e-02 1.218158425532547760e+10 6.583003846927442551e+09 1.757962033191261530e+09 1.756833036763501167e+09
2.021500000000000033e-02 6.007599999999999746e-02 8.005600000000000216e-02 1.223092201345890045e+10 6.632341605060860634e+09 2.227286226991688251e+09 2.225459292161290169e+09
2.021500000000000033e-02 6.506599999999999884e-02 6.506599999999999884e-02 1.172200287092770767e+10 6.123422462529677391e+09 2.347269220586194515e+09 2.346811146243581295e+09
2.021500000000000033e-02 6.506599999999999884e-02 7.006400000000000128e-02 1.167588449787497902e+10 6.077304089476928711e+09 1.701249564468621492e+09 1.700756263525181532e+09
2.021500000000000033e-02 6.506599999999999884e-02 7.506100000000000272e-02 1.176187892752894402e+10 6.163298519130918503e+09 1.611026098231054544e+09 1.610658914625807762e+09
2.021500000000000033e-02 6.506599999999999884e-02 8.005600000000000216e-02 1.192018835956685638e+10 6.321607951168807030e+09 1.605950950751225233e+09 1.604835113866072655e+09
2.021500000000000033e-02 7.006400000000000128e-02 7.006400000000000128e-02 1.154762096164804840e+10 5.949040553250000000e+09 2.165572730024009228e+09 2.165870866439859867e+09
2.021500000000000033e-02 7.006400000000000128e-02 7.506100000000000272e-02 1.144108815139695358e+10 5.842507742998912811e+09 1.468901901520395756e+09 1.468731004574193716e+09
2.021500000000000033e-02 7.006400000000000128e-02 8.005600000000000216e-02 1.148070560568138123e+10 5.882125197283336639e+09 1.441960020064164639e+09 1.440574416738913059e+09
2.021500000000000033e-02 7.506100000000000272e-02 7.506100000000000272e-02 1.139845234393552399e+10 5.799871935537487984e+09 2.003570876690523386e+09 2.003020256274183512e+09
2.021500000000000033e-02 7.506100000000000272e-02 8.005600000000000216e-02 1.124775047922760201e+10 5.649170070829558372e+09 1.450124754657629728e+09 1.450470958409910679e+09
2.021500000000000033e-02 8.005600000000000216e-02 8.005600000000000216e-02 1.107888571299961853e+10 5.480305304601585388e+09 1.867573742648967743e+09 1.867550986269186497e+09
2.516799999999999940e-02 2.516799999999999940e-02 2.516799999999999940e-02 1.485959971315567207e+10 9.261019304757619858e+09 1.156787489693519783e+10 1.156755584019077873e+10
2.516799999999999940e-02 2.516799999999999940e-02 3.012099999999999847e-02 1.428867678683808517e+10 8.690096378440076828e+09 6.015876465004840851e+09 6.015911388677588463e+09
2.516799999999999940e-02 2.516799999999999940e-02 3.511199999999999738e-02 1.489790176279492188e+10 9.299321354396903992e+09 5.572807368866437912e+09 5.571971579382177353e+09
2.516799999999999940e-02 2.516799999999999940e-02 4.010899999999999882e-02 1.496052664825606728e+10 9.361946239858041763e+09 5.063189068931093216e+09 5.062148924985443115e+09
2.516799999999999940e-02 2.516799999999999940e-02 4.509300000000000114e-02 1.507677210120586014e+10 9.478191692807817459e+09 4.806520878555226326e+09 4.805133074619460106e+09
2.516799999999999940e-02 2.516799999999999940e-02 5.008300000000000252e-02 1.503712927734554291e+10 9.438548868947534561e+09 6.094098754592958450e+09 6.093391113791859627e+09
2.516799999999999940e-02 2.516799999999999940e-02 5.508300000000000002e-02 1.509407582302907944e+10 9.495495414631042480e+09 1.442049964409497833e+10 1.441883423453959846e+10
2.516799999999999940e-02 3.012099999999999847e-02 3.012099999999999847e-02 1.457281232100019264e+10 8.974231912602186203e+09 5.814811936148149490e+09 5.814318014026841164e+09
2.516799999999999940e-02 3.012099999999999847e-02 3.511199999999999738e-02 1.416180078516350555e+10 8.563220376765475273e+09 3.576894731953302383e+09 3.575981102322063923e+09
2.516799999999999940e-02 3.012099999999999847e-02 4.010899999999999882e-02 1.411614003687827682e+10 8.517559628480256081e+09 3.333407543650364876e+09 3.333505026719398975e+09
2.516799999999999940e-02 3.012099999999999847e-02 4.509300000000000114e-02 1.411691730117439461e+10 8.518336892776334763e+09 3.160600048115179539e+09 3.159588132668271065e+09
2.516799999999999940e-02 3.012099999999999847e-02 5.008300000000000252e-02 1.446156997348054695e+10 8.862989565082489014e+09 2.998207964965970039e+09 2.996432016146312714e+09
2.516799999999999940e-02 3.012099999999999847e-02 5.508300000000000002e-02 1.451648185649996567e+10 8.917901448101903915e+09 3.932459605245798111e+09 3.932539169644259453e+09
2.516799999999999940e-02 3.012099999999999847e-02 6.007599999999999746e-02 1.473555381487207603e+10 9.136973406474027634e+09 9.214137880134666443e+09 9.215636610972316742e+09
2.516799999999999940e-02 3.511199999999999738e-02 3.511199999999999738e-02 1.375481971147409630e+10 8.156239303076054573e+09 4.438695498544761658e+09 4.438288346589313507e+09
2.516799999999999940e-02 3.511199999999999738e-02 4.010899999999999882e-02 1.340353410232688713e+10 7.804953693928863525e+09 2.862969104011835098e+09 2.863243571761785507e+09
2.516799999999999940e-02 3.511199999999999738e-02 4.509300000000000114e-02 1.352744535254527664e+10 7.928864944147241592e+09 2.677769600746853352e+09 2.677113569680123806e+09
2.516799999999999940e-02 3.511199999999999738e-02 5.008300000000000252e-02 1.369425250240864754e+10 8.095672094010616302e+09 2.435028222006586552e+09 2.434382656970669746e+09
2.516799999999999940e-02 3.511199999999999738e-02 5.508300000000000002e-02 1.387457128805970383e+10 8.275990879661668777e+09 2.499328049531156540e+09 2.498912802236886978e+09
2.516799999999999940e-02 3.511199999999999738e-02 6.007599999999999746e-02 1.382784130731598473e+10 8.229260898917966843e+09 3.166576941906972408e+09 3.165633252696011066e+09
2.516799999999999940e-02 3.511199999999999738e-02 6.506599999999999884e-02 1.364067122254712486e+10 8.042090814149082184e+09 7.939124651650434494e+09 7.939754889963998795e+09
2.516799999999999940e-02 4.010899999999999882e-02 4.010899999999999882e-02 1.319440699945528412e+10 7.595826591057250023e+09 3.597150908020645142e+09 3.597915963227302074e+09
2.516799999999999940e-02 4.010899999999999882e-02 4.509300000000000114e-02 1.299706884580655670e+10 7.398488437408519745e+09 2.467958948225543976e+09 2.467684936304043293e+09
2.516799999999999940e-02 4.010899999999999882e-02 5.008300000000000252e-02 1.285570952054472923e+10 7.257129112146683693e+09 2.381758920470996380e+09 2.380245869441597939e+09
2.516799999999999940e-02 4.010899999999999882e-02 5.508300000000000002e-02 1.292852207091308212e+10 7.329941662515056610e+09 2.249197011080187798e+09 2.247797364272030830e+09
2.516799999999999940e-02 4.010899999999999882e-02 6.007599999999999746e-02 1.331917283274814415e+10 7.720592424350090981e+09 2.269117266954445362e+09 2.268483358728688717e+09
2.516799999999999940e-02 4.010899999999999882e-02 6.506599999999999884e-02 1.316174255741366959e+10 7.563162149015630722e+09 2.932438718243310928e+09 2.933093613365149498e+09
2.516799999999999940e-02 4.010899999999999882e-02 7.006400000000000128e-02 1.309307800026074791e+10 7.494497591862721443e+09 7.125298846157881737e+09 7.125541813585607529e+09
2.516799999999999940e-02 4.509300000000000114e-02 4.509300000000000114e-02 1.258987580988898849e+10 6.991295401490934372e+09 3.154331536049992085e+09 3.154662538253026485e+09
2.516799999999999940e-02 4.509300000000000114e-02 5.008300000000000252e-02 1.255147529447392082e+10 6.952894886075877190e+09 2.135873668085276842e+09 2.135023486032348156e+09
2.516799999999999940e-02 4.509300000000000114e-02 5.508300000000000002e-02 1.245229616976184273e+10 6.853715761363808632e+09 1.991777690748543978e+09 1.989719925286453962e+09
2.516799999999999940e-02 4.509300000000000114e-02 6.007599999999999746e-02 1.247581793424526596e+10 6.877237525847232819e+09 1.997187234204690456e+09 1.995502021072908640e+09
2.516799999999999940e-02 4.509300000000000114e-02 6.506599999999999884e-02 1.272495226374387741e+10 7.126371855345826149e+09 1.976938337105741978e+09 1.976188364967644930e+09
2.516799999999999940e-02 4.509300000000000114e-02 7.006400000000000128e-02 1.284848651471164322e+10 7.249906106313599586e+09 2.510543760494919300e+09 2.508941737197127819e+09
2.516799999999999940e-02 4.509300000000000114e-02 7.506100000000000272e-02 1.235515184333535576e+10 6.756571434937306404e+09 6.223345968237854004e+09 6.223365597430436134e+09
2.516799999999999940e-02 5.008300000000000252e-02 5.008300000000000252e-02 1.219579423347630692e+10 6.597213825078272820e+09 2.769128567046374798e+09 2.767354489083880424e+09
2.516799999999999940e-02 5.008300000000000252e-02 5.508300000000000002e-02 1.212810134963085365e+10 6.529520941232813835e+09 1.947459404525217056e+09 1.945635506572531223e+09
2.516799999999999940e-02 5.008300000000000252e-02 6.007599999999999746e-02 1.202800862192392349e+10 6.429428213525889397e+09 1.858778373471861362e+09 1.856768545211356163e+09
2.516799999999999940e-02 5.008300000000000252e-02 6.506599999999999884e-02 1.223336289115807915e+10 6.634782482760023117e+09 1.760644292433395147e+09 1.758631829399121523e+09
2.516799999999999940e-02 5.008300000000000252e-02 7.006400000000000128e-02 1.233834155491147232e+10 6.739761146513426781e+09 1.781830990489564896e+09 1.780529790778440714e+09
2.516799999999999940e-02 5.008300000000000252e-02 7.506100000000000272e-02 1.243969000898406410e+10 6.841109600585991859e+09 2.262814787797771931e+09 2.261216091384911537e+09
2.516799999999999940e-02 5.008300000000000252e-02 8.005600000000000216e-02 1.231385173245986176e+10 6.715271324061849594e+09 5.567644911231372833e+09 5.568065646504793167e+09
2.516799999999999940e-02 5.508300000000000002e-02 5.508300000000000002e-02 1.187815999027188301e+10 6.279579581873856544e+09 2.450858627643115044e+09 2.451329765682698250e+09
2.516799999999999940e-02 5.508300000000000002e-02 6.007599999999999746e-02 1.171955020918049049e+10 6.120969800782448769e+09 1.680975830137449741e+09 1.680226907087725639e+09
2.516799999999999940e-02 5.508300000000000002e-02 6.506599999999999884e-02 1.170530551775469398e+10 6.106725109356649399e+09 1.597666753110526800e+09 1.597274949217952251e+09
2.516799999999999940e-02 5.508300000000000002e-02 7.006400000000000128e-02 1.197790755477350044e+10 6.379327146375483513e+09 1.604259422400195122e+09 1.604175266457217216e+09
2.516799999999999940e-02 5.508300000000000002e-02 7.506100000000000272e-02 1.204982264987280464e+10 6.451242241474771500e+09 1.581996489287526131e+09 1.581081559036869764e+09
2.516799999999999940e-02 5.508300000000000002e-02 8.005600000000000216e-02 1.203850617798380470e+10 6.439925769585765839e+09 2.062283714513203144e+09 2.062582379909009933e+09
2.516799999999999940e-02 6.007599999999999746e-02 6.007599999999999746e-02 1.161076733127891159e+10 6.012186922880867004e+09 2.237190459111768723e+09 2.236678907996331215e+09
2.516799999999999940e-02 6.007599999999999746e-02 6.506599999999999884e-02 1.153834554353442574e+10 5.939765135136396408e+09 1.586698662248021841e+09 1.586260313290360689e+09
2.516799999999999940e-02 6.007599999999999746e-02 7.006400000000000128e-02 1.158671577954467773e+10 5.988135371146631241e+09 1.466000653111889124e+09 1.465583935994199038e+09
2.516799999999999940e-02 6.007599999999999746e-02 7.506100000000000272e-02 1.167858439613276291e+10 6.080003987734712601e+09 1.465146237854915619e+09 1.464361572988173008e+09
2.516799999999999940e-02 6.007599999999999746e-02 8.005600000000000216e-02 1.178041670480095863e+10 6.181836296402920723e+09 1.464575849422845602e+09 1.464706997231610298e+09
2.516799999999999940e-02 6.506599999999999884e-02 6.506599999999999884e-02 1.143369786608404732e+10 5.835117457685999870e+09 2.138727092375666142e+09 2.137773950239731550e+09
2.516799999999999940e-02 6.506599999999999884e-02 7.006400000000000128e-02 1.137467144710335541e+10 5.776091038705295563e+09 1.433540258500884056e+09 1.432432737317614794e+09
2.516799999999999940e-02 6.506599999999999884e-02 7.506100000000000272e-02 1.139063068065390015e+10 5.792050272255861282e+09 1.425475242511225462e+09 1.425183659725503445e+09
2.516799999999999940e-02 6.506599999999999884e-02 8.005600000000000216e-02 1.153695963529951477e+10 5.938379226901482582e+09 1.276123879364727974e+09 1.275133255920374632e+09
2.516799999999999940e-02 7.006400000000000128e-02 7.006400000000000128e-02 1.122756648842207336e+10 5.628986080024048805e+09 1.904216432099913120e+09 1.903204253997041702e+09
2.516799999999999940e-02 7.006400000000000128e-02 7.506100000000000272e-02 1.114304306505381966e+10 5.544462656655770302e+09 1.281730440810837746e+09 1.283214178868072748e+09
2.516799999999999940e-02 7.006400000000000128e-02 8.005600000000000216e-02 1.108934125610448837e+10 5.490760847706459999e+09 1.237025218826842308e+09 1.237085003445694447e+09
2.516799999999999940e-02 7.506100000000000272e-02 7.506100000000000272e-02 1.101375426469507027e+10 5.415173856297041893e+09 1.843784436090680599e+09 1.842801982820860386e+09
2.516799999999999940e-02 7.506100000000000272e-02 8.005600000000000216e-02 1.084396264707509041e+10 5.245382238677041054e+09 1.192030371228455782e+09 1.190881516227334499e+09
2.516799999999999940e-02 8.005600000000000216e-02 8.005600000000000216e-02 1.070162674307417488e+10 5.103046334676119804e+09 1.626419521738774538e+09 1.624272264697613001e+09
3.012099999999999847e-02 3.012099999999999847e-02 3.012099999999999847e-02 1.398195559315065002e+10 8.383375184752612114e+09 8.269867818228798866e+09 8.269838306283804893e+09
3.012099999999999847e-02 3.012099999999999847e-02 3.511199999999999738e-02 1.383396926487820816e+10 8.235388856480171204e+09 4.340517189811734200e+09 4.339259297036882401e+09
3.012099999999999847e-02 3.012099999999999847e-02 4.010899999999999882e-02 1.347125118029301262e+10 7.872670771894978523e+09 3.962624978275303364e+09 3.962386480271694660e+09
3.012099999999999847e-02 3.012099999999999847e-02 4.509300000000000114e-02 1.350474170364123917e+10 7.906161295243208885e+09 3.781329430499922276e+09 3.781234558772756577e+09
3.012099999999999847e-02 3.012099999999999847e-02 5.008300000000000252e-02 1.361272656824525452e+10 8.014146159847216606e+09 3.537141439532046318e+09 3.534960540121173382e+09
3.012099999999999847e-02 3.012099999999999847e-02 5.508300000000000002e-02 1.372984585108138847e+10 8.131265442683349609e+09 3.454527590457170486e+09 3.454404383742285252e+09
3.012099999999999847e-02 3.012099999999999847e-02 6.007599999999999746e-02 1.390788539591766548e+10 8.309304987519615173e+09 4.642602613454999924e+09 4.643770139053450584e+09
3.012099999999999847e-02 3.012099999999999847e-02 6.506599999999999884e-02 1.310860564635537720e+10 7.510025237957329750e+09 1.093402553004224968e+10 1.093392907774344254e+10
3.012099999999999847e-02 3.511199999999999738e-02 3.511199999999999738e-02 1.343396754217853928e+10 7.835387133780477524e+09 4.037610254543093204e+09 4.036582927538647652e+09
3.012099999999999847e-02 3.511199999999999738e-02 4.010899999999999882e-02 1.314687374267120934e+10 7.548293334273168564e+09 2.622012449274276733e+09 2.620828381602912426e+09
3.012099999999999847e-02 3.511199999999999738e-02 4.509300000000000114e-02 1.310935476620980644e+10 7.510774357811758995e+09 2.343763850023115158e+09 2.343209472637633324e+09
3.012099999999999847e-02 3.511199999999999738e-02 5.008300000000000252e-02 1.297805517942472649e+10 7.379474771026687622e+09 2.427742232828077793e+09 2.427541629725328922e+09
3.012099999999999847e-02 3.511199999999999738e-02 5.508300000000000002e-02 1.289328519203138733e+10 7.294704783633338928e+09 2.229565682025148392e+09 2.229728581035845280e+09
3.012099999999999847e-02 3.511199999999999738e-02 6.007599999999999746e-02 1.317823546379705620e+10 7.579655055399024010e+09 2.178818072678761959e+09 2.178413165697712421e+09
3.012099999999999847e-02 3.511199999999999738e-02 6.506599999999999884e-02 1.315898781735068703e+10 7.560407408952653885e+09 2.799272419152229786e+09 2.799330583533464432e+09
3.012099999999999847e-02 3.511199999999999738e-02 7.006400000000000128e-02 1.314109065427440071e+10 7.542510245876368523e+09 6.861273621772089958e+09 6.861497760871053696e+09
3.012099999999999847e-02 4.010899999999999882e-02 4.010899999999999882e-02 1.284719268942243958e+10 7.248612281024383545e+09 3.254975815550954819e+09 3.254224463474015713e+09
3.012099999999999847e-02 4.010899999999999882e-02 4.509300000000000114e-02 1.267386238159312820e+10 7.075281973195096970e+09 2.255713838094682217e+09 2.254129352731901169e+09
3.012099999999999847e-02 4.010899999999999882e-02 5.008300000000000252e-02 1.244414198015405846e+10 6.845561571756031990e+09 2.034623171928620815e+09 2.032757159247707129e+09
3.012099999999999847e-02 4.010899999999999882e-02 5.508300000000000002e-02 1.237831342388265610e+10 6.779733015484601974e+09 1.916371914085047245e+09 1.917635117800158978e+09
3.012099999999999847e-02 4.010899999999999882e-02 6.007599999999999746e-02 1.242180498583526993e+10 6.823224577437255859e+09 1.873313186889871836e+09 1.872695783439101219e+09
3.012099999999999847e-02 4.010899999999999882e-02 6.506599999999999884e-02 1.265031281044474220e+10 7.051732402046704292e+09 1.885577993334039927e+09 1.883494263371792793e+09
3.012099999999999847e-02 4.010899999999999882e-02 7.006400000000000128e-02 1.264141015247709274e+10 7.042829744079042435e+09 2.434794596929138184e+09 2.435508136433121204e+09
3.012099999999999847e-02 4.010899999999999882e-02 7.506100000000000272e-02 1.248216242149484253e+10 6.883582013096804619e+09 6.090531221184409142e+09 6.090342517441639900e+09
3.012099999999999847e-02 4.509300000000000114e-02 4.509300000000000114e-02 1.223132527460126877e+10 6.632744866203212738e+09 2.836203480425186157e+09 2.835001357243910789e+09
3.012099999999999847e-02 4.509300000000000114e-02 5.008300000000000252e-02 1.206638108922425079e+10 6.467800680826212883e+09 1.929253154660214901e+09 1.928809112936528206e+09
3.012099999999999847e-02 4.509300000000000114e-02 5.508300000000000002e-02 1.201639397906110764e+10 6.417813570663081169e+09 1.826209717944071293e+09 1.825923442941939116e+09
3.012099999999999847e-02 4.509300000000000114e-02 6.007599999999999746e-02 1.199665186275055885e+10 6.398071454352521896e+09 1.795717507300107241e+09 1.793667936847208023e+09
3.012099999999999847e-02 4.509300000000000114e-02 6.506599999999999884e-02 1.215962823863897514e+10 6.561047830240931511e+09 1.656353431173879147e+09 1.655982441444655895e+09
3.012099999999999847e-02 4.509300000000000114e-02 7.006400000000000128e-02 1.227697127327466774e+10 6.678390864876635551e+09 1.724883236227272272e+09 1.724423660210010767e+09
3.012099999999999847e-02 4.509300000000000114e-02 7.506100000000000272e-02 1.224183739937420082e+10 6.643256990976157188e+09 2.162807445863234520e+09 2.165123792512114525e+09
3.012099999999999847e-02 4.509300000000000114e-02 8.005600000000000216e-02 1.209416124880470276e+10 6.495580840406676292e+09 5.524488003401429176e+09 5.523979818185725212e+09
3.012099999999999847e-02 5.008300000000000252e-02 5.008300000000000252e-02 1.182460173268997765e+10 6.226021324291956902e+09 2.507307514666505337e+09 2.506280734296229362e+09
3.012099999999999847e-02 5.008300000000000252e-02 5.508300000000000002e-02 1.166472919601731491e+10 6.066148787619265556e+09 1.683882946107607365e+09 1.684070934280488014e+09
3.012099999999999847e-02 5.008300000000000252e-02 6.007599999999999746e-02 1.162671829840518188e+10 6.028137890007143974e+09 1.593958640313582420e+09 1.594254466405515909e+09
3.012099999999999847e-02 5.008300000000000252e-02 6.506599999999999884e-02 1.167847834549841118e+10 6.079897937100371361e+09 1.520707499616151810e+09 1.519565720011532307e+09
3.012099999999999847e-02 5.008300000000000252e-02 7.006400000000000128e-02 1.166184158628056145e+10 6.063261177882514000e+09 1.530316871818585396e+09 1.529731443925981045e+09
3.012099999999999847e-02 5.008300000000000252e-02 7.506100000000000272e-02 1.190514812292947006e+10 6.306567714531405449e+09 1.491068930969782114e+09 1.490728218668761969e+09
3.012099999999999847e-02 5.008300000000000252e-02 8.005600000000000216e-02 1.190809385878064156e+10 6.309513450382583618e+09 1.967243049542692900e+09 1.967391197377689123e+09
3.012099999999999847e-02 5.508300000000000002e-02 5.508300000000000002e-02 1.149072715970986748e+10 5.892146751311835289e+09 2.122336836759415865e+09 2.120909960805684090e+09
3.012099999999999847e-02 5.508300000000000002e-02 6.007599999999999746e-02 1.143199528769261932e+10 5.833414879294577599e+09 1.480136214449324369e+09 1.479346642215876102e+09
3.012099999999999847e-02 5.508300000000000002e-02 6.506599999999999884e-02 1.130511551786991501e+10 5.706535109471896172e+09 1.465986149302139044e+09 1.465696067721064091e+09
3.012099999999999847e-02 5.508300000000000002e-02 7.006400000000000128e-02 1.137454642777344704e+10 5.775966019375406265e+09 1.439832514120281458e+09 1.439602748880888700e+09
3.012099999999999847e-02 5.508300000000000002e-02 7.506100000000000272e-02 1.143008947563734055e+10 5.831509067239279747e+09 1.386178157197285175e+09 1.385235260603528261e+09
3.012099999999999847e-02 5.508300000000000002e-02 8.005600000000000216e-02 1.157792711589810371e+10 5.979346707500065804e+09 1.325814910241844654e+09 1.326672605455608130e+09
3.012099999999999847e-02 6.007599999999999746e-02 6.007599999999999746e-02 1.134116832783051300e+10 5.742587919432470322e+09 2.108043998648205280e+09 2.107863206439837456e+09
3.012099999999999847e-02 6.007599999999999746e-02 6.506599999999999884e-02 1.119729062665608788e+10 5.598710218258062363e+09 1.394517413883454323e+09 1.391894017818928480e+09
3.012099999999999847e-02 6.007599999999999746e-02 7.006400000000000128e-02 1.115834815637825012e+10 5.559767747980215073e+09 1.336555877847039700e+09 1.337070414864196777e+09
3.012099999999999847e-02 6.007599999999999746e-02 7.506100000000000272e-02 1.107342410397768784e+10 5.474843695579655647e+09 1.326186715637280226e+09 1.325032358815843821e+09
3.012099999999999847e-02 6.007599999999999746e-02 8.005600000000000216e-02 1.114004386212908554e+10 5.541463453731069565e+09 1.265087015735985041e+09 1.264668748862340212e+09
3.012099999999999847e-02 6.506599999999999884e-02 6.506599999999999884e-02 1.094756111994066429e+10 5.348980711542614937e+09 1.854264073502997160e+09 1.852723539853992701e+09
3.012099999999999847e-02 6.506599999999999884e-02 7.006400000000000128e-02 1.103263834816907120e+10 5.434057939771036148e+09 1.269032104052502394e+09 1.268445902231316328e+09
3.012099999999999847e-02 6.506599999999999884e-02 7.506100000000000272e-02 1.089113611775413513e+10 5.292555709356075287e+09 1.185596903062242270e+09 1.185859937168241739e+09
3.012099999999999847e-02 6.506599999999999884e-02 8.005600000000000216e-02 1.090607658710491943e+10 5.307496178706870079e+09 1.227895240605208874e+09 1.227913009662275314e+09
3.012099999999999847e-02 7.006400000000000128e-02 7.006400000000000128e-02 1.087288811701896477e+10 5.274307708620940208e+09 1.696760277899616480e+09 1.695861052706281424e+09
3.012099999999999847e-02 7.006400000000000128e-02 7.506100000000000272e-02 1.071426206039249420e+10 5.115681651994454384e+09 1.186951792956784010e+09 1.186543601643426418e+09
3.012099999999999847e-02 7.006400000000000128e-02 8.005600000000000216e-02 1.072422352697077751e+10 5.125643118572752953e+09 1.110599047391845226e+09 1.111455978634729624e+09
3.012099999999999847e-02 7.506100000000000272e-02 7.506100000000000272e-02 1.057225525210374451e+10 4.973674843705713272e+09 1.594099619757038355e+09 1.591895047229539871e+09
3.012099999999999847e-02 7.506100000000000272e-02 8.005600000000000216e-02 1.053772670538018227e+10 4.939146296982151031e+09 1.092297886505495310e+09 1.091349133444818020e+09
3.012099999999999847e-02 8.005600000000000216e-02 8.005600000000000216e-02 1.041253122315156364e+10 4.813950814753499985e+09 1.431956766237571478e+09 1.430854898289869070e+09
3.511199999999999738e-02 3.511199999999999738e-02 3.511199999999999738e-02 1.295413811209957504e+10 7.355557703701532364e+09 5.992819677505943298e+09 5.992041607577312469e+09
3.511199999999999738e-02 3.511199999999999738e-02 4.010899999999999882e-02 1.262965654161914253e+10 7.031076133221100807e+09 3.369475815373183250e+09 3.367557110774787426e+09
3.511199999999999738e-02 3.511199999999999738e-02 4.509300000000000114e-02 1.257905638535569763e+10 6.980475976957634926e+09 3.068120124558722973e+09 3.067588131651970863e+09
3.511199999999999738e-02 3.511199999999999738e-02 5.008300000000000252e-02 1.246280773441975212e+10 6.864227326021729469e+09 2.863960980387905121e+09 2.862998508273992538e+09
3.511199999999999738e-02 3.511199999999999738e-02 5.508300000000000002e-02 1.231994602406405449e+10 6.721365615666022301e+09 2.766763650685453415e+09 2.767519166982316017e+09
3.511199999999999738e-02 3.511199999999999738e-02 6.007599999999999746e-02 1.247713215068022537e+10 6.878551742282194138e+09 2.592643994922823429e+09 2.591959744071794510e+09
3.511199999999999738e-02 3.511199999999999738e-02 6.506599999999999884e-02 1.267889641355129623e+10 7.080316005153251648e+09 2.481356869471996784e+09 2.481057493695177078e+09
3.511199999999999738e-02 3.511199999999999738e-02 7.006400000000000128e-02 1.269612568812321663e+10 7.097545279725179672e+09 3.287196386897376537e+09 3.287390164808593273e+09
3.511199999999999738e-02 3.511199999999999738e-02 7.506100000000000272e-02 1.220448312845550156e+10 6.605902720057450294e+09 8.205231213369552612e+09 8.206284850881663322e+09
3.511199999999999738e-02 4.010899999999999882e-02 4.010899999999999882e-02 1.231438465698910713e+10 6.715804248591078758e+09 2.880684209473729134e+09 2.881496944355215549e+09
3.511199999999999738e-02 4.010899999999999882e-02 4.509300000000000114e-02 1.214897265726400757e+10 6.550392248865962982e+09 1.987640714626967192e+09 1.986318566447587729e+09
3.511199999999999738e-02 4.010899999999999882e-02 5.008300000000000252e-02 1.202930231790579605e+10 6.430721909507764816e+09 1.932616153751676798e+09 1.932262709822192192e+09
3.511199999999999738e-02 4.010899999999999882e-02 5.508300000000000002e-02 1.192462564257344246e+10 6.326045234175434113e+09 1.770644390395959854e+09 1.772188208637275696e+09
3.511199999999999738e-02 4.010899999999999882e-02 6.007599999999999746e-02 1.193470565640519905e+10 6.336125248007169724e+09 1.712608019610537767e+09 1.711136388133931637e+09
3.511199999999999738e-02 4.010899999999999882e-02 6.506599999999999884e-02 1.202892065390468979e+10 6.430340245506657600e+09 1.703872839306607485e+09 1.701610465610061884e+09
3.511199999999999738e-02 4.010899999999999882e-02 7.006400000000000128e-02 1.222925313947410202e+10 6.630672731076058388e+09 1.657943085075559855e+09 1.657646028199116707e+09
3.511199999999999738e-02 4.010899999999999882e-02 7.506100000000000272e-02 1.215680059854988098e+10 6.558220190151847839e+09 2.181474855244713306e+09 2.181452667718859673e+09
3.511199999999999738e-02 4.010899999999999882e-02 8.005600000000000216e-02 1.188756811760001755e+10 6.288987709201981544e+09 5.084490122754354477e+09 5.085237663359420776e+09
3.511199999999999738e-02 4.509300000000000114e-02 4.509300000000000114e-02 1.176049740188197136e+10 6.161916993483922958e+09 2.620620249953985691e+09 2.619702442667092323e+09
3.511199999999999738e-02 4.509300000000000114e-02 5.008300000000000252e-02 1.166170954038272667e+10 6.063129131984688759e+09 1.715944414150160074e+09 1.715615839326173782e+09
3.511199999999999738e-02 4.509300000000000114e-02 5.508300000000000002e-02 1.161154172228028679e+10 6.012961313882246971e+09 1.662996693869416475e+09 1.663172061079840183e+09
3.511199999999999738e-02 4.509300000000000114e-02 6.007599999999999746e-02 1.151041264705310822e+10 5.911832238655064583e+09 1.585918305849090815e+09 1.586189129627686024e+09
3.511199999999999738e-02 4.509300000000000114e-02 6.506599999999999884e-02 1.153764585810459518e+10 5.939065449706564903e+09 1.451039034470874071e+09 1.449937292093378544e+09
3.511199999999999738e-02 4.509300000000000114e-02 7.006400000000000128e-02 1.168591784437777901e+10 6.087337435979745865e+09 1.452735264747599840e+09 1.453339464054602623e+09
3.511199999999999738e-02 4.509300000000000114e-02 7.506100000000000272e-02 1.168296965345454407e+10 6.084389245056507111e+09 1.494234268901725769e+09 1.494696091733505249e+09
3.511199999999999738e-02 4.509300000000000114e-02 8.005600000000000216e-02 1.172173749316764832e+10 6.123157084769611359e+09 1.867354563438192129e+09 1.867478789053275585e+09
3.511199999999999738e-02 5.008300000000000252e-02 5.008300000000000252e-02 1.145702750383207893e+10 5.858447095434036255e+09 2.286423083742085934e+09 2.285064270546469688e+09
3.511199999999999738e-02 5.008300000000000252e-02 5.508300000000000002e-02 1.126962641118215561e+10 5.671046002784109116e+09 1.533215265852655888e+09 1.533206881570083857e+09
3.511199999999999738e-02 5.008300000000000252e-02 6.007599999999999746e-02 1.116815077076331902e+10 5.569570362365293503e+09 1.442049641322380304e+09 1.441944668569810867e+09
3.511199999999999738e-02 5.008300000000000252e-02 6.506599999999999884e-02 1.117304528028211212e+10 5.574464871884090424e+09 1.387910208677103519e+09 1.387479072333395958e+09
3.511199999999999738e-02 5.008300000000000252e-02 7.006400000000000128e-02 1.124957853761522675e+10 5.650998129217212677e+09 1.369135930876861811e+09 1.368545418713565350e+09
3.511199999999999738e-02 5.008300000000000252e-02 7.506100000000000272e-02 1.124295593707575226e+10 5.644375528677719116e+09 1.296844764439628124e+09 1.295911768461563349e+09
3.511199999999999738e-02 5.008300000000000252e-02 8.005600000000000216e-02 1.141017607451863098e+10 5.811595666120575905e+09 1.309112744077851295e+09 1.308374504600482464e+09
3.511199999999999738e-02 5.508300000000000002e-02 5.508300000000000002e-02 1.108787239482127380e+10 5.489291986423230171e+09 2.036426117089628458e+09 2.035555264149543762e+09
3.511199999999999738e-02 5.508300000000000002e-02 6.007599999999999746e-02 1.110809892248922729e+10 5.509518514091164589e+09 1.346104566775790930e+09 1.345516726155075788e+09
3.511199999999999738e-02 5.508300000000000002e-02 6.506599999999999884e-02 1.096819689403228569e+10 5.369616485634237289e+09 1.351088288372885942e+09 1.350917636216633558e+09
3.511199999999999738e-02 5.508300000000000002e-02 7.006400000000000128e-02 1.093729322820463943e+10 5.338712819806602478e+09 1.289093583635716677e+09 1.289044125976935387e+09
3.511199999999999738e-02 5.508300000000000002e-02 7.506100000000000272e-02 1.093659029989614105e+10 5.338009891498088837e+09 1.217175862214511156e+09 1.216226362843672276e+09
3.511199999999999738e-02 5.508300000000000002e-02 8.005600000000000216e-02 1.105288828659567261e+10 5.454307878197614670e+09 1.187392579904030085e+09 1.186227318034792423e+09
3.511199999999999738e-02 6.007599999999999746e-02 6.007599999999999746e-02 1.096479041460597038e+10 5.366210006207923889e+09 1.793785891839500666e+09 1.792608647560372829e+09
3.511199999999999738e-02 6.007599999999999746e-02 6.506599999999999884e-02 1.084609095778746033e+10 5.247510549389415741e+09 1.247541054599843025e+09 1.246143957392815590e+09
3.511199999999999738e-02 6.007599999999999746e-02 7.006400000000000128e-02 1.074915251462729073e+10 5.150572106229239464e+09 1.215100978736520052e+09 1.214494227245594263e+09
3.511199999999999738e-02 6.007599999999999746e-02 7.506100000000000272e-02 1.071424581289136314e+10 5.115665404493322372e+09 1.196521573287199259e+09 1.196156708911291361e+09
3.511199999999999738e-02 6.007599999999999746e-02 8.005600000000000216e-02 1.066039457578884697e+10 5.061814167390790939e+09 1.106808433274378300e+09 1.105283966312374115e+09
3.511199999999999738e-02 6.506599999999999884e-02 6.506599999999999884e-02 1.060927274169201851e+10 5.010692333293995857e+09 1.601272775164677858e+09 1.600718088958023787e+09
3.511199999999999738e-02 6.506599999999999884e-02 7.006400000000000128e-02 1.060797795719058609e+10 5.009397548792544365e+09 1.193957782102582455e+09 1.192780378875988483e+09
3.511199999999999738e-02 6.506599999999999884e-02 7.506100000000000272e-02 1.052512210822631264e+10 4.926541699828270912e+09 1.108835447843050003e+09 1.107884040780923843e+09
3.511199999999999738e-02 6.506599999999999884e-02 8.005600000000000216e-02 1.052097056142317200e+10 4.922390153025138855e+09 1.054618291623040915e+09 1.054543889427469611e+09
3.511199999999999738e-02 7.006400000000000128e-02 7.006400000000000128e-02 1.051363477949500656e+10 4.915054371096971512e+09 1.508808487955385447e+09 1.506308838299258709e+09
3.511199999999999738e-02 7.006400000000000128e-02 7.506100000000000272e-02 1.037106535075013351e+10 4.772484942352087975e+09 1.055475714970982671e+09 1.054266128138332367e+09
3.511199999999999738e-02 7.006400000000000128e-02 8.005600000000000216e-02 1.034894164465376091e+10 4.750361236255740166e+09 9.895417381037638187e+08 9.894029883598909378e+08
3.511199999999999738e-02 7.506100000000000272e-02 7.506100000000000272e-02 1.019301246571027374e+10 4.594432057312226295e+09 1.416372657638967037e+09 1.413969300416839123e+09
3.511199999999999738e-02 7.506100000000000272e-02 8.005600000000000216e-02 1.018714460132286644e+10 4.588564192924832344e+09 1.015422163688762307e+09 1.013604682541916847e+09
3.511199999999999738e-02 8.005600000000000216e-02 8.005600000000000216e-02 1.006011257702403069e+10 4.461532168625993729e+09 1.310054803824211836e+09 1.309149213333520651e+09
4.010899999999999882e-02 4.010899999999999882e-02 4.010899999999999882e-02 1.206295361922977066e+10 6.464373210831718445e+09 4.750187583201399803e+09 4.749919598416049957e+09
4.010899999999999882e-02 4.010899999999999882e-02 4.509300000000000114e-02 1.185376631336257172e+10 6.255185904964527130e+09 2.665157527354373455e+09 2.664460819580402374e+09
4.010899999999999882e-02 4.010899999999999882e-02 5.008300000000000252e-02 1.171623495962205315e+10 6.117654551224004745e+09 2.425217625709735870e+09 2.425808176107715607e+09
4.010899999999999882e-02 4.010899999999999882e-02 5.508300000000000002e-02 1.147390559989578629e+10 5.875325191497738838e+09 2.273840701258797646e+09 2.274729092238348007e+09
4.010899999999999882e-02 4.010899999999999882e-02 6.007599999999999746e-02 1.146269804091684723e+10 5.864117632518808365e+09 2.179054416588864803e+09 2.179578520085370064e+09
4.010899999999999882e-02 4.010899999999999882e-02 6.506599999999999884e-02 1.134382149013791656e+10 5.745241081739874840e+09 2.143275580612794876e+09 2.142373459287998676e+09
4.010899999999999882e-02 4.010899999999999882e-02 7.006400000000000128e-02 1.149363046061155128e+10 5.895050052213528633e+09 2.006960936568127394e+09 2.004747685646649599e+09
4.010899999999999882e-02 4.010899999999999882e-02 7.506100000000000272e-02 1.158543248470120811e+10 5.986852076303174973e+09 1.982326108813964367e+09 1.980559915160423756e+09
4.010899999999999882e-02 4.010899999999999882e-02 8.005600000000000216e-02 1.168831385811032295e+10 6.089733449712286949e+09 2.577659194235979080e+09 2.576324029669085026e+09
4.010899999999999882e-02 4.509300000000000114e-02 4.509300000000000114e-02 1.145643969686725235e+10 5.857859288469185829e+09 2.450037086336727619e+09 2.449343498838303566e+09
4.010899999999999882e-02 4.509300000000000114e-02 5.008300000000000252e-02 1.128541777885520172e+10 5.686837370457159042e+09 1.666363252777335405e+09 1.665782456567455769e+09
4.010899999999999882e-02 4.509300000000000114e-02 5.508300000000000002e-02 1.121737882469181824e+10 5.618798416293805122e+09 1.547893988246170044e+09 1.547107057012919903e+09
4.010899999999999882e-02 4.509300000000000114e-02 6.007599999999999746e-02 1.109197198191277313e+10 5.493391573514730453e+09 1.447120837722743988e+09 1.446547624519346476e+09
4.010899999999999882e-02 4.509300000000000114e-02 6.506599999999999884e-02 1.108875856971490669e+10 5.490178161316864967e+09 1.436356945668648243e+09 1.435865834423789978e+09
4.010899999999999882e-02 4.509300000000000114e-02 7.006400000000000128e-02 1.116108827633222008e+10 5.562507867934173584e+09 1.320628831419926882e+09 1.319710703128127337e+09
4.010899999999999882e-02 4.509300000000000114e-02 7.506100000000000272e-02 1.113058881806838036e+10 5.532008409670346260e+09 1.308119682867389917e+09 1.306528698958705902e+09
4.010899999999999882e-02 4.509300000000000114e-02 8.005600000000000216e-02 1.127490566605335236e+10 5.676325257655316353e+09 1.310309603249331951e+09 1.308611010479165316e+09
4.010899999999999882e-02 5.008300000000000252e-02 5.008300000000000252e-02 1.107678676395455170e+10 5.478206355556518555e+09 2.039709937624287367e+09 2.037854310746242046e+09
4.010899999999999882e-02 5.008300000000000252e-02 5.508300000000000002e-02 1.096393463174325371e+10 5.365354223345211029e+09 1.471265062901817322e+09 1.470736968164606810e+09
4.010899999999999882e-02 5.008300000000000252e-02 6.007599999999999746e-02 1.084555311919303894e+10 5.246972710794997215e+09 1.275240732913480282e+09 1.274588549421556950e+09
4.010899999999999882e-02 5.008300000000000252e-02 6.506599999999999884e-02 1.084545697804884148e+10 5.246876569650805473e+09 1.250543129582251549e+09 1.249470962081908464e+09
4.010899999999999882e-02 5.008300000000000252e-02 7.006400000000000128e-02 1.085152589257374573e+10 5.252945484175698280e+09 1.240726325047190666e+09 1.238395385544481754e+09
4.010899999999999882e-02 5.008300000000000252e-02 7.506100000000000272e-02 1.080722205765504074e+10 5.208641649257011414e+09 1.217549967515034914e+09 1.215131590883027554e+09
4.010899999999999882e-02 5.008300000000000252e-02 8.005600000000000216e-02 1.085117049988923836e+10 5.252590091491197586e+09 1.164111897751997232e+09 1.163435612739589214e+09
4.010899999999999882e-02 5.508300000000000002e-02 5.508300000000000002e-02 1.080000324686181450e+10 5.201422838463784218e+09 1.854899052877799273e+09 1.854421285939082623e+09
4.010899999999999882e-02 5.508300000000000002e-02 6.007599999999999746e-02 1.072508982288744164e+10 5.126509414489364624e+09 1.234944790473697424e+09 1.234201470567273378e+09
4.010899999999999882e-02 5.508300000000000002e-02 6.506599999999999884e-02 1.066019011652513885e+10 5.061609708127122879e+09 1.192233740769487619e+09 1.191262356073412180e+09
4.010899999999999882e-02 5.508300000000000002e-02 7.006400000000000128e-02 1.058170404185742569e+10 4.983123633459379196e+09 1.160644597847344398e+09 1.159042534328306437e+09
4.010899999999999882e-02 5.508300000000000002e-02 7.506100000000000272e-02 1.057067668286861801e+10 4.972096274470598221e+09 1.098199204744776249e+09 1.097219713601370335e+09
4.010899999999999882e-02 5.508300000000000002e-02 8.005600000000000216e-02 1.053445683107893372e+10 4.935876422680894852e+09 1.105646941527463198e+09 1.104142745508250237e+09
4.010899999999999882e-02 6.007599999999999746e-02 6.007599999999999746e-02 1.070583351940769196e+10 5.107253111009646416e+09 1.599451014840077400e+09 1.599008761616577148e+09
4.010899999999999882e-02 6.007599999999999746e-02 6.506599999999999884e-02 1.050188730752768707e+10 4.903306899129650116e+09 1.158652268774874687e+09 1.158065373394014835e+09
4.010899999999999882e-02 6.007599999999999746e-02 7.006400000000000128e-02 1.040326258771644211e+10 4.804682179318385124e+09 1.058437704181879520e+09 1.058254609497447848e+09
4.010899999999999882e-02 6.007599999999999746e-02 7.506100000000000272e-02 1.037256125006941986e+10 4.773980841671381950e+09 1.040493248018761873e+09 1.039373477307069659e+09
4.010899999999999882e-02 6.007599999999999746e-02 8.005600000000000216e-02 1.032476223972363663e+10 4.726181831325596809e+09 1.001319968392447472e+09 9.993964968064134121e+08
4.010899999999999882e-02 6.506599999999999884e-02 6.506599999999999884e-02 1.039828946852826309e+10 4.799709060130234718e+09 1.557394353042535782e+09 1.558170881562975168e+09
4.010899999999999882e-02 6.506599999999999884e-02 7.006400000000000128e-02 1.027371871680421448e+10 4.675138308406185150e+09 1.061048300568333507e+09 1.060191958412208200e+09
4.010899999999999882e-02 6.506599999999999884e-02 7.506100000000000272e-02 1.019856400213023567e+10 4.599983593732211113e+09 1.034787920028432846e+09 1.033190847274747372e+09
4.010899999999999882e-02 6.506599999999999884e-02 8.005600000000000216e-02 1.014210065736196136e+10 4.543520248963906288e+09 9.514295401725114584e+08 9.500207045300230980e+08
4.010899999999999882e-02 7.006400000000000128e-02 7.006400000000000128e-02 1.011250012466553879e+10 4.513919716267511368e+09 1.424621472313045740e+09 1.424192376118151903e+09
4.010899999999999882e-02 7.006400000000000128e-02 7.506100000000000272e-02 1.006692801994853210e+10 4.468347611550485611e+09 9.715942237129589319e+08 9.697334925355114937e+08
4.010899999999999882e-02 7.006400000000000128e-02 8.005600000000000216e-02 9.976025597699041367e+09 4.377445189300992012e+09 8.981957431200428009e+08 8.971240353963000774e+08
4.010899999999999882e-02 7.506100000000000272e-02 7.506100000000000272e-02 9.975524222972530365e+09 4.376943814574484825e+09 1.296337240549691916e+09 1.294645549697253942e+09
4.010899999999999882e-02 7.506100000000000272e-02 8.005600000000000216e-02 9.844759624474983215e+09 4.246179216076953888e+09 9.395067295480021238e+08 9.372868357361717224e+08
4.010899999999999882e-02 8.005600000000000216e-02 8.005600000000000216e-02 9.755451789888628006e+09 4.156871381490587234e+09 1.240332079703907967e+09 1.239452116234164000e+09
4.509300000000000114e-02 4.509300000000000114e-02 4.509300000000000114e-02 1.118621006508128357e+10 5.587629656683250427e+09 3.679248276420590878e+09 3.679582980522000313e+09
4.509300000000000114e-02 4.509300000000000114e-02 5.008300000000000252e-02 1.112451056668247414e+10 5.525930158284430504e+09 2.156215330174131870e+09 2.155958633517585278e+09
4.509300000000000114e-02 4.509300000000000114e-02 5.508300000000000002e-02 1.090713236030983353e+10 5.308551951911789894e+09 1.934950137070720673e+09 1.935319284677351236e+09
4.509300000000000114e-02 4.509300000000000114e-02 6.007599999999999746e-02 1.086170967939418793e+10 5.263129270996134758e+09 1.817799260731400013e+09 1.815147135850654125e+09
4.509300000000000114e-02 4.509300000000000114e-02 6.506599999999999884e-02 1.077133917313832855e+10 5.172758764740301132e+09 1.797078596525840521e+09 1.796964200476040840e+09
4.509300000000000114e-02 4.509300000000000114e-02 7.006400000000000128e-02 1.070793926104722595e+10 5.109358852649195671e+09 1.705641110948989153e+09 1.706458864824229479e+09
4.509300000000000114e-02 4.509300000000000114e-02 7.506100000000000272e-02 1.079474195744252014e+10 5.196161549044480324e+09 1.636967987252152681e+09 1.636232639983942509e+09
4.509300000000000114e-02 4.509300000000000114e-02 8.005600000000000216e-02 1.083753847810642242e+10 5.238958069708355904e+09 1.671928250383939028e+09 1.671236497179595470e+09
4.509300000000000114e-02 5.008300000000000252e-02 5.008300000000000252e-02 1.088879397951418304e+10 5.290213571116154671e+09 1.935347552102506161e+09 1.934562082314763546e+09
4.509300000000000114e-02 5.008300000000000252e-02 5.508300000000000002e-02 1.067586051856888390e+10 5.077280110170848846e+09 1.331152023128191710e+09 1.331624750181987047e+09
4.509300000000000114e-02 5.008300000000000252e-02 6.007599999999999746e-02 1.059947645278981400e+10 5.000896044391788483e+09 1.267800194873029947e+09 1.267068908438567877e+09
4.509300000000000114e-02 5.008300000000000252e-02 6.506599999999999884e-02 1.049493997380579185e+10 4.896359565407747269e+09 1.226678274803324461e+09 1.226018388843545198e+09
4.509300000000000114e-02 5.008300000000000252e-02 7.006400000000000128e-02 1.042792069166568184e+10 4.829340283267645836e+09 1.163434001755369425e+09 1.162766040660981655e+09
4.509300000000000114e-02 5.008300000000000252e-02 7.506100000000000272e-02 1.047154074388389587e+10 4.872960335485840797e+09 1.143033201648222685e+09 1.141837208410077572e+09
4.509300000000000114e-02 5.008300000000000252e-02 8.005600000000000216e-02 1.043166767227293587e+10 4.833087263874900818e+09 1.077081753030870438e+09 1.074958800874609709e+09
4.509300000000000114e-02 5.508300000000000002e-02 5.508300000000000002e-02 1.052581976301929283e+10 4.927239354621239662e+09 1.715526158414547920e+09 1.715505347190896034e+09
4.509300000000000114e-02 5.508300000000000002e-02 6.007599999999999746e-02 1.044790479912237549e+10 4.849324390724360466e+09 1.224045862631892681e+09 1.224937182001625776e+09
4.509300000000000114e-02 5.508300000000000002e-02 6.506599999999999884e-02 1.033795249133440399e+10 4.739372082936369896e+09 1.084562532481307030e+09 1.085471210085865974e+09
4.509300000000000114e-02 5.508300000000000002e-02 7.006400000000000128e-02 1.030823486465784454e+10 4.709654456259803772e+09 1.075601517426621914e+09 1.075311691999828100e+09
4.509300000000000114e-02 5.508300000000000002e-02 7.506100000000000272e-02 1.021260211857163620e+10 4.614021710173596382e+09 1.015161171296103477e+09 1.013923605681930661e+09
4.509300000000000114e-02 5.508300000000000002e-02 8.005600000000000216e-02 1.017121356388781166e+10 4.572633155489768982e+09 9.785403092101936340e+08 9.754167339445705414e+08
4.509300000000000114e-02 6.007599999999999746e-02 6.007599999999999746e-02 1.024795538272840118e+10 4.649374974330354691e+09 1.617989390554744959e+09 1.617144228808845758e+09
4.509300000000000114e-02 6.007599999999999746e-02 6.506599999999999884e-02 1.025092638977907181e+10 4.652345981381013870e+09 1.105293940665113449e+09 1.103507254326969862e+09
4.509300000000000114e-02 6.007599999999999746e-02 7.006400000000000128e-02 1.009226015088868141e+10 4.493679742490650177e+09 1.005573365246403217e+09 1.005064421526238441e+09
4.509300000000000114e-02 6.007599999999999746e-02 7.506100000000000272e-02 1.007578800452986526e+10 4.477207596131834984e+09 1.010813059916456819e+09 1.009336310636319637e+09
4.509300000000000114e-02 6.007599999999999746e-02 8.005600000000000216e-02 1.005674435537192726e+10 4.458163946973892212e+09 9.324152100656133890e+08 9.298565065338852406e+08
4.509300000000000114e-02 6.506599999999999884e-02 6.506599999999999884e-02 1.014535776985689735e+10 4.546777361458860397e+09 1.396180252386950970e+09 1.394151758772173166e+09
4.509300000000000114e-02 6.506599999999999884e-02 7.006400000000000128e-02 1.001777058771741676e+10 4.419190179319377899e+09 9.471700321315710545e+08 9.471185844387258291e+08
4.509300000000000114e-02 6.506599999999999884e-02 7.506100000000000272e-02 9.917461858452394485e+09 4.318881450054357529e+09 9.581438830841964483e+08 9.564096834442359209e+08
4.509300000000000114e-02 6.506599999999999884e-02 8.005600000000000216e-02 9.921954297066413879e+09 4.323373888668391228e+09 9.178900185262749195e+08 9.171301526054648161e+08
4.509300000000000114e-02 7.006400000000000128e-02 7.006400000000000128e-02 9.894522371040262222e+09 4.295941962642212868e+09 1.319482402985044241e+09 1.318492096718941689e+09
4.509300000000000114e-02 7.006400000000000128e-02 7.506100000000000272e-02 9.794491527209203720e+09 4.195911118811170578e+09 8.976469927917505503e+08 8.965368306494843960e+08
4.509300000000000114e-02 7.006400000000000128e-02 8.005600000000000216e-02 9.720312441871772766e+09 4.121732033473743439e+09 8.773391654782469273e+08 8.761034206786459684e+08
4.509300000000000114e-02 7.506100000000000272e-02 7.506100000000000272e-02 9.723308148204938889e+09 4.124727739806901932e+09 1.216927181405145884e+09 1.214706946917676926e+09
4.509300000000000114e-02 7.506100000000000272e-02 8.005600000000000216e-02 9.585915256914823532e+09 3.987334848516798973e+09 8.668531762176225185e+08 8.645831556307678223e+08
4.509300000000000114e-02 8.005600000000000216e-02 8.005600000000000216e-02 9.476785967268165588e+09 3.878205558870133400e+09 1.084102932736533642e+09 1.082809891506649017e+09
5.008300000000000252e-02 5.008300000000000252e-02 5.008300000000000252e-02 1.050985223748358154e+10 4.911271829085539818e+09 3.023268714891147614e+09 3.023267155210047722e+09
5.008300000000000252e-02 5.008300000000000252e-02 5.508300000000000002e-02 1.052485295229042435e+10 4.926272543892404556e+09 1.703783344984033585e+09 1.703973352262056828e+09
5.008300000000000252e-02 5.008300000000000252e-02 6.007599999999999746e-02 1.042011540228950882e+10 4.821534993891470909e+09 1.647752522333876133e+09 1.646774300234228373e+09
5.008300000000000252e-02 5.008300000000000252e-02 6.506599999999999884e-02 1.029862569817612457e+10 4.700045289778092384e+09 1.649765834168266773e+09 1.648594838016133070e+09
5.008300000000000252e-02 5.008300000000000252e-02 7.006400000000000128e-02 1.022193050074690628e+10 4.623350092348853111e+09 1.465422665023491621e+09 1.464785040595325947e+09
5.008300000000000252e-02 5.008300000000000252e-02 7.506100000000000272e-02 1.014798002871563721e+10 4.549399620317587852e+09 1.471933255170439720e+09 1.469936403384990215e+09
5.008300000000000252e-02 5.008300000000000252e-02 8.005600000000000216e-02 1.010959619028841019e+10 4.511015781890371323e+09 1.349427528340606689e+09 1.347810445341061831e+09
5.008300000000000252e-02 5.508300000000000002e-02 5.508300000000000002e-02 1.031549526946702385e+10 4.716914861068963051e+09 1.662572802999497175e+09 1.661348625553215504e+09
5.008300000000000252e-02 5.508300000000000002e-02 6.007599999999999746e-02 1.017085379760104370e+10 4.572273389203019142e+09 1.175987951414380074e+09 1.175417598503657818e+09
5.008300000000000252e-02 5.508300000000000002e-02 6.506599999999999884e-02 1.012354436836119461e+10 4.524963959963177681e+09 1.032678596616798282e+09 1.032741054379938602e+09
5.008300000000000252e-02 5.508300000000000002e-02 7.006400000000000128e-02 1.011907736326371574e+10 4.520496954865687370e+09 1.062394331440107226e+09 1.062178862461698890e+09
5.008300000000000252e-02 5.508300000000000002e-02 7.506100000000000272e-02 9.983058701266262054e+09 4.384478292868236542e+09 1.003779086294925570e+09 1.001325823326827526e+09
5.008300000000000252e-02 5.508300000000000002e-02 8.005600000000000216e-02 9.964289563569318771e+09 4.365709155171261787e+09 9.692852745983530283e+08 9.688735366460334063e+08
5.008300000000000252e-02 6.007599999999999746e-02 6.007599999999999746e-02 1.007835743411609650e+10 4.479777025718050003e+09 1.441390657584172726e+09 1.441828298160086870e+09
5.008300000000000252e-02 6.007599999999999746e-02 6.506599999999999884e-02 9.988416485668275833e+09 4.389836077270232201e+09 9.900362889089657068e+08 9.885587484146516323e+08
5.008300000000000252e-02 6.007599999999999746e-02 7.006400000000000128e-02 9.943661930491676331e+09 4.345081522093626976e+09 9.580441882385690212e+08 9.564381266674286127e+08
5.008300000000000252e-02 6.007599999999999746e-02 7.506100000000000272e-02 9.854838726603910446e+09 4.256258318205879688e+09 9.103525425020376444e+08 9.092211389959533215e+08
5.008300000000000252e-02 6.007599999999999746e-02 8.005600000000000216e-02 9.743321328881683350e+09 4.144740920483635902e+09 8.951521182882765532e+08 8.938319036435959339e+08
5.008300000000000252e-02 6.506599999999999884e-02 6.506599999999999884e-02 9.919614995313453674e+09 4.321034586915417671e+09 1.297392392677706003e+09 1.296496161055169106e+09
5.008300000000000252e-02 6.506599999999999884e-02 7.006400000000000128e-02 9.814865931753976822e+09 4.216285523355943680e+09 9.032910422578545809e+08 9.036588819485142231e+08
5.008300000000000252e-02 6.506599999999999884e-02 7.506100000000000272e-02 9.745658081852310181e+09 4.147077673454280853e+09 8.828511873059623241e+08 8.823324139630419016e+08
5.008300000000000252e-02 6.506599999999999884e-02 8.005600000000000216e-02 9.650496578172353745e+09 4.051916169774308681e+09 8.476152952495185137e+08 8.478459337159504890e+08
5.008300000000000252e-02 7.006400000000000128e-02 7.006400000000000128e-02 9.674282705511360168e+09 4.075702297113329411e+09 1.260082394140958548e+09 1.259038148377727747e+09
5.008300000000000252e-02 7.006400000000000128e-02 7.506100000000000272e-02 9.606567504067525864e+09 4.007987095669467449e+09 8.291058632369325161e+08 8.280070751338691711e+08
5.008300000000000252e-02 7.006400000000000128e-02 8.005600000000000216e-02 9.485779746077754974e+09 3.887199337679711342e+09 8.217480937240202427e+08 8.209158293344792128e+08
5.008300000000000252e-02 7.506100000000000272e-02 7.506100000000000272e-02 9.526704862514915466e+09 3.928124454116871834e+09 1.120603102655097008e+09 1.119684886253056526e+09
5.008300000000000252e-02 7.506100000000000272e-02 8.005600000000000216e-02 9.359412533162916183e+09 3.760832124764866352e+09 8.129976223771065474e+08 8.116646756247978210e+08
5.008300000000000252e-02 8.005600000000000216e-02 8.005600000000000216e-02 9.203821268520524979e+09 3.605240860122480392e+09 1.085338774096292019e+09 1.083893497426261425e+09
5.508300000000000002e-02 5.508300000000000002e-02 5.508300000000000002e-02 1.015319781954610825e+10 4.554617411148082733e+09 2.652400433433850288e+09 2.652510603533905029e+09
5.508300000000000002e-02 5.508300000000000002e-02 6.007599999999999746e-02 1.012615877438726044e+10 4.527578365989214897e+09 1.486759701979270220e+09 1.486145092724625349e+09
5.508300000000000002e-02 5.508300000000000002e-02 6.506599999999999884e-02 1.000165554094629669e+10 4.403075132548264503e+09 1.378589177715245247e+09 1.376461244417773724e+09
5.508300000000000002e-02 5.508300000000000002e-02 7.006400000000000128e-02 9.986946903939821243e+09 4.388366495541787148e+09 1.320405951693012238e+09 1.320138145760312080e+09
5.508300000000000002e-02 5.508300000000000002e-02 7.506100000000000272e-02 9.805085762770359039e+09 4.206505354372303486e+09 1.295446732640240431e+09 1.293401888613461733e+09
5.508300000000000002e-02 5.508300000000000002e-02 8.005600000000000216e-02 9.801790425807868958e+09 4.203210017409840584e+09 1.214537239042095423e+09 1.214599817136995316e+09
5.508300000000000002e-02 6.007599999999999746e-02 6.007599999999999746e-02 9.926933248776329041e+09 4.328352840378293037e+09 1.438116134224245787e+09 1.437990994297360420e+09
5.508300000000000002e-02 6.007599999999999746e-02 6.506599999999999884e-02 9.860735237004497528e+09 4.262154828606451035e+09 1.013421136053304076e+09 1.011145494748841882e+09
5.508300000000000002e-02 6.007599999999999746e-02 7.006400000000000128e-02 9.757939973448684692e+09 4.159359565050662518e+09 9.333007890552293062e+08 9.334277114516817331e+08
5.508300000000000002e-02 6.007599999999999746e-02 7.506100000000000272e-02 9.671108994811244965e+09 4.072528586413220406e+09 8.873380276499104500e+08 8.861092795241894722e+08
5.508300000000000002e-02 6.007599999999999746e-02 8.005600000000000216e-02 9.587797834429075241e+09 3.989217426031040192e+09 8.522909778791559935e+08 8.511624454962359667e+08
5.508300000000000002e-02 6.506599999999999884e-02 6.506599999999999884e-02 9.765566440767860413e+09 4.166986032369803429e+09 1.224936223427770853e+09 1.225112091173325539e+09
5.508300000000000002e-02 6.506599999999999884e-02 7.006400000000000128e-02 9.663008737998279572e+09 4.064428329600238800e+09 8.586756084888285398e+08 8.579414042762517929e+08
5.508300000000000002e-02 6.506599999999999884e-02 7.506100000000000272e-02 9.576347310875215530e+09 3.977766902477176189e+09 8.678852155323150158e+08 8.676801372344679832e+08
5.508300000000000002e-02 6.506599999999999884e-02 8.005600000000000216e-02 9.500264955530704498e+09 3.901684547132667542e+09 7.855638980902189016e+08 7.852352133087292910e+08
5.508300000000000002e-02 7.006400000000000128e-02 7.006400000000000128e-02 9.573045262818071365e+09 3.974464854420030117e+09 1.191529378304481268e+09 1.189568454272304058e+09
5.508300000000000002e-02 7.006400000000000128e-02 7.506100000000000272e-02 9.453227519938531876e+09 3.854647111540501118e+09 7.902353411368051767e+08 7.895833638852984905e+08
5.508300000000000002e-02 7.006400000000000128e-02 8.005600000000000216e-02 9.378769026101345062e+09 3.780188617703308582e+09 7.631237802443311214e+08 7.619457458837655783e+08
5.508300000000000002e-02 7.506100000000000272e-02 7.506100000000000272e-02 9.315060589366310120e+09 3.716480180968268394e+09 1.078326563562041283e+09 1.078905984668312788e+09
5.508300000000000002e-02 7.506100000000000272e-02 8.005600000000000216e-02 9.219434753314079285e+09 3.620854344916041374e+09 7.699724158284864426e+08 7.700347466591881514e+08
5.508300000000000002e-02 8.005600000000000216e-02 8.005600000000000216e-02 9.116514071802082062e+09 3.517933663404052734e+09 1.019061359525029421e+09 1.018275144195756078e+09
6.007599999999999746e-02 6.007599999999999746e-02 6.007599999999999746e-02 9.834872886764354706e+09 4.236292478366316319e+09 2.300497670081664085e+09 2.300527606482927799e+09
6.007599999999999746e-02 6.007599999999999746e-02 6.506599999999999884e-02 9.762036074331216812e+09 4.163455665933169365e+09 1.340273379156374216e+09 1.338577745556936741e+09
6.007599999999999746e-02 6.007599999999999746e-02 7.006400000000000128e-02 9.678065894653732300e+09 4.079485486255681038e+09 1.190945305242820024e+09 1.191527999170458794e+09
6.007599999999999746e-02 6.007599999999999746e-02 7.506100000000000272e-02 9.527519504211557388e+09 3.928939095813525200e+09 1.169439353909629822e+09 1.168328620206965208e+09
6.007599999999999746e-02 6.007599999999999746e-02 8.005600000000000216e-02 9.427017585146078110e+09 3.828437176748037338e+09 1.104146665400593996e+09 1.103477194195118904e+09
6.007599999999999746e-02 6.506599999999999884e-02 6.506599999999999884e-02 9.690850591388010025e+09 4.092270182989966869e+09 1.212450335124623060e+09 1.210801762243581533e+09
6.007599999999999746e-02 6.506599999999999884e-02 7.006400000000000128e-02 9.591523246560808182e+09 3.992942838162767410e+09 8.281292702299106121e+08 8.279024088978965282e+08
6.007599999999999746e-02 6.506599999999999884e-02 7.506100000000000272e-02 9.411498265942611694e+09 3.812917857544595718e+09 7.973377114561793804e+08 7.973478075075006485e+08
6.007599999999999746e-02 6.506599999999999884e-02 8.005600000000000216e-02 9.321615373344593048e+09 3.723034964946544647e+09 7.828599263550412655e+08 7.806688935864499807e+08
6.007599999999999746e-02 7.006400000000000128e-02 7.006400000000000128e-02 9.451268987958379745e+09 3.852688579560336590e+09 1.085996740308318138e+09 1.085266262160767794e+09
6.007599999999999746e-02 7.006400000000000128e-02 7.506100000000000272e-02 9.324700822630329132e+09 3.726120414232291698e+09 7.579821871232103109e+08 7.575125964192543030e+08
6.007599999999999746e-02 7.006400000000000128e-02 8.005600000000000216e-02 9.222848844992353439e+09 3.624268436594310284e+09 7.210736163113124371e+08 7.205628959736331701e+08
6.007599999999999746e-02 7.506100000000000272e-02 7.506100000000000272e-02 9.245473380319435120e+09 3.646892971921398640e+09 9.755283195484946966e+08 9.744812246286344528e+08
6.007599999999999746e-02 7.506100000000000272e-02 8.005600000000000216e-02 9.150161951290187836e+09 3.551581542892131805e+09 7.183160364864118099e+08 7.164960001382693052e+08
6.007599999999999746e-02 8.005600000000000216e-02 8.005600000000000216e-02 9.021320410574241638e+09 3.422740002176210880e+09 9.154469454127726555e+08 9.150008746796234846e+08
6.506599999999999884e-02 6.506599999999999884e-02 6.506599999999999884e-02 9.512652863144613266e+09 3.914072454746575356e+09 1.914052287192731380e+09 1.911423531609855413e+09
6.506599999999999884e-02 6.506599999999999884e-02 7.006400000000000128e-02 9.423998155120986938e+09 3.825417746722942829e+09 1.163437928264332533e+09 1.162872727458987474e+09
6.506599999999999884e-02 6.506599999999999884e-02 7.506100000000000272e-02 9.310620071944952011e+09 3.712039663546921730e+09 1.063653829698455930e+09 1.063725780412888050e+09
6.506599999999999884e-02 6.506599999999999884e-02 8.005600000000000216e-02 9.166690404312458038e+09 3.568109995914434433e+09 1.037809846757727623e+09 1.037346562644416571e+09
6.506599999999999884e-02 7.006400000000000128e-02 7.006400000000000128e-02 9.367856678046356201e+09 3.769276269648321629e+09 1.107682127534377337e+09 1.106329781201682806e+09
6.506599999999999884e-02 7.006400000000000128e-02 7.506100000000000272e-02 9.228076564414098740e+09 3.629496156016071320e+09 7.451271787428988218e+08 7.446127602135729790e+08
6.506599999999999884e-02 7.006400000000000128e-02 8.005600000000000216e-02 9.056151849331947327e+09 3.457571440933904648e+09 7.067794895690239668e+08 7.064369341367462873e+08
6.506599999999999884e-02 7.506100000000000272e-02 7.506100000000000272e-02 9.130063589352565765e+09 3.531483180954539776e+09 1.002315179765286684e+09 1.002194729107219577e+09
6.506599999999999884e-02 7.506100000000000272e-02 8.005600000000000216e-02 9.015787294717210770e+09 3.417206886319171906e+09 6.798896707931486368e+08 6.795295792224547863e+08
6.506599999999999884e-02 8.005600000000000216e-02 8.005600000000000216e-02 8.898564311392543793e+09 3.299983902994498253e+09 8.753086232110882998e+08 8.735752383921852112e+08
7.006400000000000128e-02 7.006400000000000128e-02 7.006400000000000128e-02 9.298987754838060379e+09 3.700407346440014362e+09 1.732474854285494566e+09 1.731911211325275660e+09
7.006400000000000128e-02 7.006400000000000128e-02 7.506100000000000272e-02 9.095296252693386078e+09 3.496715844295351982e+09 9.872976907471904755e+08 9.865792810610247850e+08
7.006400000000000128e-02 7.006400000000000128e-02 8.005600000000000216e-02 8.957706981353132248e+09 3.359126572955101967e+09 9.347102064730308056e+08 9.338019386381199360e+08
7.006400000000000128e-02 7.506100000000000272e-02 7.506100000000000272e-02 9.024740138161355972e+09 3.426159729763326168e+09 9.253839350320150852e+08 9.241087016139194965e+08
7.006400000000000128e-02 7.506100000000000272e-02 8.005600000000000216e-02 8.890330024288377762e+09 3.291749615890321255e+09 6.592877549161491394e+08 6.591454036189286709e+08
7.006400000000000128e-02 8.005600000000000216e-02 8.005600000000000216e-02 8.774488371689714432e+09 3.175907963291677952e+09 8.677809038446017504e+08 8.670285970755258799e+08
7.506100000000000272e-02 7.506100000000000272e-02 7.506100000000000272e-02 8.864878220783563614e+09 3.266297812385519028e+09 1.492629713153354645e+09 1.492217917214433432e+09
7.506100000000000272e-02 7.506100000000000272e-02 8.005600000000000216e-02 8.792092767683765411e+09 3.193512359285739422e+09 8.751441072188706398e+08 8.746706296419732571e+08
7.506100000000000272e-02 8.005600000000000216e-02 8.005600000000000216e-02 8.689360426963592529e+09 3.090780018565565109e+09 8.696222033270056248e+08 8.683989391776473522e+08
8.005600000000000216e-02 8.005600000000000216e-02 8.005600000000000216e-02 8.529258608970709801e+09 2.930678200572670460e+09 1.401983730565033436e+09 1.400248122905207634e+09
