# Bispectrum monopole for SGC EZmock_complete
# Subtracted SN: kindep
# k1-eff  k2-eff  k3-eff  B0  B0-BSN  Std_dev  Std_dev(-BSN)
5.785000000000000211e-03 5.785000000000000211e-03 5.785000000000000211e-03 -3.801378628279898643e+09 -9.399984741347539902e+09 1.288278914232531586e+11 1.288285845987918396e+11
5.785000000000000211e-03 5.785000000000000211e-03 1.042599999999999950e-02 1.155113848359550095e+10 5.952532370527833939e+09 7.093546175441812134e+10 7.093423087407835388e+10
5.785000000000000211e-03 5.785000000000000211e-03 1.528299999999999971e-02 1.982175542280324173e+10 1.422314930973558235e+10 1.171546950685914917e+11 1.171532799354252777e+11
5.785000000000000211e-03 1.042599999999999950e-02 1.042599999999999950e-02 5.844534010783993721e+09 2.459278977163515985e+08 4.232252905953421021e+10 4.232221897387968445e+10
5.785000000000000211e-03 1.042599999999999950e-02 1.528299999999999971e-02 1.448946202576995468e+10 8.890855912702312469e+09 3.154897226698667526e+10 3.154771901457138824e+10
5.785000000000000211e-03 1.042599999999999950e-02 2.021500000000000033e-02 2.024052862907772827e+10 1.464192251601008797e+10 5.565012364114463043e+10 5.564958331947288513e+10
5.785000000000000211e-03 1.528299999999999971e-02 1.528299999999999971e-02 9.253178953617675781e+09 3.654572840550022602e+09 3.111745356860476685e+10 3.111732594058982849e+10
5.785000000000000211e-03 1.528299999999999971e-02 2.021500000000000033e-02 1.472863155533254242e+10 9.130025442264905930e+09 2.408622069427251053e+10 2.408548943384019089e+10
5.785000000000000211e-03 1.528299999999999971e-02 2.516799999999999940e-02 2.115656493292592621e+10 1.555795881985823059e+10 4.296880361468852997e+10 4.296797723761012268e+10
5.785000000000000211e-03 2.021500000000000033e-02 2.021500000000000033e-02 9.044417340103113174e+09 3.445811227035456657e+09 2.619452242961597824e+10 2.619495947008070755e+10
5.785000000000000211e-03 2.021500000000000033e-02 2.516799999999999940e-02 1.411791972582530594e+10 8.519313612757643700e+09 2.066883296451483154e+10 2.066778126541255951e+10
5.785000000000000211e-03 2.021500000000000033e-02 3.012099999999999847e-02 1.724254607816288376e+10 1.164393996509525871e+10 3.362905103244932175e+10 3.362986457968081665e+10
5.785000000000000211e-03 2.516799999999999940e-02 2.516799999999999940e-02 8.503859778094387054e+09 2.905253665026731968e+09 2.211497435646498871e+10 2.211548096195881271e+10
5.785000000000000211e-03 2.516799999999999940e-02 3.012099999999999847e-02 1.314531277028993225e+10 7.546706657222278595e+09 1.808973291445651245e+10 1.808920618881776047e+10
5.785000000000000211e-03 2.516799999999999940e-02 3.511199999999999738e-02 1.741353082211103058e+10 1.181492470904335213e+10 2.804307302996083069e+10 2.804280098365728378e+10
5.785000000000000211e-03 3.012099999999999847e-02 3.012099999999999847e-02 8.258314091036496162e+09 2.659707977968839645e+09 2.036466112474534988e+10 2.036345613539880371e+10
5.785000000000000211e-03 3.012099999999999847e-02 3.511199999999999738e-02 1.302047056683683014e+10 7.421864453769186974e+09 1.627104845936429787e+10 1.627032207256318283e+10
5.785000000000000211e-03 3.012099999999999847e-02 4.010899999999999882e-02 1.513824534769887161e+10 9.539639234631217957e+09 2.326340141304216003e+10 2.326392416974670410e+10
5.785000000000000211e-03 3.511199999999999738e-02 3.511199999999999738e-02 7.362099226889892578e+09 1.763493113822235107e+09 1.879585501177319717e+10 1.879507947171539307e+10
5.785000000000000211e-03 3.511199999999999738e-02 4.010899999999999882e-02 1.211938325821860695e+10 6.520777145150936127e+09 1.432585372022500992e+10 1.432549408723362350e+10
5.785000000000000211e-03 3.511199999999999738e-02 4.509300000000000114e-02 1.596791746050187874e+10 1.036931134743423271e+10 2.033676677252874756e+10 2.033719934382840347e+10
5.785000000000000211e-03 4.010899999999999882e-02 4.010899999999999882e-02 7.081495607739356041e+09 1.482889494671696424e+09 1.739455044930749512e+10 1.739450918763615417e+10
5.785000000000000211e-03 4.010899999999999882e-02 4.509300000000000114e-02 1.161034819482934189e+10 6.011742081761697769e+09 1.384983581468706703e+10 1.384934679538276291e+10
5.785000000000000211e-03 4.010899999999999882e-02 5.008300000000000252e-02 1.448310177324716377e+10 8.884495660179510117e+09 1.788610557683608627e+10 1.788447620836350632e+10
5.785000000000000211e-03 4.509300000000000114e-02 4.509300000000000114e-02 7.209364495161637306e+09 1.610758382093989849e+09 1.625995101682275581e+10 1.625850724227421761e+10
5.785000000000000211e-03 4.509300000000000114e-02 5.008300000000000252e-02 1.141941117087317657e+10 5.820805057805533409e+09 1.311498045250720596e+10 1.311358056353351784e+10
5.785000000000000211e-03 4.509300000000000114e-02 5.508300000000000002e-02 1.335921181400136566e+10 7.760605700933732033e+09 1.595052143940259361e+10 1.594838596124270630e+10
5.785000000000000211e-03 5.008300000000000252e-02 5.008300000000000252e-02 7.226028309062336922e+09 1.627422195994679213e+09 1.562946882642068672e+10 1.562800054998123741e+10
5.785000000000000211e-03 5.008300000000000252e-02 5.508300000000000002e-02 1.111197584244650078e+10 5.513369729378840446e+09 1.239961779552402115e+10 1.239864647725194550e+10
5.785000000000000211e-03 5.008300000000000252e-02 6.007599999999999746e-02 1.362431050655205917e+10 8.025704393484384537e+09 1.515501755637016487e+10 1.515625452643007660e+10
5.785000000000000211e-03 5.508300000000000002e-02 5.508300000000000002e-02 6.637071285417822838e+09 1.038465172350164652e+09 1.529459149232000732e+10 1.529437907994470787e+10
5.785000000000000211e-03 5.508300000000000002e-02 6.007599999999999746e-02 1.069669975980613518e+10 5.098093646738469124e+09 1.221185908767051315e+10 1.221136711019303894e+10
5.785000000000000211e-03 5.508300000000000002e-02 6.506599999999999884e-02 1.311634072274912262e+10 7.517734609681470871e+09 1.339302705494562721e+10 1.339247015822326469e+10
5.785000000000000211e-03 6.007599999999999746e-02 6.007599999999999746e-02 6.230597651203059196e+09 6.319915381354060173e+08 1.471895862759185982e+10 1.471788530571937561e+10
5.785000000000000211e-03 6.007599999999999746e-02 6.506599999999999884e-02 1.037877854936370850e+10 4.780172436296059608e+09 1.172573846479608917e+10 1.172454552315487289e+10
5.785000000000000211e-03 6.007599999999999746e-02 7.006400000000000128e-02 1.291947137616133499e+10 7.320865263093658447e+09 1.284326096564338112e+10 1.284140827113733673e+10
5.785000000000000211e-03 6.506599999999999884e-02 6.506599999999999884e-02 6.250928199291626930e+09 6.523220862239645720e+08 1.447292004119740868e+10 1.447189534875747871e+10
5.785000000000000211e-03 6.506599999999999884e-02 7.006400000000000128e-02 1.023139375863902473e+10 4.632787645571374893e+09 1.144459423702857208e+10 1.144343205987688828e+10
5.785000000000000211e-03 6.506599999999999884e-02 7.506100000000000272e-02 1.287818544178411102e+10 7.279579328716469765e+09 1.173504600505979729e+10 1.173358699300427246e+10
5.785000000000000211e-03 7.006400000000000128e-02 7.006400000000000128e-02 6.172949196366543770e+09 5.743430832988762856e+08 1.406964449461282539e+10 1.406832469219909286e+10
5.785000000000000211e-03 7.006400000000000128e-02 7.506100000000000272e-02 1.013866620054403496e+10 4.540060087476393700e+09 1.110383678469785881e+10 1.110310984321949959e+10
5.785000000000000211e-03 7.006400000000000128e-02 8.005600000000000216e-02 1.307814132547758865e+10 7.479535212409930229e+09 1.124218780870051384e+10 1.124186086661544991e+10
5.785000000000000211e-03 7.506100000000000272e-02 7.506100000000000272e-02 6.066286276491384506e+09 4.676801634237304330e+08 1.379822770057976723e+10 1.379741941902615356e+10
5.785000000000000211e-03 7.506100000000000272e-02 8.005600000000000216e-02 9.723267604471435547e+09 4.124661491403774261e+09 1.102691806693077087e+10 1.102574786365637207e+10
5.785000000000000211e-03 8.005600000000000216e-02 8.005600000000000216e-02 5.736766594068760872e+09 1.381604810011106133e+08 1.360265413543456459e+10 1.360175022849193764e+10
1.042599999999999950e-02 1.042599999999999950e-02 1.042599999999999950e-02 1.485722344710219002e+10 9.258617334034519196e+09 4.538846260713075256e+10 4.538870536720661926e+10
1.042599999999999950e-02 1.042599999999999950e-02 1.528299999999999971e-02 1.538311928896764374e+10 9.784513175899999619e+09 2.321279561377985001e+10 2.321318377966222382e+10
1.042599999999999950e-02 1.042599999999999950e-02 2.021500000000000033e-02 1.572464685789123344e+10 1.012604074482358170e+10 2.545144096431152725e+10 2.545086411825513077e+10
1.042599999999999950e-02 1.042599999999999950e-02 2.516799999999999940e-02 1.974055771358190536e+10 1.414195160051422501e+10 5.414702501274278259e+10 5.414657836442636871e+10
1.042599999999999950e-02 1.528299999999999971e-02 1.528299999999999971e-02 1.609283887275293922e+10 1.049423275968530846e+10 1.954283671032413864e+10 1.954329932493690491e+10
1.042599999999999950e-02 1.528299999999999971e-02 2.021500000000000033e-02 1.604521770777952957e+10 1.044661159471189308e+10 1.189441214544255447e+10 1.189315924832262039e+10
1.042599999999999950e-02 1.528299999999999971e-02 2.516799999999999940e-02 1.793542763872221756e+10 1.233682152565457916e+10 1.455926002978523445e+10 1.456074021951313019e+10
1.042599999999999950e-02 1.528299999999999971e-02 3.012099999999999847e-02 1.804746336645596313e+10 1.244885725338831711e+10 3.104134317995325851e+10 3.104166473572360229e+10
1.042599999999999950e-02 2.021500000000000033e-02 2.021500000000000033e-02 1.657436350698299599e+10 1.097575739391533852e+10 1.359269431993005371e+10 1.359122216035882187e+10
1.042599999999999950e-02 2.021500000000000033e-02 2.516799999999999940e-02 1.599676206946594620e+10 1.039815595639829636e+10 9.321747917986166000e+09 9.321693508430469513e+09
1.042599999999999950e-02 2.021500000000000033e-02 3.012099999999999847e-02 1.667017420191032600e+10 1.107156808884269905e+10 1.099033872707439804e+10 1.099068656010145950e+10
1.042599999999999950e-02 2.021500000000000033e-02 3.511199999999999738e-02 1.735631963545561981e+10 1.175771352238795662e+10 2.255977712470407867e+10 2.255769415183021164e+10
1.042599999999999950e-02 2.516799999999999940e-02 2.516799999999999940e-02 1.531292566146443748e+10 9.714319548396785736e+09 1.089168909245935059e+10 1.089179370779916573e+10
1.042599999999999950e-02 2.516799999999999940e-02 3.012099999999999847e-02 1.527723892462462044e+10 9.678632811556978226e+09 7.355287090867807388e+09 7.353713041934861183e+09
1.042599999999999950e-02 2.516799999999999940e-02 3.511199999999999738e-02 1.636120120025562096e+10 1.076259508718795204e+10 8.819241731532827377e+09 8.818670718434387207e+09
1.042599999999999950e-02 2.516799999999999940e-02 4.010899999999999882e-02 1.646072436147162437e+10 1.086211824840397453e+10 1.872756330284679031e+10 1.872782734236560440e+10
1.042599999999999950e-02 3.012099999999999847e-02 3.012099999999999847e-02 1.465233539631001091e+10 9.053729283242370605e+09 9.142394039765623093e+09 9.141292403990676880e+09
1.042599999999999950e-02 3.012099999999999847e-02 3.511199999999999738e-02 1.466809442366311455e+10 9.069488310595460892e+09 6.239234557409866333e+09 6.237590017215492249e+09
1.042599999999999950e-02 3.012099999999999847e-02 4.010899999999999882e-02 1.527934276406025887e+10 9.680736650992622375e+09 7.218033508361957550e+09 7.218657910279674530e+09
1.042599999999999950e-02 3.012099999999999847e-02 4.509300000000000114e-02 1.559321029128883362e+10 9.994604178221208572e+09 1.635588333085981560e+10 1.635637553033653831e+10
1.042599999999999950e-02 3.511199999999999738e-02 3.511199999999999738e-02 1.372803236644210625e+10 8.129426253374463081e+09 7.587648900461355209e+09 7.588475666527106285e+09
1.042599999999999950e-02 3.511199999999999738e-02 4.010899999999999882e-02 1.377730872546145630e+10 8.178702612393806458e+09 5.393587445590803146e+09 5.394060816971223831e+09
1.042599999999999950e-02 3.511199999999999738e-02 4.509300000000000114e-02 1.436513834050481224e+10 8.766532227437160492e+09 6.225517127209516525e+09 6.225501847322363853e+09
1.042599999999999950e-02 3.511199999999999738e-02 5.008300000000000252e-02 1.581025780336995888e+10 1.021165169030232430e+10 1.328690267769121361e+10 1.328601185211377144e+10
1.042599999999999950e-02 4.010899999999999882e-02 4.010899999999999882e-02 1.284196069530317497e+10 7.243354582235526085e+09 6.310761599147872925e+09 6.312252376665781021e+09
1.042599999999999950e-02 4.010899999999999882e-02 4.509300000000000114e-02 1.327688486798558807e+10 7.678278754917945862e+09 4.580038773770555496e+09 4.579859165418435097e+09
1.042599999999999950e-02 4.010899999999999882e-02 5.008300000000000252e-02 1.391619800799393272e+10 8.317591894926275253e+09 5.396489919208031654e+09 5.395171538600165367e+09
1.042599999999999950e-02 4.010899999999999882e-02 5.508300000000000002e-02 1.478445473823743057e+10 9.185848625169782639e+09 1.194632900415869141e+10 1.194648893346594238e+10
1.042599999999999950e-02 4.509300000000000114e-02 4.509300000000000114e-02 1.274048852848245811e+10 7.141882415414808273e+09 5.411685335022802353e+09 5.411073683888428688e+09
1.042599999999999950e-02 4.509300000000000114e-02 5.008300000000000252e-02 1.291088010764945030e+10 7.312273994581788063e+09 4.120723687810793400e+09 4.119375551743103504e+09
1.042599999999999950e-02 4.509300000000000114e-02 5.508300000000000002e-02 1.338364631919574547e+10 7.785040206128093719e+09 4.600281470133894920e+09 4.599531033487772942e+09
1.042599999999999950e-02 4.509300000000000114e-02 6.007599999999999746e-02 1.412273842788856316e+10 8.524132314820906639e+09 1.035465968872475433e+10 1.035590014105214691e+10
1.042599999999999950e-02 5.008300000000000252e-02 5.008300000000000252e-02 1.250507324234432983e+10 6.906467129276697159e+09 5.153554220145983696e+09 5.151687324787009239e+09
1.042599999999999950e-02 5.008300000000000252e-02 5.508300000000000002e-02 1.236077828086996841e+10 6.762172167802286148e+09 3.806911745481344700e+09 3.805247406708757401e+09
1.042599999999999950e-02 5.008300000000000252e-02 6.007599999999999746e-02 1.282499534124290085e+10 7.226389228175245285e+09 4.225041105225635052e+09 4.224218497478300571e+09
1.042599999999999950e-02 5.008300000000000252e-02 6.506599999999999884e-02 1.393335848685804367e+10 8.334752373790396690e+09 9.457496551368944168e+09 9.456783899266023636e+09
1.042599999999999950e-02 5.508300000000000002e-02 5.508300000000000002e-02 1.181184558057966232e+10 6.213239467512015343e+09 4.527995993231177330e+09 4.528054993784476280e+09
1.042599999999999950e-02 5.508300000000000002e-02 6.007599999999999746e-02 1.195772734640454292e+10 6.359121233336885452e+09 3.627322952070368290e+09 3.626548620645386696e+09
1.042599999999999950e-02 5.508300000000000002e-02 6.506599999999999884e-02 1.244650649343027496e+10 6.847900380362622261e+09 4.135568469590280533e+09 4.134687202005450249e+09
1.042599999999999950e-02 5.508300000000000002e-02 7.006400000000000128e-02 1.306627757453689957e+10 7.467671461469268799e+09 8.577040573372251511e+09 8.577233719488191605e+09
1.042599999999999950e-02 6.007599999999999746e-02 6.007599999999999746e-02 1.169789589381318092e+10 6.099289780745513916e+09 4.357233679309619904e+09 4.357415345782803535e+09
1.042599999999999950e-02 6.007599999999999746e-02 6.506599999999999884e-02 1.168638396944614601e+10 6.087777856378494263e+09 3.499661075236894131e+09 3.499158963999066353e+09
1.042599999999999950e-02 6.007599999999999746e-02 7.006400000000000128e-02 1.230747746783017349e+10 6.708871354762528419e+09 3.727754020565097332e+09 3.726585106592025280e+09
1.042599999999999950e-02 6.007599999999999746e-02 7.506100000000000272e-02 1.304508018515712357e+10 7.446474072089474678e+09 8.220701153922321320e+09 8.220442068238960266e+09
1.042599999999999950e-02 6.506599999999999884e-02 6.506599999999999884e-02 1.135243268209441566e+10 5.753826569026762962e+09 4.012612426565528870e+09 4.012981253354735851e+09
1.042599999999999950e-02 6.506599999999999884e-02 7.006400000000000128e-02 1.143195657149083328e+10 5.833350458423191071e+09 3.220980226625785828e+09 3.219887040527326584e+09
1.042599999999999950e-02 6.506599999999999884e-02 7.506100000000000272e-02 1.213445062405895424e+10 6.535844510991306305e+09 3.523060630018755436e+09 3.523589561807374477e+09
1.042599999999999950e-02 6.506599999999999884e-02 8.005600000000000216e-02 1.265250342480775261e+10 7.053897311740088463e+09 7.640130743410729408e+09 7.640119800895984650e+09
1.042599999999999950e-02 7.006400000000000128e-02 7.006400000000000128e-02 1.139690249990234184e+10 5.798296386834674835e+09 3.863464068018427849e+09 3.862207343225660324e+09
1.042599999999999950e-02 7.006400000000000128e-02 7.506100000000000272e-02 1.128806984564096642e+10 5.689463732573312759e+09 3.101323025194388390e+09 3.101534397003221035e+09
1.042599999999999950e-02 7.006400000000000128e-02 8.005600000000000216e-02 1.184349336352930069e+10 6.244887250461644173e+09 3.190572604223870277e+09 3.190880954512554646e+09
1.042599999999999950e-02 7.506100000000000272e-02 7.506100000000000272e-02 1.103933861500567436e+10 5.440732501938011169e+09 3.524306485154473305e+09 3.524291214925995350e+09
1.042599999999999950e-02 7.506100000000000272e-02 8.005600000000000216e-02 1.091910463130598259e+10 5.320498518238320351e+09 2.972707734446272373e+09 2.971865914919986248e+09
1.042599999999999950e-02 8.005600000000000216e-02 8.005600000000000216e-02 1.063401153772674561e+10 5.035405424659088135e+09 3.382775609743383408e+09 3.381450502074550629e+09
1.528299999999999971e-02 1.528299999999999971e-02 1.528299999999999971e-02 1.722538808175859070e+10 1.162678196869094086e+10 2.604051768940409088e+10 2.604103515227230072e+10
1.528299999999999971e-02 1.528299999999999971e-02 2.021500000000000033e-02 1.704941119896474075e+10 1.145080508589713287e+10 1.364864520334835243e+10 1.364769298287437057e+10
1.528299999999999971e-02 1.528299999999999971e-02 2.516799999999999940e-02 1.758870119052452850e+10 1.199009507745684242e+10 1.200366839429221916e+10 1.200229131710519028e+10
1.528299999999999971e-02 1.528299999999999971e-02 3.012099999999999847e-02 1.778864358563134384e+10 1.219003747256367683e+10 1.460043152853728294e+10 1.459959617999767685e+10
1.528299999999999971e-02 1.528299999999999971e-02 3.511199999999999738e-02 1.784398739094651031e+10 1.224538127787885284e+10 3.319702503400759506e+10 3.319573208730017090e+10
1.528299999999999971e-02 2.021500000000000033e-02 2.021500000000000033e-02 1.661715186136534691e+10 1.101854574829769516e+10 1.155016286286589813e+10 1.154893801137937546e+10
1.528299999999999971e-02 2.021500000000000033e-02 2.516799999999999940e-02 1.672604346636116791e+10 1.112743735329353142e+10 7.387387403082830429e+09 7.387305214700331688e+09
1.528299999999999971e-02 2.021500000000000033e-02 3.012099999999999847e-02 1.686357473439653778e+10 1.126496862132885742e+10 7.027754261745989799e+09 7.028226159048731804e+09
1.528299999999999971e-02 2.021500000000000033e-02 3.511199999999999738e-02 1.724744074106637192e+10 1.164883462799873352e+10 8.438598856297369003e+09 8.437358960505086899e+09
1.528299999999999971e-02 2.021500000000000033e-02 4.010899999999999882e-02 1.706904442197629547e+10 1.147043830890865707e+10 1.828227452292329788e+10 1.828270105721265793e+10
1.528299999999999971e-02 2.516799999999999940e-02 2.516799999999999940e-02 1.604726442932981682e+10 1.044865831626212311e+10 8.755248087984870911e+09 8.755056701737018585e+09
1.528299999999999971e-02 2.516799999999999940e-02 3.012099999999999847e-02 1.560089878392949295e+10 1.000229267086182976e+10 5.716863603791357040e+09 5.717138732788591385e+09
1.528299999999999971e-02 2.516799999999999940e-02 3.511199999999999738e-02 1.572821364063755035e+10 1.012960752756990433e+10 5.427318998216421127e+09 5.426342310974045753e+09
1.528299999999999971e-02 2.516799999999999940e-02 4.010899999999999882e-02 1.631218891528570366e+10 1.071358280221803856e+10 6.525655275791084290e+09 6.524184196051650047e+09
1.528299999999999971e-02 2.516799999999999940e-02 4.509300000000000114e-02 1.696648259195216560e+10 1.136787647888452530e+10 1.517060233892681885e+10 1.517170870154115486e+10
1.528299999999999971e-02 3.012099999999999847e-02 3.012099999999999847e-02 1.516511439502217865e+10 9.566508281954530716e+09 6.772818325077842712e+09 6.772454475650618553e+09
1.528299999999999971e-02 3.012099999999999847e-02 3.511199999999999738e-02 1.502470222382194519e+10 9.426096110754293442e+09 4.706571508121901512e+09 4.706049822634516716e+09
1.528299999999999971e-02 3.012099999999999847e-02 4.010899999999999882e-02 1.525330829907004738e+10 9.654702186002355576e+09 4.417591245483382225e+09 4.416804311402059555e+09
1.528299999999999971e-02 3.012099999999999847e-02 4.509300000000000114e-02 1.548614281111679077e+10 9.887536698049152374e+09 5.694939667320419312e+09 5.695082251344569206e+09
1.528299999999999971e-02 3.012099999999999847e-02 5.008300000000000252e-02 1.498671528797669983e+10 9.388109174909023285e+09 1.345892151138639832e+10 1.345876877753755188e+10
1.528299999999999971e-02 3.511199999999999738e-02 3.511199999999999738e-02 1.419034286134003448e+10 8.591736748272388458e+09 5.760663274531410217e+09 5.760125519412322998e+09
1.528299999999999971e-02 3.511199999999999738e-02 4.010899999999999882e-02 1.429367526580899620e+10 8.695069152741329193e+09 3.962748909814712048e+09 3.962040899447385311e+09
1.528299999999999971e-02 3.511199999999999738e-02 4.509300000000000114e-02 1.449683607786266708e+10 8.898229964794996262e+09 3.822202984284187794e+09 3.822189598188002110e+09
1.528299999999999971e-02 3.511199999999999738e-02 5.008300000000000252e-02 1.483212133777986526e+10 9.233515224712238312e+09 4.808675668853014946e+09 4.808173011421357155e+09
1.528299999999999971e-02 3.511199999999999738e-02 5.508300000000000002e-02 1.517941387740112305e+10 9.580807764333452225e+09 1.126375091034942436e+10 1.126439256399785995e+10
1.528299999999999971e-02 4.010899999999999882e-02 4.010899999999999882e-02 1.391744864789265060e+10 8.318842534825003624e+09 4.846418778913880348e+09 4.846798179207059860e+09
1.528299999999999971e-02 4.010899999999999882e-02 4.509300000000000114e-02 1.366772504291536903e+10 8.069118929847707748e+09 3.375488118167779446e+09 3.376351256857862949e+09
1.528299999999999971e-02 4.010899999999999882e-02 5.008300000000000252e-02 1.397470404864633751e+10 8.376097935578690529e+09 3.455837717770915508e+09 3.455197916503561497e+09
1.528299999999999971e-02 4.010899999999999882e-02 5.508300000000000002e-02 1.428260972430015373e+10 8.684003611232505798e+09 4.081056799981196880e+09 4.080490688746392727e+09
1.528299999999999971e-02 4.010899999999999882e-02 6.007599999999999746e-02 1.413279776466820908e+10 8.534191651600564003e+09 9.743709831538228989e+09 9.741740028878643036e+09
1.528299999999999971e-02 4.509300000000000114e-02 4.509300000000000114e-02 1.328066608076775932e+10 7.682059967700102806e+09 4.272831339600056648e+09 4.272517990277316570e+09
1.528299999999999971e-02 4.509300000000000114e-02 5.008300000000000252e-02 1.314528451655354309e+10 7.546678403485894203e+09 2.978164241055147648e+09 2.977486914476278305e+09
1.528299999999999971e-02 4.509300000000000114e-02 5.508300000000000002e-02 1.330074176675304222e+10 7.702135653685354233e+09 2.873913146728449345e+09 2.873440182020528793e+09
1.528299999999999971e-02 4.509300000000000114e-02 6.007599999999999746e-02 1.367390939321804428e+10 8.075303280150384903e+09 3.656555229536277294e+09 3.656174652240093231e+09
1.528299999999999971e-02 4.509300000000000114e-02 6.506599999999999884e-02 1.385460879944893646e+10 8.256002686381284714e+09 8.725333262606941223e+09 8.725391318969490051e+09
1.528299999999999971e-02 5.008300000000000252e-02 5.008300000000000252e-02 1.268254266660590935e+10 7.083936553538235664e+09 3.888999063066610336e+09 3.887904693967159271e+09
1.528299999999999971e-02 5.008300000000000252e-02 5.508300000000000002e-02 1.273590089151070976e+10 7.137294778443058968e+09 2.612634771133367062e+09 2.611506692866627216e+09
1.528299999999999971e-02 5.008300000000000252e-02 6.007599999999999746e-02 1.297749726989272499e+10 7.378891156825066566e+09 2.574728671797095299e+09 2.574309520920090199e+09
1.528299999999999971e-02 5.008300000000000252e-02 6.506599999999999884e-02 1.328000698186131096e+10 7.681400868793660164e+09 3.335322861768565178e+09 3.335144954473186016e+09
1.528299999999999971e-02 5.008300000000000252e-02 7.006400000000000128e-02 1.348063618808336449e+10 7.882030075015735626e+09 7.791606202192757607e+09 7.792466028345470428e+09
1.528299999999999971e-02 5.508300000000000002e-02 5.508300000000000002e-02 1.240455783047961235e+10 6.805951717411965370e+09 3.448976969462705135e+09 3.447881233303898811e+09
1.528299999999999971e-02 5.508300000000000002e-02 6.007599999999999746e-02 1.249852828733918953e+10 6.899922174271552086e+09 2.395225944578734875e+09 2.395085706196116924e+09
1.528299999999999971e-02 5.508300000000000002e-02 6.506599999999999884e-02 1.257925273757207108e+10 6.980646624504428864e+09 2.349551230023078918e+09 2.349770797295437813e+09
1.528299999999999971e-02 5.508300000000000002e-02 7.006400000000000128e-02 1.284047695486751747e+10 7.241870841799832344e+09 2.874359400013883591e+09 2.873671537914957523e+09
1.528299999999999971e-02 5.508300000000000002e-02 7.506100000000000272e-02 1.259073245538071823e+10 6.992126342313069344e+09 7.040600666679272652e+09 7.040845979647141457e+09
1.528299999999999971e-02 6.007599999999999746e-02 6.007599999999999746e-02 1.207038233115493584e+10 6.471776218087261200e+09 3.049127319606135845e+09 3.049333847633800983e+09
1.528299999999999971e-02 6.007599999999999746e-02 6.506599999999999884e-02 1.207786349551020432e+10 6.479257382442545891e+09 2.121679435747668743e+09 2.121402091268084526e+09
1.528299999999999971e-02 6.007599999999999746e-02 7.006400000000000128e-02 1.230365874687011147e+10 6.705052633802453995e+09 2.204711845937482834e+09 2.204823778135107994e+09
1.528299999999999971e-02 6.007599999999999746e-02 7.506100000000000272e-02 1.252614328172038460e+10 6.927537168652718544e+09 2.805250128011898041e+09 2.805335246176180363e+09
1.528299999999999971e-02 6.007599999999999746e-02 8.005600000000000216e-02 1.282180141589516830e+10 7.223195302827515602e+09 6.532873855649863243e+09 6.532583572422106743e+09
1.528299999999999971e-02 6.506599999999999884e-02 6.506599999999999884e-02 1.182177299956322479e+10 6.223166886495572090e+09 2.937486577950366497e+09 2.937410552265432835e+09
1.528299999999999971e-02 6.506599999999999884e-02 7.006400000000000128e-02 1.188241704349868393e+10 6.283810930431013107e+09 2.033313309441534281e+09 2.032604610661312342e+09
1.528299999999999971e-02 6.506599999999999884e-02 7.506100000000000272e-02 1.194375813318898773e+10 6.345152020121314049e+09 2.043611045366896391e+09 2.043640191924805880e+09
1.528299999999999971e-02 6.506599999999999884e-02 8.005600000000000216e-02 1.225391619739828873e+10 6.655310084330612183e+09 2.504233228427866459e+09 2.504649118676764965e+09
1.528299999999999971e-02 7.006400000000000128e-02 7.006400000000000128e-02 1.162636087389298439e+10 6.027754760825316429e+09 2.572665487154788494e+09 2.572627967694241524e+09
1.528299999999999971e-02 7.006400000000000128e-02 7.506100000000000272e-02 1.159150085895396805e+10 5.992894745886322975e+09 1.868309248602066278e+09 1.867941567440011501e+09
1.528299999999999971e-02 7.006400000000000128e-02 8.005600000000000216e-02 1.177141431934371567e+10 6.172808206276080132e+09 1.959898128461343288e+09 1.958832710831677437e+09
1.528299999999999971e-02 7.506100000000000272e-02 7.506100000000000272e-02 1.153431755656599998e+10 5.935711443498331070e+09 2.465139236428389549e+09 2.465416627514513016e+09
1.528299999999999971e-02 7.506100000000000272e-02 8.005600000000000216e-02 1.146200966835158920e+10 5.863403555283950806e+09 1.793352044550534010e+09 1.792303923496115446e+09
1.528299999999999971e-02 8.005600000000000216e-02 8.005600000000000216e-02 1.113692359519355583e+10 5.538317482125888824e+09 2.253410378968087673e+09 2.252103228716814041e+09
2.021500000000000033e-02 2.021500000000000033e-02 2.021500000000000033e-02 1.672243097880395126e+10 1.112382486573632240e+10 1.688503769038828659e+10 1.688422787721100998e+10
2.021500000000000033e-02 2.021500000000000033e-02 2.516799999999999940e-02 1.624666175797751808e+10 1.064805564490987778e+10 8.820140827435430527e+09 8.821028692406169891e+09
2.021500000000000033e-02 2.021500000000000033e-02 3.012099999999999847e-02 1.643272204990159035e+10 1.083411593683390808e+10 7.752515488027142525e+09 7.753076747970401764e+09
2.021500000000000033e-02 2.021500000000000033e-02 3.511199999999999738e-02 1.665814713398233414e+10 1.105954102091469002e+10 7.296487522195468903e+09 7.295950980148450851e+09
2.021500000000000033e-02 2.021500000000000033e-02 4.010899999999999882e-02 1.673521604714161682e+10 1.113660993407396889e+10 8.534120514690774918e+09 8.533550445087573051e+09
2.021500000000000033e-02 2.021500000000000033e-02 4.509300000000000114e-02 1.632977808495660210e+10 1.073117197188894081e+10 2.138823623844393921e+10 2.138798567218346786e+10
2.021500000000000033e-02 2.516799999999999940e-02 2.516799999999999940e-02 1.590350891213484955e+10 1.030490279906721497e+10 8.016233996205380440e+09 8.015806151893387794e+09
2.021500000000000033e-02 2.516799999999999940e-02 3.012099999999999847e-02 1.548892892216270447e+10 9.890322809095066071e+09 4.790602165347614288e+09 4.789503949997203827e+09
2.021500000000000033e-02 2.516799999999999940e-02 3.511199999999999738e-02 1.559239530128382874e+10 9.993789188216171265e+09 4.571624352335820198e+09 4.569857057701115608e+09
2.021500000000000033e-02 2.516799999999999940e-02 4.010899999999999882e-02 1.587912146939322662e+10 1.028051535632556534e+10 4.263201087782277584e+09 4.261242450754640102e+09
2.021500000000000033e-02 2.516799999999999940e-02 4.509300000000000114e-02 1.592305657362191200e+10 1.032445046055425835e+10 5.361166765162689209e+09 5.360658236587345123e+09
2.021500000000000033e-02 2.516799999999999940e-02 5.008300000000000252e-02 1.539163959819128609e+10 9.793033485123617172e+09 1.227834576032485199e+10 1.227918404249286652e+10
2.021500000000000033e-02 3.012099999999999847e-02 3.012099999999999847e-02 1.494269889041239166e+10 9.344092777344764709e+09 5.941300911818997383e+09 5.939664498672714233e+09
2.021500000000000033e-02 3.012099999999999847e-02 3.511199999999999738e-02 1.466533045171866608e+10 9.066724338651027679e+09 3.795450136767634869e+09 3.796267379469396114e+09
2.021500000000000033e-02 3.012099999999999847e-02 4.010899999999999882e-02 1.464876249351199532e+10 9.050156380444341660e+09 3.736985465814093590e+09 3.736880511268146992e+09
2.021500000000000033e-02 3.012099999999999847e-02 4.509300000000000114e-02 1.517544831187224197e+10 9.576842198804578781e+09 3.343141886211457729e+09 3.340757322520313740e+09
2.021500000000000033e-02 3.012099999999999847e-02 5.008300000000000252e-02 1.524255669945783806e+10 9.643950586390167236e+09 4.370746073137454987e+09 4.371453159407891273e+09
2.021500000000000033e-02 3.012099999999999847e-02 5.508300000000000002e-02 1.458681351713280296e+10 8.988207404065143585e+09 1.079684346794913292e+10 1.079695888952045059e+10
2.021500000000000033e-02 3.511199999999999738e-02 3.511199999999999738e-02 1.410695700328088760e+10 8.508350890213221550e+09 4.884051914401801109e+09 4.884669203064560890e+09
2.021500000000000033e-02 3.511199999999999738e-02 4.010899999999999882e-02 1.402505634231440544e+10 8.426450229246793747e+09 3.290989017587048054e+09 3.290551611720379353e+09
2.021500000000000033e-02 3.511199999999999738e-02 4.509300000000000114e-02 1.410471292103989029e+10 8.506106807972226143e+09 2.962729770887385845e+09 2.961983477545732975e+09
2.021500000000000033e-02 3.511199999999999738e-02 5.008300000000000252e-02 1.435670909443424034e+10 8.758102981366582870e+09 2.891238629320070744e+09 2.890762870111063004e+09
2.021500000000000033e-02 3.511199999999999738e-02 5.508300000000000002e-02 1.441488120906571198e+10 8.816275095998023987e+09 3.669751401992352486e+09 3.669079541612657070e+09
2.021500000000000033e-02 3.511199999999999738e-02 6.007599999999999746e-02 1.358855968101081848e+10 7.989953567943170547e+09 8.960486125162410736e+09 8.959311851763990402e+09
2.021500000000000033e-02 4.010899999999999882e-02 4.010899999999999882e-02 1.383904713797806168e+10 8.240441024910402298e+09 4.301601200812566757e+09 4.300590305140027046e+09
2.021500000000000033e-02 4.010899999999999882e-02 4.509300000000000114e-02 1.336182624389428139e+10 7.763220130826620102e+09 2.838140068502192020e+09 2.837447099149057388e+09
2.021500000000000033e-02 4.010899999999999882e-02 5.008300000000000252e-02 1.363965115989712906e+10 8.041045046829477310e+09 2.646535577361064434e+09 2.645167986039536953e+09
2.021500000000000033e-02 4.010899999999999882e-02 5.508300000000000002e-02 1.371722583269433784e+10 8.118619719626644135e+09 2.524022108422245979e+09 2.523887126140078545e+09
2.021500000000000033e-02 4.010899999999999882e-02 6.007599999999999746e-02 1.370456639488169861e+10 8.105960281814056396e+09 3.349343971706342697e+09 3.347594843687779427e+09
2.021500000000000033e-02 4.010899999999999882e-02 6.506599999999999884e-02 1.399666931350974655e+10 8.398063200442093849e+09 7.978427933567430496e+09 7.976052287185805321e+09
2.021500000000000033e-02 4.509300000000000114e-02 4.509300000000000114e-02 1.322890726967972374e+10 7.630301156612063408e+09 3.700671030168400288e+09 3.700490760646987438e+09
2.021500000000000033e-02 4.509300000000000114e-02 5.008300000000000252e-02 1.300743297272445869e+10 7.408826859656801224e+09 2.505654824067195415e+09 2.505557103984204292e+09
2.021500000000000033e-02 4.509300000000000114e-02 5.508300000000000002e-02 1.300274139356722641e+10 7.404135280499556541e+09 2.409550248396840096e+09 2.409268247059759617e+09
2.021500000000000033e-02 4.509300000000000114e-02 6.007599999999999746e-02 1.333336170699102592e+10 7.734755593923376083e+09 2.314492320347693920e+09 2.313294475469776630e+09
2.021500000000000033e-02 4.509300000000000114e-02 6.506599999999999884e-02 1.345302729688656998e+10 7.854421183818913460e+09 2.979264881154709339e+09 2.978600004468269348e+09
2.021500000000000033e-02 4.509300000000000114e-02 7.006400000000000128e-02 1.293848133534370804e+10 7.339875222276058197e+09 7.138926126103756905e+09 7.138149103001934052e+09
2.021500000000000033e-02 5.008300000000000252e-02 5.008300000000000252e-02 1.259925589488068008e+10 7.000649781813014984e+09 3.150709440917948723e+09 3.149105999684213638e+09
2.021500000000000033e-02 5.008300000000000252e-02 5.508300000000000002e-02 1.247439772526443481e+10 6.875791612196776390e+09 2.078252365855788469e+09 2.077357307145817280e+09
2.021500000000000033e-02 5.008300000000000252e-02 6.007599999999999746e-02 1.259473492856156540e+10 6.996128815493929863e+09 2.121463471799922943e+09 2.121588056961658955e+09
2.021500000000000033e-02 5.008300000000000252e-02 6.506599999999999884e-02 1.283809254268208694e+10 7.239486429614407539e+09 2.047767835741109371e+09 2.046980648248520613e+09
2.021500000000000033e-02 5.008300000000000252e-02 7.006400000000000128e-02 1.294855472227286339e+10 7.349948609205214500e+09 2.691474726656893730e+09 2.690305329803438187e+09
2.021500000000000033e-02 5.008300000000000252e-02 7.506100000000000272e-02 1.276893091975826263e+10 7.170324806690614700e+09 6.540268573910357475e+09 6.537743660373518944e+09
2.021500000000000033e-02 5.508300000000000002e-02 5.508300000000000002e-02 1.231806629910589027e+10 6.719460186038254738e+09 2.811888367008010864e+09 2.811265666250550747e+09
2.021500000000000033e-02 5.508300000000000002e-02 6.007599999999999746e-02 1.212448909090649796e+10 6.525882977838858604e+09 1.995172439703506231e+09 1.993975725708433867e+09
2.021500000000000033e-02 5.508300000000000002e-02 6.506599999999999884e-02 1.229458635604598999e+10 6.695980242978331566e+09 1.890935205706697941e+09 1.892352076211930513e+09
2.021500000000000033e-02 5.508300000000000002e-02 7.006400000000000128e-02 1.252388670351266670e+10 6.925280590445000648e+09 1.912529777913722515e+09 1.912192608160871983e+09
2.021500000000000033e-02 5.508300000000000002e-02 7.506100000000000272e-02 1.254256935195497704e+10 6.943963238887313843e+09 2.535612238160883427e+09 2.535700939222156525e+09
2.021500000000000033e-02 5.508300000000000002e-02 8.005600000000000216e-02 1.248277558986018372e+10 6.884169476792544365e+09 5.996846976228767395e+09 5.998061394506411552e+09
2.021500000000000033e-02 6.007599999999999746e-02 6.007599999999999746e-02 1.199841644951128578e+10 6.399810336443625450e+09 2.513088115977600098e+09 2.513435246500625610e+09
2.021500000000000033e-02 6.007599999999999746e-02 6.506599999999999884e-02 1.196444975654636383e+10 6.365843643478697777e+09 1.862817872581000328e+09 1.862676198964135647e+09
2.021500000000000033e-02 6.007599999999999746e-02 7.006400000000000128e-02 1.203882003642075157e+10 6.440213923353092194e+09 1.710236872102277994e+09 1.710910538091280222e+09
2.021500000000000033e-02 6.007599999999999746e-02 7.506100000000000272e-02 1.225450384133668327e+10 6.655897728269048691e+09 1.775955931039627314e+09 1.775300582808997869e+09
2.021500000000000033e-02 6.007599999999999746e-02 8.005600000000000216e-02 1.224039526249911499e+10 6.641789149431456566e+09 2.231446649520292282e+09 2.229749555512889385e+09
2.021500000000000033e-02 6.506599999999999884e-02 6.506599999999999884e-02 1.175512804887888145e+10 6.156521935811242104e+09 2.366245208614042759e+09 2.365760911633614063e+09
2.021500000000000033e-02 6.506599999999999884e-02 7.006400000000000128e-02 1.177379988358153152e+10 6.175193770513856888e+09 1.667828843638344288e+09 1.667789237861216784e+09
2.021500000000000033e-02 6.506599999999999884e-02 7.506100000000000272e-02 1.185272433105762672e+10 6.254118217989964485e+09 1.582073985533793211e+09 1.581824960499793291e+09
2.021500000000000033e-02 6.506599999999999884e-02 8.005600000000000216e-02 1.199778465052038193e+10 6.399178537452742577e+09 1.605641591236303091e+09 1.604648673077024460e+09
2.021500000000000033e-02 7.006400000000000128e-02 7.006400000000000128e-02 1.157968598982543564e+10 5.981079876757774353e+09 2.128527712680515289e+09 2.129031789952780724e+09
2.021500000000000033e-02 7.006400000000000128e-02 7.506100000000000272e-02 1.151579899307344437e+10 5.917192880005803108e+09 1.484839768082955360e+09 1.484970639038604736e+09
2.021500000000000033e-02 7.006400000000000128e-02 8.005600000000000216e-02 1.157687462379259872e+10 5.978268510724919319e+09 1.462261419842445374e+09 1.461480729825195789e+09
2.021500000000000033e-02 7.506100000000000272e-02 7.506100000000000272e-02 1.150769333678311539e+10 5.909087223715466499e+09 1.999621378177482128e+09 1.999256234437558889e+09
2.021500000000000033e-02 7.506100000000000272e-02 8.005600000000000216e-02 1.134959406163032341e+10 5.750987948562672615e+09 1.431686012507060051e+09 1.431770184586986542e+09
2.021500000000000033e-02 8.005600000000000216e-02 8.005600000000000216e-02 1.112474487109107018e+10 5.526138758023429871e+09 1.864142039196402550e+09 1.863806708401434660e+09
2.516799999999999940e-02 2.516799999999999940e-02 2.516799999999999940e-02 1.503789080545153618e+10 9.439284692383867264e+09 1.167374328141166115e+10 1.167363983196683121e+10
2.516799999999999940e-02 2.516799999999999940e-02 3.012099999999999847e-02 1.443978743348456573e+10 8.841181320416893005e+09 6.046794865742622375e+09 6.046678701282425880e+09
2.516799999999999940e-02 2.516799999999999940e-02 3.511199999999999738e-02 1.487334281935521317e+10 9.274736706287549973e+09 5.578892420695611954e+09 5.577889393771149635e+09
2.516799999999999940e-02 2.516799999999999940e-02 4.010899999999999882e-02 1.504504371989483833e+10 9.446437606827192307e+09 5.118378498988246918e+09 5.117256272530312538e+09
2.516799999999999940e-02 2.516799999999999940e-02 4.509300000000000114e-02 1.506134535198117828e+10 9.462739238913524628e+09 4.790696777139399529e+09 4.789750199012685776e+09
2.516799999999999940e-02 2.516799999999999940e-02 5.008300000000000252e-02 1.498650531570805740e+10 9.387899202640399933e+09 6.053370845822279930e+09 6.052833851963658333e+09
2.516799999999999940e-02 2.516799999999999940e-02 5.508300000000000002e-02 1.525403989088397789e+10 9.655433777816316605e+09 1.431689900731978798e+10 1.431581593536002159e+10
2.516799999999999940e-02 3.012099999999999847e-02 3.012099999999999847e-02 1.464900629678302002e+10 9.050400183715381622e+09 5.743921913214722633e+09 5.743255136529722214e+09
2.516799999999999940e-02 3.012099999999999847e-02 3.511199999999999738e-02 1.421005623591582680e+10 8.611450122848146439e+09 3.543731245311495781e+09 3.542447610220372677e+09
2.516799999999999940e-02 3.012099999999999847e-02 4.010899999999999882e-02 1.415663010415945625e+10 8.558023991091781616e+09 3.372856732252954483e+09 3.372691754397694111e+09
2.516799999999999940e-02 3.012099999999999847e-02 4.509300000000000114e-02 1.413719965096222305e+10 8.538593537894580841e+09 3.140415019708621979e+09 3.140026913962732315e+09
2.516799999999999940e-02 3.012099999999999847e-02 5.008300000000000252e-02 1.445489604648507118e+10 8.856289933417442322e+09 2.997443156786732674e+09 2.995542500690332413e+09
2.516799999999999940e-02 3.012099999999999847e-02 5.508300000000000002e-02 1.456094014976990700e+10 8.962334036702245712e+09 3.868781430195515156e+09 3.868579544288809299e+09
2.516799999999999940e-02 3.012099999999999847e-02 6.007599999999999746e-02 1.479434140003781700e+10 9.195735286970161438e+09 9.313689396093828201e+09 9.314973359084676743e+09
2.516799999999999940e-02 3.511199999999999738e-02 3.511199999999999738e-02 1.371244145743027496e+10 8.113835344362619400e+09 4.405388053408107758e+09 4.404726397397928238e+09
2.516799999999999940e-02 3.511199999999999738e-02 4.010899999999999882e-02 1.332204303034488678e+10 7.723436917277234077e+09 2.898252167282339096e+09 2.898484034677084446e+09
2.516799999999999940e-02 3.511199999999999738e-02 4.509300000000000114e-02 1.355589019110269165e+10 7.957284078035029411e+09 2.608533098361681938e+09 2.607390807597017288e+09
2.516799999999999940e-02 3.511199999999999738e-02 5.008300000000000252e-02 1.363590270439300346e+10 8.037296591325358391e+09 2.475500009156439781e+09 2.474472248998471260e+09
2.516799999999999940e-02 3.511199999999999738e-02 5.508300000000000002e-02 1.388688496177390671e+10 8.288278848706274033e+09 2.520016807030700207e+09 2.519183385537315369e+09
2.516799999999999940e-02 3.511199999999999738e-02 6.007599999999999746e-02 1.392902783889783287e+10 8.330421725830196381e+09 3.229119379366564751e+09 3.227589255831980228e+09
2.516799999999999940e-02 3.511199999999999738e-02 6.506599999999999884e-02 1.371023924335853958e+10 8.111633130290880203e+09 7.970214135578801155e+09 7.970311249352801323e+09
2.516799999999999940e-02 4.010899999999999882e-02 4.010899999999999882e-02 1.319546427029571342e+10 7.596858157228065491e+09 3.552479032755396366e+09 3.553559994015054703e+09
2.516799999999999940e-02 4.010899999999999882e-02 4.509300000000000114e-02 1.298398925609066772e+10 7.385383143023002625e+09 2.409556734619894028e+09 2.408971546915476322e+09
2.516799999999999940e-02 4.010899999999999882e-02 5.008300000000000252e-02 1.286369153831055069e+10 7.265085425242896080e+09 2.365862585396010876e+09 2.364476766097585201e+09
2.516799999999999940e-02 4.010899999999999882e-02 5.508300000000000002e-02 1.298257297417911339e+10 7.383966861111447334e+09 2.228499330529952526e+09 2.227255947656683922e+09
2.516799999999999940e-02 4.010899999999999882e-02 6.007599999999999746e-02 1.337469827722828674e+10 7.776092164160637856e+09 2.219783655785760880e+09 2.218693411458209515e+09
2.516799999999999940e-02 4.010899999999999882e-02 6.506599999999999884e-02 1.320089429699187660e+10 7.602288183924216270e+09 2.918476928079774857e+09 2.918306521400653839e+09
2.516799999999999940e-02 4.010899999999999882e-02 7.006400000000000128e-02 1.317917256386494064e+10 7.580566450797295570e+09 7.173064855974504471e+09 7.173059552546235085e+09
2.516799999999999940e-02 4.509300000000000114e-02 4.509300000000000114e-02 1.263208248250335312e+10 7.033476369435682297e+09 3.232794018204504967e+09 3.232899497808753967e+09
2.516799999999999940e-02 4.509300000000000114e-02 5.008300000000000252e-02 1.259670936879391670e+10 6.998103255726280212e+09 2.145596050475722313e+09 2.144111944674713135e+09
2.516799999999999940e-02 4.509300000000000114e-02 5.508300000000000002e-02 1.244906401727262497e+10 6.850457904204973221e+09 2.011585904442580700e+09 2.009731233350900650e+09
2.516799999999999940e-02 4.509300000000000114e-02 6.007599999999999746e-02 1.251690035615446663e+10 6.918294243086803436e+09 1.989801059952636242e+09 1.988202694187897921e+09
2.516799999999999940e-02 4.509300000000000114e-02 6.506599999999999884e-02 1.273221661198446465e+10 7.133610498916783333e+09 2.005556359797621727e+09 2.005216458053213358e+09
2.516799999999999940e-02 4.509300000000000114e-02 7.006400000000000128e-02 1.283459144963237190e+10 7.235985336564713478e+09 2.508382201992572308e+09 2.507028586008064747e+09
2.516799999999999940e-02 4.509300000000000114e-02 7.506100000000000272e-02 1.252504626435313225e+10 6.926440151285465240e+09 6.081929141325606346e+09 6.082005699604130745e+09
2.516799999999999940e-02 5.008300000000000252e-02 5.008300000000000252e-02 1.225448747979320526e+10 6.655881366725554466e+09 2.788360727746647358e+09 2.786315653529521942e+09
2.516799999999999940e-02 5.008300000000000252e-02 5.508300000000000002e-02 1.213990688475743103e+10 6.541300771689771652e+09 1.947292444173068047e+09 1.945259701687777758e+09
2.516799999999999940e-02 5.008300000000000252e-02 6.007599999999999746e-02 1.201880967297785378e+10 6.420203559910196304e+09 1.877631364348574162e+09 1.875923761439239025e+09
2.516799999999999940e-02 5.008300000000000252e-02 6.506599999999999884e-02 1.222052538003968048e+10 6.621919266972028732e+09 1.754722185768691063e+09 1.753083128203053951e+09
2.516799999999999940e-02 5.008300000000000252e-02 7.006400000000000128e-02 1.238087522234481430e+10 6.782269109277153015e+09 1.757691967468174219e+09 1.756691924717293501e+09
2.516799999999999940e-02 5.008300000000000252e-02 7.506100000000000272e-02 1.252071879773564720e+10 6.922112684668006897e+09 2.211862474034390926e+09 2.210237800082481384e+09
2.516799999999999940e-02 5.008300000000000252e-02 8.005600000000000216e-02 1.228917804850918007e+10 6.690571935441504478e+09 5.570538065356793404e+09 5.570287526864686012e+09
2.516799999999999940e-02 5.508300000000000002e-02 5.508300000000000002e-02 1.192844718365724754e+10 6.329841070589602470e+09 2.466696452308830261e+09 2.467338792776254654e+09
2.516799999999999940e-02 5.508300000000000002e-02 6.007599999999999746e-02 1.174510415983809090e+10 6.146498046770444870e+09 1.681212772128922939e+09 1.680270879308780909e+09
2.516799999999999940e-02 5.508300000000000002e-02 6.506599999999999884e-02 1.166840799332493401e+10 6.069801880257276535e+09 1.581587379715437651e+09 1.580861050102609873e+09
2.516799999999999940e-02 5.508300000000000002e-02 7.006400000000000128e-02 1.194063561476830482e+10 6.342029501700662613e+09 1.605803380718449593e+09 1.606150852456563711e+09
2.516799999999999940e-02 5.508300000000000002e-02 7.506100000000000272e-02 1.203928036252743530e+10 6.440674249459819794e+09 1.551644426847099781e+09 1.550676318379408360e+09
2.516799999999999940e-02 5.508300000000000002e-02 8.005600000000000216e-02 1.209030205167713547e+10 6.491695938609461784e+09 2.094196653484541416e+09 2.094370113308583021e+09
2.516799999999999940e-02 6.007599999999999746e-02 6.007599999999999746e-02 1.165017088671695518e+10 6.051564773649294853e+09 2.245739495394809723e+09 2.245545257512518406e+09
2.516799999999999940e-02 6.007599999999999746e-02 6.506599999999999884e-02 1.152069915683887291e+10 5.922093043771224976e+09 1.576759534936559916e+09 1.575681499141571283e+09
2.516799999999999940e-02 6.007599999999999746e-02 7.006400000000000128e-02 1.159159560575696182e+10 5.992989492689280510e+09 1.464980372429673195e+09 1.465422506408495426e+09
2.516799999999999940e-02 6.007599999999999746e-02 7.506100000000000272e-02 1.172495315345984077e+10 6.126347040392196655e+09 1.449157128109175205e+09 1.448884560259005547e+09
2.516799999999999940e-02 6.007599999999999746e-02 8.005600000000000216e-02 1.180149527376498604e+10 6.202889160697323799e+09 1.457617750485390425e+09 1.457664564251874208e+09
2.516799999999999940e-02 6.506599999999999884e-02 6.506599999999999884e-02 1.147887153835087967e+10 5.880265425283214569e+09 2.100082658073335648e+09 2.099453338704514503e+09
2.516799999999999940e-02 6.506599999999999884e-02 7.006400000000000128e-02 1.135996982373114586e+10 5.761363710663496971e+09 1.434551920597299814e+09 1.434413170653056860e+09
2.516799999999999940e-02 6.506599999999999884e-02 7.506100000000000272e-02 1.141479576941229248e+10 5.816189656344659805e+09 1.419025130788930178e+09 1.419306646186993122e+09
2.516799999999999940e-02 6.506599999999999884e-02 8.005600000000000216e-02 1.154245043745693016e+10 5.943844324389273643e+09 1.279735415612150669e+09 1.278282296551749945e+09
2.516799999999999940e-02 7.006400000000000128e-02 7.006400000000000128e-02 1.124650027168823051e+10 5.647894158620553970e+09 1.927537394356552601e+09 1.926236719506141424e+09
2.516799999999999940e-02 7.006400000000000128e-02 7.506100000000000272e-02 1.111130176127572250e+10 5.512695648208052635e+09 1.314289357375575066e+09 1.315582667556593418e+09
2.516799999999999940e-02 7.006400000000000128e-02 8.005600000000000216e-02 1.109793068569290924e+10 5.499324572625246048e+09 1.246861467710808516e+09 1.246733465568885088e+09
2.516799999999999940e-02 7.506100000000000272e-02 7.506100000000000272e-02 1.098734867038289261e+10 5.388742557315222740e+09 1.792448252641890049e+09 1.791161522293666840e+09
2.516799999999999940e-02 7.506100000000000272e-02 8.005600000000000216e-02 1.085644647640893555e+10 5.257840363341293335e+09 1.166095741805724621e+09 1.164421156579013348e+09
2.516799999999999940e-02 8.005600000000000216e-02 8.005600000000000216e-02 1.066598082533387375e+10 5.067374712266232491e+09 1.627202513151986599e+09 1.624917637409518242e+09
3.012099999999999847e-02 3.012099999999999847e-02 3.012099999999999847e-02 1.420610706041602898e+10 8.607500947348367691e+09 8.268759191191146851e+09 8.268842535875258446e+09
3.012099999999999847e-02 3.012099999999999847e-02 3.511199999999999738e-02 1.398970411377203751e+10 8.391098000704390526e+09 4.203369120094185829e+09 4.202810735795806408e+09
3.012099999999999847e-02 3.012099999999999847e-02 4.010899999999999882e-02 1.352423413038880920e+10 7.925628017321163177e+09 4.005791741669220924e+09 4.005662007595881939e+09
3.012099999999999847e-02 3.012099999999999847e-02 4.509300000000000114e-02 1.358215741317579079e+10 7.983551300108153343e+09 3.786146188385460377e+09 3.785892620382858753e+09
3.012099999999999847e-02 3.012099999999999847e-02 5.008300000000000252e-02 1.365349310616690445e+10 8.054886993099254608e+09 3.537896946188818932e+09 3.535876741369835377e+09
3.012099999999999847e-02 3.012099999999999847e-02 5.508300000000000002e-02 1.385597346798438072e+10 8.257367354916700363e+09 3.449011455922912121e+09 3.448559061497509956e+09
3.012099999999999847e-02 3.012099999999999847e-02 6.007599999999999746e-02 1.397163839973223305e+10 8.373032286664566994e+09 4.681890814809265137e+09 4.682932357189950943e+09
3.012099999999999847e-02 3.012099999999999847e-02 6.506599999999999884e-02 1.329545932147237015e+10 7.696853208404705048e+09 1.112212399374429893e+10 1.112191885592613983e+10
3.012099999999999847e-02 3.511199999999999738e-02 3.511199999999999738e-02 1.345400772654839516e+10 7.855401613480746269e+09 4.068557518626466751e+09 4.067732264454424381e+09
3.012099999999999847e-02 3.511199999999999738e-02 4.010899999999999882e-02 1.311892496281997108e+10 7.520318849752315521e+09 2.646060950499875069e+09 2.644860314505274296e+09
3.012099999999999847e-02 3.511199999999999738e-02 4.509300000000000114e-02 1.319811891359151459e+10 7.599512800523834229e+09 2.399464550320531845e+09 2.399131737137543201e+09
3.012099999999999847e-02 3.511199999999999738e-02 5.008300000000000252e-02 1.303099487330474663e+10 7.432388760237101555e+09 2.423720030049352646e+09 2.423451221299950123e+09
3.012099999999999847e-02 3.511199999999999738e-02 5.508300000000000002e-02 1.293404484140603447e+10 7.335438728338363647e+09 2.251028280405597210e+09 2.250828777385193825e+09
3.012099999999999847e-02 3.511199999999999738e-02 6.007599999999999746e-02 1.320164020393440437e+10 7.603034090866737366e+09 2.249068718989246845e+09 2.248440151893655300e+09
3.012099999999999847e-02 3.511199999999999738e-02 6.506599999999999884e-02 1.314327681638686371e+10 7.544670703319227219e+09 2.858003422972694397e+09 2.858169594053289413e+09
3.012099999999999847e-02 3.511199999999999738e-02 7.006400000000000128e-02 1.307690567534670258e+10 7.478299562279045105e+09 6.972709840512035370e+09 6.973153150953411102e+09
3.012099999999999847e-02 4.010899999999999882e-02 4.010899999999999882e-02 1.284524003751108932e+10 7.246633924443436623e+09 3.339744964564908028e+09 3.338813163558361530e+09
3.012099999999999847e-02 4.010899999999999882e-02 4.509300000000000114e-02 1.271659068607398605e+10 7.117984573006330490e+09 2.267252392999613285e+09 2.265578764936239243e+09
3.012099999999999847e-02 4.010899999999999882e-02 5.008300000000000252e-02 1.245620352505903435e+10 6.857597411991384506e+09 2.053226805027763367e+09 2.051743509038186073e+09
3.012099999999999847e-02 4.010899999999999882e-02 5.508300000000000002e-02 1.238043668457302856e+10 6.781830571505366325e+09 1.898730690019441605e+09 1.899601027687282324e+09
3.012099999999999847e-02 4.010899999999999882e-02 6.007599999999999746e-02 1.245685741322197533e+10 6.858251300154320717e+09 1.911578819141864777e+09 1.910745896678764105e+09
3.012099999999999847e-02 4.010899999999999882e-02 6.506599999999999884e-02 1.267649892253867912e+10 7.077892809471068382e+09 1.877932765193520546e+09 1.876141214870964289e+09
3.012099999999999847e-02 4.010899999999999882e-02 7.006400000000000128e-02 1.264528208077577019e+10 7.046675967708118439e+09 2.444336782585230827e+09 2.445606254483198166e+09
3.012099999999999847e-02 4.010899999999999882e-02 7.506100000000000272e-02 1.251018193693813133e+10 6.911575823870479584e+09 6.013756728085117340e+09 6.013849025004907608e+09
3.012099999999999847e-02 4.509300000000000114e-02 4.509300000000000114e-02 1.233001538960272598e+10 6.731409276535094261e+09 2.849040337842063904e+09 2.847209197000164032e+09
3.012099999999999847e-02 4.509300000000000114e-02 5.008300000000000252e-02 1.209597016614037704e+10 6.497364053072735786e+09 1.976608670674107313e+09 1.976374083818953991e+09
3.012099999999999847e-02 4.509300000000000114e-02 5.508300000000000002e-02 1.205896596962808418e+10 6.460359856560431480e+09 1.836777895357770443e+09 1.836473742248872042e+09
3.012099999999999847e-02 4.509300000000000114e-02 6.007599999999999746e-02 1.205724492505974960e+10 6.458638811992074966e+09 1.739114764444702625e+09 1.736480376757092714e+09
3.012099999999999847e-02 4.509300000000000114e-02 6.506599999999999884e-02 1.216384433350879669e+10 6.565238220441133499e+09 1.672244943024600506e+09 1.671997426601289988e+09
3.012099999999999847e-02 4.509300000000000114e-02 7.006400000000000128e-02 1.228204757150041199e+10 6.683441458432754517e+09 1.738056655150265932e+09 1.737490457891119719e+09
3.012099999999999847e-02 4.509300000000000114e-02 7.506100000000000272e-02 1.225130188328797150e+10 6.652695770220341682e+09 2.151354259485584259e+09 2.153056314522068501e+09
3.012099999999999847e-02 4.509300000000000114e-02 8.005600000000000216e-02 1.213062185996092606e+10 6.532015746893269539e+09 5.330382897759459496e+09 5.330242011682126045e+09
3.012099999999999847e-02 5.008300000000000252e-02 5.008300000000000252e-02 1.180393377698964882e+10 6.205327663922012329e+09 2.546361026581817627e+09 2.545443059375541210e+09
3.012099999999999847e-02 5.008300000000000252e-02 5.508300000000000002e-02 1.170986573307026100e+10 6.111259620002592087e+09 1.660884709031492233e+09 1.661504134722817659e+09
3.012099999999999847e-02 5.008300000000000252e-02 6.007599999999999746e-02 1.165662631894044685e+10 6.058020205872800827e+09 1.572704180855977774e+09 1.573410224222184896e+09
3.012099999999999847e-02 5.008300000000000252e-02 6.506599999999999884e-02 1.170616589190337753e+10 6.107559778835731506e+09 1.565568794667071581e+09 1.564563433678143501e+09
3.012099999999999847e-02 5.008300000000000252e-02 7.006400000000000128e-02 1.171223183125897980e+10 6.113625718191331863e+09 1.529666671803431749e+09 1.529095302084216833e+09
3.012099999999999847e-02 5.008300000000000252e-02 7.506100000000000272e-02 1.193854716969386673e+10 6.339941056626199722e+09 1.481528036224203587e+09 1.480577840171185732e+09
3.012099999999999847e-02 5.008300000000000252e-02 8.005600000000000216e-02 1.195262135917841721e+10 6.354015246110768318e+09 1.955189769650937557e+09 1.954744129036872149e+09
3.012099999999999847e-02 5.508300000000000002e-02 5.508300000000000002e-02 1.151805678918849564e+10 5.919450676120837212e+09 2.146940306863470316e+09 2.145737883137626410e+09
3.012099999999999847e-02 5.508300000000000002e-02 6.007599999999999746e-02 1.147872141223344231e+10 5.880115299165774345e+09 1.484765260457113028e+09 1.483953157515553951e+09
3.012099999999999847e-02 5.508300000000000002e-02 6.506599999999999884e-02 1.135229096448693466e+10 5.753684851419289589e+09 1.471859935629285097e+09 1.471745456539011717e+09
3.012099999999999847e-02 5.508300000000000002e-02 7.006400000000000128e-02 1.140987417367217255e+10 5.811268060604526520e+09 1.409473840219494820e+09 1.409466740936413050e+09
3.012099999999999847e-02 5.508300000000000002e-02 7.506100000000000272e-02 1.143872059477807045e+10 5.840114481710430145e+09 1.373608089710759878e+09 1.371957458034068346e+09
3.012099999999999847e-02 5.508300000000000002e-02 8.005600000000000216e-02 1.159681215661159515e+10 5.998206043543933868e+09 1.338164944034419298e+09 1.337884427414260149e+09
3.012099999999999847e-02 6.007599999999999746e-02 6.007599999999999746e-02 1.139222385969710350e+10 5.793617746629471779e+09 2.058303079537071705e+09 2.058227953718927383e+09
3.012099999999999847e-02 6.007599999999999746e-02 6.506599999999999884e-02 1.123383053936383438e+10 5.635224426296176910e+09 1.395525550565526485e+09 1.392414375729382038e+09
3.012099999999999847e-02 6.007599999999999746e-02 7.006400000000000128e-02 1.119132663521576500e+10 5.592720522148110390e+09 1.357773201951920748e+09 1.358374936021512747e+09
3.012099999999999847e-02 6.007599999999999746e-02 7.506100000000000272e-02 1.115687704876374245e+10 5.558270935696092606e+09 1.329705391538028240e+09 1.328880021494091034e+09
3.012099999999999847e-02 6.007599999999999746e-02 8.005600000000000216e-02 1.120784847043822861e+10 5.609242357370569229e+09 1.279631264513537407e+09 1.278959367479959488e+09
3.012099999999999847e-02 6.506599999999999884e-02 6.506599999999999884e-02 1.100805401803893280e+10 5.409447904971284866e+09 1.805347751618836880e+09 1.804563920909248590e+09
3.012099999999999847e-02 6.506599999999999884e-02 7.006400000000000128e-02 1.106313177777734184e+10 5.464525664709677696e+09 1.256074535368537903e+09 1.255930032671849489e+09
3.012099999999999847e-02 6.506599999999999884e-02 7.506100000000000272e-02 1.091910829699675751e+10 5.320502183929094315e+09 1.199728472177508354e+09 1.200013063835783958e+09
3.012099999999999847e-02 6.506599999999999884e-02 8.005600000000000216e-02 1.093030302964143372e+10 5.331696916573775291e+09 1.198331448431221962e+09 1.198218507590018511e+09
3.012099999999999847e-02 7.006400000000000128e-02 7.006400000000000128e-02 1.088144578660049629e+10 5.282839673532836914e+09 1.709065438183041096e+09 1.707714779773932219e+09
3.012099999999999847e-02 7.006400000000000128e-02 7.506100000000000272e-02 1.075292510305728531e+10 5.154318989989613533e+09 1.191596862192173243e+09 1.190453822078148842e+09
3.012099999999999847e-02 7.006400000000000128e-02 8.005600000000000216e-02 1.075639484486476326e+10 5.157788731797110558e+09 1.106440561014726639e+09 1.107204420606203079e+09
3.012099999999999847e-02 7.506100000000000272e-02 7.506100000000000272e-02 1.056036602662112999e+10 4.961759913553475380e+09 1.620542821554570198e+09 1.618260324077711105e+09
3.012099999999999847e-02 7.506100000000000272e-02 8.005600000000000216e-02 1.058130000081252289e+10 4.982693887744861603e+09 1.091908029248973846e+09 1.090489703900280237e+09
3.012099999999999847e-02 8.005600000000000216e-02 8.005600000000000216e-02 1.042259426064323997e+10 4.823988147575597763e+09 1.407190105319464684e+09 1.406222148576788425e+09
3.511199999999999738e-02 3.511199999999999738e-02 3.511199999999999738e-02 1.288714257506870461e+10 7.288536462001057625e+09 6.040347822521731377e+09 6.039504908048456192e+09
3.511199999999999738e-02 3.511199999999999738e-02 4.010899999999999882e-02 1.266802333746921539e+10 7.069417224401544571e+09 3.419775662899068356e+09 3.418066153965800762e+09
3.511199999999999738e-02 3.511199999999999738e-02 4.509300000000000114e-02 1.253055790022095108e+10 6.931951787153297424e+09 3.126615593912534237e+09 3.125897465287213326e+09
3.511199999999999738e-02 3.511199999999999738e-02 5.008300000000000252e-02 1.248137072636725998e+10 6.882764613299597740e+09 2.887338531133344173e+09 2.886521975819215298e+09
3.511199999999999738e-02 3.511199999999999738e-02 5.508300000000000002e-02 1.233199677140104294e+10 6.733390658333414078e+09 2.804539276151462078e+09 2.805240538148301601e+09
3.511199999999999738e-02 3.511199999999999738e-02 6.007599999999999746e-02 1.251834489724785233e+10 6.919738784180208206e+09 2.558698068272994995e+09 2.557475002723243237e+09
3.511199999999999738e-02 3.511199999999999738e-02 6.506599999999999884e-02 1.265357036952447701e+10 7.054964256456817627e+09 2.498771692593682766e+09 2.498532639947929859e+09
3.511199999999999738e-02 3.511199999999999738e-02 7.006400000000000128e-02 1.260522545587106895e+10 7.006619342803403854e+09 3.360173067071633816e+09 3.360796388069407463e+09
3.511199999999999738e-02 3.511199999999999738e-02 7.506100000000000272e-02 1.226518645825941467e+10 6.666580345191773415e+09 8.360481252217359543e+09 8.361431551200285912e+09
3.511199999999999738e-02 4.010899999999999882e-02 4.010899999999999882e-02 1.231465760639791489e+10 6.716051493330246925e+09 2.923881807278024197e+09 2.924601626146489143e+09
3.511199999999999738e-02 4.010899999999999882e-02 4.509300000000000114e-02 1.214623383506575775e+10 6.547627721998099327e+09 2.029891985313880682e+09 2.028052932432173491e+09
3.511199999999999738e-02 4.010899999999999882e-02 5.008300000000000252e-02 1.206068809776919365e+10 6.462081984701547623e+09 1.947013790602428675e+09 1.946241121265796423e+09
3.511199999999999738e-02 4.010899999999999882e-02 5.508300000000000002e-02 1.195620043761330032e+10 6.357594324545655251e+09 1.778241807990218163e+09 1.779794601407319307e+09
3.511199999999999738e-02 4.010899999999999882e-02 6.007599999999999746e-02 1.192115642645510674e+10 6.322550313387460709e+09 1.737747062914110422e+09 1.736273301909056902e+09
3.511199999999999738e-02 4.010899999999999882e-02 6.506599999999999884e-02 1.202345965944363976e+10 6.424853546375967979e+09 1.697611689313475847e+09 1.695609244595010042e+09
3.511199999999999738e-02 4.010899999999999882e-02 7.006400000000000128e-02 1.220278794957648849e+10 6.604181836508816719e+09 1.666604350305937767e+09 1.666419274990863562e+09
3.511199999999999738e-02 4.010899999999999882e-02 7.506100000000000272e-02 1.214606291617338371e+10 6.547456803105737686e+09 2.215120569591027737e+09 2.215678327801805496e+09
3.511199999999999738e-02 4.010899999999999882e-02 8.005600000000000216e-02 1.204264083007713509e+10 6.444034717009472847e+09 5.160882203665283203e+09 5.161394002135010719e+09
3.511199999999999738e-02 4.509300000000000114e-02 4.509300000000000114e-02 1.177876521658477783e+10 6.180159103517107010e+09 2.569683634536543369e+09 2.568014157511509418e+09
3.511199999999999738e-02 4.509300000000000114e-02 5.008300000000000252e-02 1.167125532077644920e+10 6.072649207708772659e+09 1.712425396104038239e+09 1.712284064549430609e+09
3.511199999999999738e-02 4.509300000000000114e-02 5.508300000000000002e-02 1.164579604407861137e+10 6.047189931010948181e+09 1.663841374487657785e+09 1.664213485516524553e+09
3.511199999999999738e-02 4.509300000000000114e-02 6.007599999999999746e-02 1.155171253438505936e+10 5.953106421317404747e+09 1.569945578503715038e+09 1.569889501343725204e+09
3.511199999999999738e-02 4.509300000000000114e-02 6.506599999999999884e-02 1.150788236323377800e+10 5.909276250166124344e+09 1.465442170144930601e+09 1.464503153890391827e+09
3.511199999999999738e-02 4.509300000000000114e-02 7.006400000000000128e-02 1.169864252011286354e+10 6.100036407045201302e+09 1.447301416906553507e+09 1.447607023761629581e+09
3.511199999999999738e-02 4.509300000000000114e-02 7.506100000000000272e-02 1.174506245883153152e+10 6.146456345763874054e+09 1.514507086165765285e+09 1.514954403361920357e+09
3.511199999999999738e-02 4.509300000000000114e-02 8.005600000000000216e-02 1.175067998832932281e+10 6.152073875261665344e+09 1.889805028797552586e+09 1.889631335579714537e+09
3.511199999999999738e-02 5.008300000000000252e-02 5.008300000000000252e-02 1.144616190972406769e+10 5.847555796656407356e+09 2.288537496708265781e+09 2.287976213340200424e+09
3.511199999999999738e-02 5.008300000000000252e-02 5.508300000000000002e-02 1.130798575770099449e+10 5.709379644633346558e+09 1.543863135978194714e+09 1.544250581059247017e+09
3.511199999999999738e-02 5.008300000000000252e-02 6.007599999999999746e-02 1.118867079748549080e+10 5.590064684417834282e+09 1.441586603742466688e+09 1.441084397154722452e+09
3.511199999999999738e-02 5.008300000000000252e-02 6.506599999999999884e-02 1.116977048653303337e+10 5.571164373465383530e+09 1.397250394593764544e+09 1.396395870099961042e+09
3.511199999999999738e-02 5.008300000000000252e-02 7.006400000000000128e-02 1.124108003232185936e+10 5.642473919254203796e+09 1.364792699196865082e+09 1.364250693178015471e+09
3.511199999999999738e-02 5.008300000000000252e-02 7.506100000000000272e-02 1.128484042515422249e+10 5.686234312086576462e+09 1.284812694717141867e+09 1.283726558862069368e+09
3.511199999999999738e-02 5.008300000000000252e-02 8.005600000000000216e-02 1.144148107140167046e+10 5.842874958333999634e+09 1.334112879531975746e+09 1.332797190898377895e+09
3.511199999999999738e-02 5.508300000000000002e-02 5.508300000000000002e-02 1.117421648166730881e+10 5.575610368599671364e+09 2.045662316490585566e+09 2.045003469817134619e+09
3.511199999999999738e-02 5.508300000000000002e-02 6.007599999999999746e-02 1.111787395796820831e+10 5.519267844900547981e+09 1.334828504731825352e+09 1.334635445092153549e+09
3.511199999999999738e-02 5.508300000000000002e-02 6.506599999999999884e-02 1.098864323576296234e+10 5.390037122695315361e+09 1.352027021381656170e+09 1.351399341341289043e+09
3.511199999999999738e-02 5.508300000000000002e-02 7.006400000000000128e-02 1.092602696421618462e+10 5.327420851148538589e+09 1.303080528552340031e+09 1.302711812885162830e+09
3.511199999999999738e-02 5.508300000000000002e-02 7.506100000000000272e-02 1.095276139062159920e+10 5.354155277553956985e+09 1.207726869632241726e+09 1.206887158447396994e+09
3.511199999999999738e-02 5.508300000000000002e-02 8.005600000000000216e-02 1.102817059202217293e+10 5.429564478954534531e+09 1.187343103567824602e+09 1.185857323466195822e+09
3.511199999999999738e-02 6.007599999999999746e-02 6.007599999999999746e-02 1.096154688024444580e+10 5.362940767176773071e+09 1.756425202446419477e+09 1.756461552662954330e+09
3.511199999999999738e-02 6.007599999999999746e-02 6.506599999999999884e-02 1.086965249980712318e+10 5.271046386739482880e+09 1.239448416898094893e+09 1.237674791758733988e+09
3.511199999999999738e-02 6.007599999999999746e-02 7.006400000000000128e-02 1.078676204967901230e+10 5.188155936611344337e+09 1.196486255779747486e+09 1.195957582556194305e+09
3.511199999999999738e-02 6.007599999999999746e-02 7.506100000000000272e-02 1.072728158599735641e+10 5.128675472929714203e+09 1.181608399416574717e+09 1.181395006379028797e+09
3.511199999999999738e-02 6.007599999999999746e-02 8.005600000000000216e-02 1.069110440331780624e+10 5.092498290250163078e+09 1.101155457654154301e+09 1.099650936166502476e+09
3.511199999999999738e-02 6.506599999999999884e-02 6.506599999999999884e-02 1.061037738512995529e+10 5.011771272062299728e+09 1.623356252770697832e+09 1.623235188339767218e+09
3.511199999999999738e-02 6.506599999999999884e-02 7.006400000000000128e-02 1.061625862368026924e+10 5.017652510612631798e+09 1.171947951647150755e+09 1.170845761258838892e+09
3.511199999999999738e-02 6.506599999999999884e-02 7.506100000000000272e-02 1.053665473011483765e+10 4.938048617047196388e+09 1.110956605500929594e+09 1.110382603129486322e+09
3.511199999999999738e-02 6.506599999999999884e-02 8.005600000000000216e-02 1.053999214612039948e+10 4.941386033052750587e+09 1.083067592552750826e+09 1.082982625626446962e+09
3.511199999999999738e-02 7.006400000000000128e-02 7.006400000000000128e-02 1.046776625259485626e+10 4.869160139527195930e+09 1.512418504561744452e+09 1.510138452829589605e+09
3.511199999999999738e-02 7.006400000000000128e-02 7.506100000000000272e-02 1.036206990380126190e+10 4.763463790733610153e+09 1.083270597563758612e+09 1.081480665303855181e+09
3.511199999999999738e-02 7.006400000000000128e-02 8.005600000000000216e-02 1.037251150847372627e+10 4.773905395406064034e+09 9.807357750636799335e+08 9.801233971946563721e+08
3.511199999999999738e-02 7.506100000000000272e-02 7.506100000000000272e-02 1.017255284339656067e+10 4.573946730328904152e+09 1.416477742780864239e+09 1.414821349855451822e+09
3.511199999999999738e-02 7.506100000000000272e-02 8.005600000000000216e-02 1.016896925336096954e+10 4.570363140293302536e+09 1.003416323210210323e+09 1.002346919191622853e+09
3.511199999999999738e-02 8.005600000000000216e-02 8.005600000000000216e-02 1.002982832098170090e+10 4.431222207914050102e+09 1.276719595381658077e+09 1.275302431968118668e+09
4.010899999999999882e-02 4.010899999999999882e-02 4.010899999999999882e-02 1.210143996065467834e+10 6.502833847587001801e+09 4.620737146214325905e+09 4.620665079822771072e+09
4.010899999999999882e-02 4.010899999999999882e-02 4.509300000000000114e-02 1.190507753688419342e+10 6.306471423816544533e+09 2.662086877827040195e+09 2.661753692450534344e+09
4.010899999999999882e-02 4.010899999999999882e-02 5.008300000000000252e-02 1.175232959171099854e+10 6.153723478643336296e+09 2.414837245841523170e+09 2.415571741621043205e+09
4.010899999999999882e-02 4.010899999999999882e-02 5.508300000000000002e-02 1.149895570486816788e+10 5.900349591800530434e+09 2.313030405427094460e+09 2.313929574277448177e+09
4.010899999999999882e-02 4.010899999999999882e-02 6.007599999999999746e-02 1.150928706190201950e+10 5.910680948834382057e+09 2.143811880655540466e+09 2.145485261364359617e+09
4.010899999999999882e-02 4.010899999999999882e-02 6.506599999999999884e-02 1.134385366042890167e+10 5.745247547361242294e+09 2.162800545247501850e+09 2.162457218839165211e+09
4.010899999999999882e-02 4.010899999999999882e-02 7.006400000000000128e-02 1.148058577990029716e+10 5.881979666832635880e+09 2.045472589250365973e+09 2.043670923434826374e+09
4.010899999999999882e-02 4.010899999999999882e-02 7.506100000000000272e-02 1.159734087196164703e+10 5.998734758893993378e+09 1.937761911146737576e+09 1.936471605867176056e+09
4.010899999999999882e-02 4.010899999999999882e-02 8.005600000000000216e-02 1.168866014713479805e+10 6.090054034067145348e+09 2.600777576026440144e+09 2.599281168884339809e+09
4.010899999999999882e-02 4.509300000000000114e-02 4.509300000000000114e-02 1.143694156050004387e+10 5.838335447432397842e+09 2.463462784777126312e+09 2.462923079670040131e+09
4.010899999999999882e-02 4.509300000000000114e-02 5.008300000000000252e-02 1.130627201770850372e+10 5.707665904640853882e+09 1.692886055603441715e+09 1.692716588362448692e+09
4.010899999999999882e-02 4.509300000000000114e-02 5.508300000000000002e-02 1.127915579789130211e+10 5.680549684823640823e+09 1.560881205264201641e+09 1.560436483037185907e+09
4.010899999999999882e-02 4.509300000000000114e-02 6.007599999999999746e-02 1.114312571598926926e+10 5.544519602921623230e+09 1.444360817876221895e+09 1.444333966656315088e+09
4.010899999999999882e-02 4.509300000000000114e-02 6.506599999999999884e-02 1.111790190567257500e+10 5.519295792604914665e+09 1.433491778507111311e+09 1.432357365867437363e+09
4.010899999999999882e-02 4.509300000000000114e-02 7.006400000000000128e-02 1.118467320987166023e+10 5.586067096804014206e+09 1.341934039971857786e+09 1.340438218166337967e+09
4.010899999999999882e-02 4.509300000000000114e-02 7.506100000000000272e-02 1.120021490179341507e+10 5.601608788725764275e+09 1.305823453215951204e+09 1.303923674518673420e+09
4.010899999999999882e-02 4.509300000000000114e-02 8.005600000000000216e-02 1.129535795298012924e+10 5.696751839912476540e+09 1.336965018771992207e+09 1.335465102191502333e+09
4.010899999999999882e-02 5.008300000000000252e-02 5.008300000000000252e-02 1.111734597540741539e+10 5.518739862339783669e+09 2.063606845502057314e+09 2.062548140033527851e+09
4.010899999999999882e-02 5.008300000000000252e-02 5.508300000000000002e-02 1.097458705551198769e+10 5.375980942444342613e+09 1.437349280520606518e+09 1.437049322012523174e+09
4.010899999999999882e-02 5.008300000000000252e-02 6.007599999999999746e-02 1.082385647412072945e+10 5.225250361053072929e+09 1.292336762477673292e+09 1.291202744952316284e+09
4.010899999999999882e-02 5.008300000000000252e-02 6.506599999999999884e-02 1.086234935633839989e+10 5.263743243270744324e+09 1.281021897852360249e+09 1.278667074596311331e+09
4.010899999999999882e-02 5.008300000000000252e-02 7.006400000000000128e-02 1.083425174370171165e+10 5.235645630634036064e+09 1.255511486100094557e+09 1.253102231989591837e+09
4.010899999999999882e-02 5.008300000000000252e-02 7.506100000000000272e-02 1.085297688375056267e+10 5.254370770682902336e+09 1.207397470323834181e+09 1.205757830446962833e+09
4.010899999999999882e-02 5.008300000000000252e-02 8.005600000000000216e-02 1.087115956767210960e+10 5.272553454604453087e+09 1.176893392963307858e+09 1.176825673526662350e+09
4.010899999999999882e-02 5.508300000000000002e-02 5.508300000000000002e-02 1.079391686925318336e+10 5.195310756185517311e+09 1.867158738751023054e+09 1.866380282299902201e+09
4.010899999999999882e-02 5.508300000000000002e-02 6.007599999999999746e-02 1.073514747054922485e+10 5.136541357481574059e+09 1.252489731583361864e+09 1.251445812109812021e+09
4.010899999999999882e-02 5.508300000000000002e-02 6.506599999999999884e-02 1.063478840980374336e+10 5.036182296736099243e+09 1.198991381175066710e+09 1.197984387489870310e+09
4.010899999999999882e-02 5.508300000000000002e-02 7.006400000000000128e-02 1.057837062522989655e+10 4.979764512162240982e+09 1.152571153969114542e+09 1.151130123368700981e+09
4.010899999999999882e-02 5.508300000000000002e-02 7.506100000000000272e-02 1.058961622024837112e+10 4.991010107180714607e+09 1.102698134580856562e+09 1.102073990001383781e+09
4.010899999999999882e-02 5.508300000000000002e-02 8.005600000000000216e-02 1.053502666210870743e+10 4.936420549041078568e+09 1.098900120186704874e+09 1.098117831682919979e+09
4.010899999999999882e-02 6.007599999999999746e-02 6.007599999999999746e-02 1.068182376409632301e+10 5.083217651028669357e+09 1.618470669872696877e+09 1.618137229099885941e+09
4.010899999999999882e-02 6.007599999999999746e-02 6.506599999999999884e-02 1.053617410626884460e+10 4.937567993201188087e+09 1.160266156202196598e+09 1.159624123954226732e+09
4.010899999999999882e-02 6.007599999999999746e-02 7.006400000000000128e-02 1.041237387314038849e+10 4.813767760072711945e+09 1.047892087429778457e+09 1.047988876559681296e+09
4.010899999999999882e-02 6.007599999999999746e-02 7.506100000000000272e-02 1.038973578466649437e+10 4.791129671598836899e+09 1.047636163801019549e+09 1.046723706576051235e+09
4.010899999999999882e-02 6.007599999999999746e-02 8.005600000000000216e-02 1.034069178377664185e+10 4.742085670708986282e+09 1.020219870851331472e+09 1.018474386598415375e+09
4.010899999999999882e-02 6.506599999999999884e-02 6.506599999999999884e-02 1.044314156635702324e+10 4.844535453289359093e+09 1.555670094466172934e+09 1.555676582574285507e+09
4.010899999999999882e-02 6.506599999999999884e-02 7.006400000000000128e-02 1.023206221295376396e+10 4.633456099886116982e+09 1.043082898734266400e+09 1.042333194472948551e+09
4.010899999999999882e-02 6.506599999999999884e-02 7.506100000000000272e-02 1.019796169653359795e+10 4.599355583465948105e+09 1.035459292262132645e+09 1.033764273975019574e+09
4.010899999999999882e-02 6.506599999999999884e-02 8.005600000000000216e-02 1.015015417684188080e+10 4.551548063774211884e+09 9.682284177512229681e+08 9.667889249904723167e+08
4.010899999999999882e-02 7.006400000000000128e-02 7.006400000000000128e-02 1.013830432750708389e+10 4.539698214439426422e+09 1.433984756653356075e+09 1.434051796183448315e+09
4.010899999999999882e-02 7.006400000000000128e-02 7.506100000000000272e-02 1.006338564734989738e+10 4.464779534282245636e+09 9.724610450150574446e+08 9.703483669857650995e+08
4.010899999999999882e-02 7.006400000000000128e-02 8.005600000000000216e-02 9.987669515785722733e+09 4.389063402718070030e+09 9.164904459423496723e+08 9.151763915423291922e+08
4.010899999999999882e-02 7.506100000000000272e-02 7.506100000000000272e-02 9.957256783728574753e+09 4.358650670660898209e+09 1.258500787955811501e+09 1.256937983085768700e+09
4.010899999999999882e-02 7.506100000000000272e-02 8.005600000000000216e-02 9.810706669033538818e+09 4.212100555965869904e+09 9.258553975486333370e+08 9.235893458095362186e+08
4.010899999999999882e-02 8.005600000000000216e-02 8.005600000000000216e-02 9.769499614543842316e+09 4.170893501476191044e+09 1.224531893519361496e+09 1.223695228651572466e+09
4.509300000000000114e-02 4.509300000000000114e-02 4.509300000000000114e-02 1.119296917962690544e+10 5.594363066559253693e+09 3.718226845236489773e+09 3.718609061704095840e+09
4.509300000000000114e-02 4.509300000000000114e-02 5.008300000000000252e-02 1.114979726072308350e+10 5.551191147655428886e+09 2.134495075552214384e+09 2.134814701984275341e+09
4.509300000000000114e-02 4.509300000000000114e-02 5.508300000000000002e-02 1.095330099929382896e+10 5.354694886226160049e+09 1.850399846127244234e+09 1.851343062017529011e+09
4.509300000000000114e-02 4.509300000000000114e-02 6.007599999999999746e-02 1.092249416780200577e+10 5.323888054734333992e+09 1.844968623277181149e+09 1.843306434155146360e+09
4.509300000000000114e-02 4.509300000000000114e-02 6.506599999999999884e-02 1.082826897394489098e+10 5.229662860877218246e+09 1.825921072156144381e+09 1.825768514081423521e+09
4.509300000000000114e-02 4.509300000000000114e-02 7.006400000000000128e-02 1.077764215057719612e+10 5.179036037509545326e+09 1.670192454053695202e+09 1.671017254112578154e+09
4.509300000000000114e-02 4.509300000000000114e-02 7.506100000000000272e-02 1.085948572610886574e+10 5.260879613041216850e+09 1.669067099710642338e+09 1.668521768127667427e+09
4.509300000000000114e-02 4.509300000000000114e-02 8.005600000000000216e-02 1.089073514376332855e+10 5.292129030695667267e+09 1.706998752606039762e+09 1.706684767665543079e+09
4.509300000000000114e-02 5.008300000000000252e-02 5.008300000000000252e-02 1.093033981164022636e+10 5.331733698572572708e+09 1.940436729472534657e+09 1.940062708318524837e+09
4.509300000000000114e-02 5.008300000000000252e-02 5.508300000000000002e-02 1.071304171073301125e+10 5.114435597665351868e+09 1.307454136760076523e+09 1.307368036457786560e+09
4.509300000000000114e-02 5.008300000000000252e-02 6.007599999999999746e-02 1.059728267491895866e+10 4.998676561851310730e+09 1.252681820723986149e+09 1.251849662192639589e+09
4.509300000000000114e-02 5.008300000000000252e-02 6.506599999999999884e-02 1.052970082011072159e+10 4.931094707043066978e+09 1.214235724469043255e+09 1.212919994015623808e+09
4.509300000000000114e-02 5.008300000000000252e-02 7.006400000000000128e-02 1.047579675431168938e+10 4.877190641244034767e+09 1.160736575486821890e+09 1.159137788612513781e+09
4.509300000000000114e-02 5.008300000000000252e-02 7.506100000000000272e-02 1.051817618225572777e+10 4.919570069188053131e+09 1.140281773293243647e+09 1.138345391787060261e+09
4.509300000000000114e-02 5.008300000000000252e-02 8.005600000000000216e-02 1.045548166247573662e+10 4.856875549408083916e+09 1.077467026389496565e+09 1.075072645263892889e+09
4.509300000000000114e-02 5.508300000000000002e-02 5.508300000000000002e-02 1.054039290704069328e+10 4.941786793973044395e+09 1.708459568648403883e+09 1.708211971273182869e+09
4.509300000000000114e-02 5.508300000000000002e-02 6.007599999999999746e-02 1.049041715009163475e+10 4.891811037023960114e+09 1.241623127807458878e+09 1.241829852866157293e+09
4.509300000000000114e-02 5.508300000000000002e-02 6.506599999999999884e-02 1.037447516786767960e+10 4.775869054800006866e+09 1.084105777100164652e+09 1.084940166312769651e+09
4.509300000000000114e-02 5.508300000000000002e-02 7.006400000000000128e-02 1.033695750384601402e+10 4.738351390778363228e+09 1.067569669104274035e+09 1.067647647180354118e+09
4.509300000000000114e-02 5.508300000000000002e-02 7.506100000000000272e-02 1.024036030643474579e+10 4.641754193367091179e+09 1.012776592750137806e+09 1.011351154915533185e+09
4.509300000000000114e-02 5.508300000000000002e-02 8.005600000000000216e-02 1.016666120952854156e+10 4.568055096460897446e+09 9.944648345562360287e+08 9.912587363801828623e+08
4.509300000000000114e-02 6.007599999999999746e-02 6.007599999999999746e-02 1.028208974744683266e+10 4.683483634379168510e+09 1.621354134154433012e+09 1.620843699965358496e+09
4.509300000000000114e-02 6.007599999999999746e-02 6.506599999999999884e-02 1.028951472658876801e+10 4.690908613521110535e+09 1.099068001597013235e+09 1.097684419808982134e+09
4.509300000000000114e-02 6.007599999999999746e-02 7.006400000000000128e-02 1.010863193797020340e+10 4.510025824902533531e+09 1.010290375163685441e+09 1.010059131959052205e+09
4.509300000000000114e-02 6.007599999999999746e-02 7.506100000000000272e-02 1.009944715175718880e+10 4.500841038689512253e+09 9.993396852007193565e+08 9.976771220439044237e+08
4.509300000000000114e-02 6.007599999999999746e-02 8.005600000000000216e-02 1.008170328560775757e+10 4.483097172540107727e+09 9.212996462913432121e+08 9.188188657789194584e+08
4.509300000000000114e-02 6.506599999999999884e-02 6.506599999999999884e-02 1.012840801369264984e+10 4.529801900625006676e+09 1.377889209829571247e+09 1.376476349101623058e+09
4.509300000000000114e-02 6.506599999999999884e-02 7.006400000000000128e-02 1.003274834575311279e+10 4.434142232685459137e+09 9.610335198611844778e+08 9.612618272415792942e+08
4.509300000000000114e-02 6.506599999999999884e-02 7.506100000000000272e-02 9.950622420275451660e+09 4.352016307207801819e+09 9.507884071313420534e+08 9.493758919565529823e+08
4.509300000000000114e-02 6.506599999999999884e-02 8.005600000000000216e-02 9.956993943335174561e+09 4.358387830267529488e+09 9.040983370340116024e+08 9.036967786075918674e+08
4.509300000000000114e-02 7.006400000000000128e-02 7.006400000000000128e-02 9.918079207631500244e+09 4.319473094563850403e+09 1.302434976689813614e+09 1.301434419486371279e+09
4.509300000000000114e-02 7.006400000000000128e-02 7.506100000000000272e-02 9.833591077786182404e+09 4.234984964718501091e+09 9.026532598716629744e+08 9.015510742600353956e+08
4.509300000000000114e-02 7.006400000000000128e-02 8.005600000000000216e-02 9.729631350317171097e+09 4.131025237249521255e+09 8.688031937488870621e+08 8.680143291426943541e+08
4.509300000000000114e-02 7.506100000000000272e-02 7.506100000000000272e-02 9.738191831317173004e+09 4.139585718249504089e+09 1.195615390064493418e+09 1.193515197075537205e+09
4.509300000000000114e-02 7.506100000000000272e-02 8.005600000000000216e-02 9.598712771040042877e+09 4.000106657972409725e+09 8.583247119052346945e+08 8.564577663434766531e+08
4.509300000000000114e-02 8.005600000000000216e-02 8.005600000000000216e-02 9.497228526203304291e+09 3.898622413135639668e+09 1.087300818006377459e+09 1.085010139039580584e+09
5.008300000000000252e-02 5.008300000000000252e-02 5.008300000000000252e-02 1.056112622784878731e+10 4.962520114781156540e+09 3.057550664201658249e+09 3.057932834140720367e+09
5.008300000000000252e-02 5.008300000000000252e-02 5.508300000000000002e-02 1.055742615295566940e+10 4.958820039888017654e+09 1.753072621970814228e+09 1.753547564206552744e+09
5.008300000000000252e-02 5.008300000000000252e-02 6.007599999999999746e-02 1.043923997776849747e+10 4.840633864700845718e+09 1.645068241627701998e+09 1.644485546003715992e+09
5.008300000000000252e-02 5.008300000000000252e-02 6.506599999999999884e-02 1.031423084608355522e+10 4.715624733015900612e+09 1.658541386815189600e+09 1.657437490275845051e+09
5.008300000000000252e-02 5.008300000000000252e-02 7.006400000000000128e-02 1.023516958375511360e+10 4.636563470687459946e+09 1.460221754251120090e+09 1.459217625594875097e+09
5.008300000000000252e-02 5.008300000000000252e-02 7.506100000000000272e-02 1.018269712096221161e+10 4.584091007894567490e+09 1.450462787322949886e+09 1.447818438387007952e+09
5.008300000000000252e-02 5.008300000000000252e-02 8.005600000000000216e-02 1.012424176348639679e+10 4.525635650418739319e+09 1.342003631151200056e+09 1.340060024111618996e+09
5.008300000000000252e-02 5.508300000000000002e-02 5.508300000000000002e-02 1.036233147191181564e+10 4.763725358844164848e+09 1.685544012821405649e+09 1.684251628719278336e+09
5.008300000000000252e-02 5.508300000000000002e-02 6.007599999999999746e-02 1.018840071273162270e+10 4.589794599663982391e+09 1.166188510933624506e+09 1.165638253456562042e+09
5.008300000000000252e-02 5.508300000000000002e-02 6.506599999999999884e-02 1.012604059708340454e+10 4.527434484015763283e+09 1.051779232583150268e+09 1.051273925684353828e+09
5.008300000000000252e-02 5.508300000000000002e-02 7.006400000000000128e-02 1.011979616677782059e+10 4.521190053710174561e+09 1.030182630185545564e+09 1.029977518229803801e+09
5.008300000000000252e-02 5.508300000000000002e-02 7.506100000000000272e-02 9.977101582532485962e+09 4.378495469464849472e+09 9.845659656843247414e+08 9.823495393869711161e+08
5.008300000000000252e-02 5.508300000000000002e-02 8.005600000000000216e-02 9.986584400415086746e+09 4.387978287347417831e+09 9.765564929577770233e+08 9.758639085054969788e+08
5.008300000000000252e-02 6.007599999999999746e-02 6.007599999999999746e-02 1.011395757669353676e+10 4.515351463625881195e+09 1.435504598115237951e+09 1.435491197324209690e+09
5.008300000000000252e-02 6.007599999999999746e-02 6.506599999999999884e-02 9.986220311011455536e+09 4.387614197943808556e+09 9.965891327363054752e+08 9.951275255975643396e+08
5.008300000000000252e-02 6.007599999999999746e-02 7.006400000000000128e-02 9.944928690555076599e+09 4.346322577487425804e+09 9.565458059152791500e+08 9.553263089151856899e+08
5.008300000000000252e-02 6.007599999999999746e-02 7.506100000000000272e-02 9.865412014645977020e+09 4.266805901578329086e+09 9.182248838334739208e+08 9.168286278931342363e+08
5.008300000000000252e-02 6.007599999999999746e-02 8.005600000000000216e-02 9.756275057048856735e+09 4.157668943981208324e+09 8.950172587533291578e+08 8.936655577764315605e+08
5.008300000000000252e-02 6.506599999999999884e-02 6.506599999999999884e-02 9.907708913008800507e+09 4.309102799941131592e+09 1.285346686177185297e+09 1.284735251731456757e+09
5.008300000000000252e-02 6.506599999999999884e-02 7.006400000000000128e-02 9.842615998039344788e+09 4.244009884971691132e+09 9.009606192230253220e+08 9.012849745564513206e+08
5.008300000000000252e-02 6.506599999999999884e-02 7.506100000000000272e-02 9.766179256071008682e+09 4.167573143003360748e+09 8.872726012587897778e+08 8.862557350233813524e+08
5.008300000000000252e-02 6.506599999999999884e-02 8.005600000000000216e-02 9.627727402938816071e+09 4.029121289871175766e+09 8.511723211409460306e+08 8.509481644029688835e+08
5.008300000000000252e-02 7.006400000000000128e-02 7.006400000000000128e-02 9.700415931002754211e+09 4.101809817935108185e+09 1.259487929900242329e+09 1.258126711816518784e+09
5.008300000000000252e-02 7.006400000000000128e-02 7.506100000000000272e-02 9.621111457998607635e+09 4.022505344930948257e+09 8.437398029345550537e+08 8.427898208012647629e+08
5.008300000000000252e-02 7.006400000000000128e-02 8.005600000000000216e-02 9.507755510179859161e+09 3.909149397112193584e+09 8.108566505315020084e+08 8.096629446676428318e+08
5.008300000000000252e-02 7.506100000000000272e-02 7.506100000000000272e-02 9.532806447953540802e+09 3.934200334885889053e+09 1.135016519159252167e+09 1.134137459813686848e+09
5.008300000000000252e-02 7.506100000000000272e-02 8.005600000000000216e-02 9.376083357595941544e+09 3.777477244528275967e+09 8.249248341547486782e+08 8.238984966312701702e+08
5.008300000000000252e-02 8.005600000000000216e-02 8.005600000000000216e-02 9.228847374215711594e+09 3.630241261148050785e+09 1.071713227597267389e+09 1.070118071056990623e+09
5.508300000000000002e-02 5.508300000000000002e-02 5.508300000000000002e-02 1.018758565852215958e+10 4.588979545454512596e+09 2.665896950496186256e+09 2.665625552540909290e+09
5.508300000000000002e-02 5.508300000000000002e-02 6.007599999999999746e-02 1.010298084716857719e+10 4.504374734100908279e+09 1.475991302596885443e+09 1.475584654616323948e+09
5.508300000000000002e-02 5.508300000000000002e-02 6.506599999999999884e-02 1.000652319352715302e+10 4.407917080459510803e+09 1.369668210060154200e+09 1.367043469320926666e+09
5.508300000000000002e-02 5.508300000000000002e-02 7.006400000000000128e-02 1.000512982586588860e+10 4.406523712798228264e+09 1.314699239176120520e+09 1.314317916917147160e+09
5.508300000000000002e-02 5.508300000000000002e-02 7.506100000000000272e-02 9.836335570499109268e+09 4.237729457431454182e+09 1.280398298764677048e+09 1.278968174731333971e+09
5.508300000000000002e-02 5.508300000000000002e-02 8.005600000000000216e-02 9.796213357733631134e+09 4.197607244665978432e+09 1.224845208725922823e+09 1.224633893451132298e+09
5.508300000000000002e-02 6.007599999999999746e-02 6.007599999999999746e-02 9.960097103303716660e+09 4.361490990236053467e+09 1.445384179593457460e+09 1.445227997472662687e+09
5.508300000000000002e-02 6.007599999999999746e-02 6.506599999999999884e-02 9.843786731515998840e+09 4.245180618448350906e+09 1.021389762196715117e+09 1.019452513523490787e+09
5.508300000000000002e-02 6.007599999999999746e-02 7.006400000000000128e-02 9.774114151389898300e+09 4.175508038322244644e+09 9.281471777264674902e+08 9.276949609186933041e+08
5.508300000000000002e-02 6.007599999999999746e-02 7.506100000000000272e-02 9.685851290067081451e+09 4.087245176999435425e+09 8.862374237544831038e+08 8.852981279440598488e+08
5.508300000000000002e-02 6.007599999999999746e-02 8.005600000000000216e-02 9.581870722270164490e+09 3.983264609202502728e+09 8.537847762516388893e+08 8.526538654838150740e+08
5.508300000000000002e-02 6.506599999999999884e-02 6.506599999999999884e-02 9.793196263826625824e+09 4.194590150758972645e+09 1.227685459034707546e+09 1.228108194938038826e+09
5.508300000000000002e-02 6.506599999999999884e-02 7.006400000000000128e-02 9.665811432694145203e+09 4.067205319626486778e+09 8.390621147262777090e+08 8.377091735930846930e+08
5.508300000000000002e-02 6.506599999999999884e-02 7.506100000000000272e-02 9.594643376842142105e+09 3.996037263774496078e+09 8.765185933759989738e+08 8.764423914374775887e+08
5.508300000000000002e-02 6.506599999999999884e-02 8.005600000000000216e-02 9.495585108620441437e+09 3.896978995552787304e+09 7.902085322397513390e+08 7.898671249922014475e+08
5.508300000000000002e-02 7.006400000000000128e-02 7.006400000000000128e-02 9.608679052469980240e+09 4.010072939402316570e+09 1.177075788513843298e+09 1.174964555404685974e+09
5.508300000000000002e-02 7.006400000000000128e-02 7.506100000000000272e-02 9.481857141446474075e+09 3.883251028378830433e+09 7.831115297043590546e+08 7.827207355160983801e+08
5.508300000000000002e-02 7.006400000000000128e-02 8.005600000000000216e-02 9.394674486178533554e+09 3.796068373110873699e+09 7.591075177777799368e+08 7.579218864193712473e+08
5.508300000000000002e-02 7.506100000000000272e-02 7.506100000000000272e-02 9.327606331144025803e+09 3.729000218076370716e+09 1.095887731895438671e+09 1.095687743330548763e+09
5.508300000000000002e-02 7.506100000000000272e-02 8.005600000000000216e-02 9.252989307940408707e+09 3.654383194872753143e+09 7.544951651264948845e+08 7.540530859266049862e+08
5.508300000000000002e-02 8.005600000000000216e-02 8.005600000000000216e-02 9.113594637284893036e+09 3.514988524217231750e+09 9.918043589587669373e+08 9.909755114460926056e+08
6.007599999999999746e-02 6.007599999999999746e-02 6.007599999999999746e-02 9.859303171786972046e+09 4.260697058719313145e+09 2.277135257225051880e+09 2.277399607306090832e+09
6.007599999999999746e-02 6.007599999999999746e-02 6.506599999999999884e-02 9.767681653175725937e+09 4.169075540108075142e+09 1.319123757510442257e+09 1.317876516350780249e+09
6.007599999999999746e-02 6.007599999999999746e-02 7.006400000000000128e-02 9.698775105952400208e+09 4.100168992884741306e+09 1.194805715070520163e+09 1.194721864456318617e+09
6.007599999999999746e-02 6.007599999999999746e-02 7.506100000000000272e-02 9.512950306588445663e+09 3.914344193520800114e+09 1.174708601833368778e+09 1.173771573508591175e+09
6.007599999999999746e-02 6.007599999999999746e-02 8.005600000000000216e-02 9.438095967094413757e+09 3.839489854026763439e+09 1.092561664655170441e+09 1.091943607443400621e+09
6.007599999999999746e-02 6.506599999999999884e-02 6.506599999999999884e-02 9.663827494396369934e+09 4.065221381328718185e+09 1.219908277096908808e+09 1.218143680202740908e+09
6.007599999999999746e-02 6.506599999999999884e-02 7.006400000000000128e-02 9.582484180779689789e+09 3.983878067712036133e+09 8.500542222753206491e+08 8.493630862685624361e+08
6.007599999999999746e-02 6.506599999999999884e-02 7.506100000000000272e-02 9.440666327492162704e+09 3.842060214424489021e+09 7.810627832891733646e+08 7.811729171135621071e+08
6.007599999999999746e-02 6.506599999999999884e-02 8.005600000000000216e-02 9.340280472069322586e+09 3.741674359001680851e+09 7.907394948618577719e+08 7.886723225300825834e+08
6.007599999999999746e-02 7.006400000000000128e-02 7.006400000000000128e-02 9.446574282278203964e+09 3.847968169210553646e+09 1.101788828335120440e+09 1.101265516316725969e+09
6.007599999999999746e-02 7.006400000000000128e-02 7.506100000000000272e-02 9.340184716486850739e+09 3.741578603419195652e+09 7.447313702764701843e+08 7.439163779144058228e+08
6.007599999999999746e-02 7.006400000000000128e-02 8.005600000000000216e-02 9.242848860764268875e+09 3.644242747696618080e+09 7.359095804393706322e+08 7.348340416060380936e+08
6.007599999999999746e-02 7.506100000000000272e-02 7.506100000000000272e-02 9.232318142069957733e+09 3.633712029002300262e+09 9.671669221892473698e+08 9.657105603378783464e+08
6.007599999999999746e-02 7.506100000000000272e-02 8.005600000000000216e-02 9.166765759107393265e+09 3.568159646039746284e+09 7.241109480649154186e+08 7.224395176590696573e+08
6.007599999999999746e-02 8.005600000000000216e-02 8.005600000000000216e-02 9.048510325971611023e+09 3.449904212903964996e+09 9.132089535951945782e+08 9.128036406685140133e+08
6.506599999999999884e-02 6.506599999999999884e-02 6.506599999999999884e-02 9.500283380797845840e+09 3.901677267730201244e+09 1.871911997319381237e+09 1.869644765686213970e+09
6.506599999999999884e-02 6.506599999999999884e-02 7.006400000000000128e-02 9.439582896540632248e+09 3.840976783472980022e+09 1.152109448167419195e+09 1.151347455793206930e+09
6.506599999999999884e-02 6.506599999999999884e-02 7.506100000000000272e-02 9.342964496014459610e+09 3.744358382946795940e+09 1.080092389465128899e+09 1.080204285051841021e+09
6.506599999999999884e-02 6.506599999999999884e-02 8.005600000000000216e-02 9.191058691843223572e+09 3.592452578775577068e+09 1.039367630268897772e+09 1.038528071062314391e+09
6.506599999999999884e-02 7.006400000000000128e-02 7.006400000000000128e-02 9.383862144955003738e+09 3.785256031887360096e+09 1.107859431160392284e+09 1.106720989519965649e+09
6.506599999999999884e-02 7.006400000000000128e-02 7.506100000000000272e-02 9.219153329776132584e+09 3.620547216708494186e+09 7.383877564799568653e+08 7.381407578830435276e+08
6.506599999999999884e-02 7.006400000000000128e-02 8.005600000000000216e-02 9.076762659176101685e+09 3.478156546108435631e+09 7.296011483006788492e+08 7.286547592745399475e+08
6.506599999999999884e-02 7.506100000000000272e-02 7.506100000000000272e-02 9.130802508748981476e+09 3.532196395681333065e+09 9.829663343230211735e+08 9.820786682037919760e+08
6.506599999999999884e-02 7.506100000000000272e-02 8.005600000000000216e-02 9.014987279764667511e+09 3.416381166697021484e+09 6.731164762839597464e+08 6.718354245679994822e+08
6.506599999999999884e-02 8.005600000000000216e-02 8.005600000000000216e-02 8.945781941493940353e+09 3.347175828426283360e+09 8.634328942278031111e+08 8.622485602936029434e+08
7.006400000000000128e-02 7.006400000000000128e-02 7.006400000000000128e-02 9.300665477038728714e+09 3.702059363971075535e+09 1.729244520531328201e+09 1.728474240995429277e+09
7.006400000000000128e-02 7.006400000000000128e-02 7.506100000000000272e-02 9.088404762560647964e+09 3.489798649492984772e+09 9.718830605529880524e+08 9.715077607796548605e+08
7.006400000000000128e-02 7.006400000000000128e-02 8.005600000000000216e-02 8.975698707970903397e+09 3.377092594903248787e+09 9.262201613103011847e+08 9.257467953524839878e+08
7.006400000000000128e-02 7.506100000000000272e-02 7.506100000000000272e-02 9.010133937587186813e+09 3.411527824519536018e+09 9.289199565843638182e+08 9.280046887749042511e+08
7.006400000000000128e-02 7.506100000000000272e-02 8.005600000000000216e-02 8.887441917471721649e+09 3.288835804404064178e+09 6.567464334524164200e+08 6.567065463187443018e+08
7.006400000000000128e-02 8.005600000000000216e-02 8.005600000000000216e-02 8.795645022029775620e+09 3.197038908962121010e+09 8.488659259696975946e+08 8.483724608060973883e+08
7.506100000000000272e-02 7.506100000000000272e-02 7.506100000000000272e-02 8.834315897281520844e+09 3.235709784213861942e+09 1.522350853182929277e+09 1.522137239424206734e+09
7.506100000000000272e-02 7.506100000000000272e-02 8.005600000000000216e-02 8.783925558521318436e+09 3.185319445453667164e+09 8.600452968666291237e+08 8.591763337486435175e+08
7.506100000000000272e-02 8.005600000000000216e-02 8.005600000000000216e-02 8.669312361189599991e+09 3.070706248121947289e+09 8.918710547462142706e+08 8.907146039927668571e+08
8.005600000000000216e-02 8.005600000000000216e-02 8.005600000000000216e-02 8.491485244352221489e+09 2.892879131284568310e+09 1.412066823273047447e+09 1.410026446225413084e+09
