# Bispectrum monopole for SGC EZmock_realistic
# Subtracted SN: kindep
# k1-eff  k2-eff  k3-eff  B0  B0-BSN  Std_dev  Std_dev(-BSN)
5.785000000000000211e-03 5.785000000000000211e-03 5.785000000000000211e-03 2.408658190003699493e+10 1.827597803770367813e+10 1.046900246248031769e+11 1.046902100357202759e+11
5.785000000000000211e-03 5.785000000000000211e-03 1.042599999999999950e-02 2.253150527024756622e+10 1.672090140791430092e+10 5.892958456242287445e+10 5.893033806435756683e+10
5.785000000000000211e-03 5.785000000000000211e-03 1.528299999999999971e-02 1.394625326463055420e+10 8.135649402297245979e+09 1.054551175463260956e+11 1.054548094941790314e+11
5.785000000000000211e-03 1.042599999999999950e-02 1.042599999999999950e-02 1.752857501445093536e+10 1.171797115211766434e+10 3.570029334039241028e+10 3.569977562065927124e+10
5.785000000000000211e-03 1.042599999999999950e-02 1.528299999999999971e-02 1.981931530048682404e+10 1.400871143815356064e+10 2.708571312681397629e+10 2.708546306139081573e+10
5.785000000000000211e-03 1.042599999999999950e-02 2.021500000000000033e-02 1.725108047198912430e+10 1.144047660965582657e+10 5.195293101405129242e+10 5.195419712050675201e+10
5.785000000000000211e-03 1.528299999999999971e-02 1.528299999999999971e-02 1.997011176886568832e+10 1.415950790653243256e+10 2.661268432219328690e+10 2.661183691550488281e+10
5.785000000000000211e-03 1.528299999999999971e-02 2.021500000000000033e-02 2.046080421411170959e+10 1.465020035177840805e+10 2.068796716191040421e+10 2.068751993250866699e+10
5.785000000000000211e-03 1.528299999999999971e-02 2.516799999999999940e-02 1.587281416182229614e+10 1.006221029948900414e+10 3.873204292388117218e+10 3.873247573353147125e+10
5.785000000000000211e-03 2.021500000000000033e-02 2.021500000000000033e-02 2.076622403050767517e+10 1.495562016817437744e+10 2.197024097126759720e+10 2.197043452975134277e+10
5.785000000000000211e-03 2.021500000000000033e-02 2.516799999999999940e-02 2.017641328420121765e+10 1.436580942186791611e+10 1.740649907950542068e+10 1.740651751983540344e+10
5.785000000000000211e-03 2.021500000000000033e-02 3.012099999999999847e-02 1.701696026193693542e+10 1.120635639960365105e+10 3.030780448447706985e+10 3.030867304030160904e+10
5.785000000000000211e-03 2.516799999999999940e-02 2.516799999999999940e-02 1.929488794430042648e+10 1.348428408196712112e+10 1.866295094793110275e+10 1.866199132661536026e+10
5.785000000000000211e-03 2.516799999999999940e-02 3.012099999999999847e-02 1.922578571950291824e+10 1.341518185716963959e+10 1.538139897798594475e+10 1.538057789136532211e+10
5.785000000000000211e-03 2.516799999999999940e-02 3.511199999999999738e-02 1.696179960653382111e+10 1.115119574420055771e+10 2.476506004870847321e+10 2.476440632388992691e+10
5.785000000000000211e-03 3.012099999999999847e-02 3.012099999999999847e-02 1.895469775745164490e+10 1.314409389511835480e+10 1.672421273196546555e+10 1.672310608022942162e+10
5.785000000000000211e-03 3.012099999999999847e-02 3.511199999999999738e-02 1.857274031438330078e+10 1.276213645204999161e+10 1.361049508406347466e+10 1.361006120817370605e+10
5.785000000000000211e-03 3.012099999999999847e-02 4.010899999999999882e-02 1.542700431960148239e+10 9.616400457268198013e+09 2.082482594860308075e+10 2.082383372981050491e+10
5.785000000000000211e-03 3.511199999999999738e-02 3.511199999999999738e-02 1.757111367058976364e+10 1.176050980825646591e+10 1.539057567140811539e+10 1.539001978016352463e+10
5.785000000000000211e-03 3.511199999999999738e-02 4.010899999999999882e-02 1.746721894154794312e+10 1.165661507921466446e+10 1.223490148948403740e+10 1.223454356662395859e+10
5.785000000000000211e-03 3.511199999999999738e-02 4.509300000000000114e-02 1.518917199701961517e+10 9.378568134686361313e+09 1.845594893354231262e+10 1.845604752081616974e+10
5.785000000000000211e-03 4.010899999999999882e-02 4.010899999999999882e-02 1.664076298309881020e+10 1.083015912076551819e+10 1.426089859309236145e+10 1.426063094667304039e+10
5.785000000000000211e-03 4.010899999999999882e-02 4.509300000000000114e-02 1.708108371703078651e+10 1.127047985469752121e+10 1.123351036426401520e+10 1.123347760760185814e+10
5.785000000000000211e-03 4.010899999999999882e-02 5.008300000000000252e-02 1.385392570172160530e+10 8.043321839388326645e+09 1.642124807187586021e+10 1.642182735522057533e+10
5.785000000000000211e-03 4.509300000000000114e-02 4.509300000000000114e-02 1.613001383029741669e+10 1.031940996796412849e+10 1.311028827750033569e+10 1.310982432359109879e+10
5.785000000000000211e-03 4.509300000000000114e-02 5.008300000000000252e-02 1.646088352175034904e+10 1.065027965941706657e+10 1.061422521189092827e+10 1.061368646811168480e+10
5.785000000000000211e-03 4.509300000000000114e-02 5.508300000000000002e-02 1.302307960433670616e+10 7.212475742003441811e+09 1.432480418381933403e+10 1.432435086731904030e+10
5.785000000000000211e-03 5.008300000000000252e-02 5.008300000000000252e-02 1.578540190973756599e+10 9.974798047404270172e+09 1.244229007231906319e+10 1.244157925535684967e+10
5.785000000000000211e-03 5.008300000000000252e-02 5.508300000000000002e-02 1.569392304739194679e+10 9.883319185058668137e+09 1.032397855013559341e+10 1.032328720159259224e+10
5.785000000000000211e-03 5.008300000000000252e-02 6.007599999999999746e-02 1.250090364333320999e+10 6.690299780999946594e+09 1.452068481331993866e+10 1.452159452516616440e+10
5.785000000000000211e-03 5.508300000000000002e-02 5.508300000000000002e-02 1.507895066520705605e+10 9.268346802873788834e+09 1.236721400232131386e+10 1.236640669859429359e+10
5.785000000000000211e-03 5.508300000000000002e-02 6.007599999999999746e-02 1.551557692032520294e+10 9.704973057991893768e+09 9.887262901518455505e+09 9.886705058520677567e+09
5.785000000000000211e-03 5.508300000000000002e-02 6.506599999999999884e-02 1.310600578575378609e+10 7.295401923420511246e+09 1.269617538976195335e+10 1.269591272569313240e+10
5.785000000000000211e-03 6.007599999999999746e-02 6.007599999999999746e-02 1.506071563881955147e+10 9.250111776486272812e+09 1.172998322050578690e+10 1.172997619200897598e+10
5.785000000000000211e-03 6.007599999999999746e-02 6.506599999999999884e-02 1.536597658514104080e+10 9.555372722807775497e+09 9.707809591635179520e+09 9.707159509190172195e+09
5.785000000000000211e-03 6.007599999999999746e-02 7.006400000000000128e-02 1.278858340483127594e+10 6.977979542498004913e+09 1.179432858155860519e+10 1.179473689059311676e+10
5.785000000000000211e-03 6.506599999999999884e-02 6.506599999999999884e-02 1.478878868447564507e+10 8.978184822142354965e+09 1.177425707213195610e+10 1.177316020837288284e+10
5.785000000000000211e-03 6.506599999999999884e-02 7.006400000000000128e-02 1.506328788436867523e+10 9.252684022035396576e+09 9.771660005545913696e+09 9.770998015905614853e+09
5.785000000000000211e-03 6.506599999999999884e-02 7.506100000000000272e-02 1.236402349939813423e+10 6.553419637064850807e+09 1.131056429910932732e+10 1.130980375045180702e+10
5.785000000000000211e-03 7.006400000000000128e-02 7.006400000000000128e-02 1.438830875589676476e+10 8.577704893563489914e+09 1.126119252253684044e+10 1.126070876453538322e+10
5.785000000000000211e-03 7.006400000000000128e-02 7.506100000000000272e-02 1.485312758827288055e+10 9.042523725939636230e+09 9.273854319384342194e+09 9.273486389430694580e+09
5.785000000000000211e-03 7.006400000000000128e-02 8.005600000000000216e-02 1.241180102030991554e+10 6.601197157976616859e+09 1.039784490554920769e+10 1.039824712158149910e+10
5.785000000000000211e-03 7.506100000000000272e-02 7.506100000000000272e-02 1.421922619588570976e+10 8.408622333552451134e+09 1.092613921270318031e+10 1.092586061901706123e+10
5.785000000000000211e-03 7.506100000000000272e-02 8.005600000000000216e-02 1.440887032873306274e+10 8.598266466399776459e+09 9.043648626222888947e+09 9.043081772896715164e+09
5.785000000000000211e-03 8.005600000000000216e-02 8.005600000000000216e-02 1.396809088990654945e+10 8.157487027573278427e+09 1.090460217843495560e+10 1.090384362034672737e+10
1.042599999999999950e-02 1.042599999999999950e-02 1.042599999999999950e-02 1.353733698489888000e+10 7.726733122565605164e+09 4.157163618021882629e+10 4.157230094322514343e+10
1.042599999999999950e-02 1.042599999999999950e-02 1.528299999999999971e-02 1.414843854055175972e+10 8.337834678218459129e+09 2.124607376329459381e+10 2.124602517872858810e+10
1.042599999999999950e-02 1.042599999999999950e-02 2.021500000000000033e-02 1.499837403688888931e+10 9.187770174555599213e+09 2.443695521559862900e+10 2.443905331579763794e+10
1.042599999999999950e-02 1.042599999999999950e-02 2.516799999999999940e-02 1.477505973618448830e+10 8.964455873851230621e+09 4.887522321631721497e+10 4.887675720780710602e+10
1.042599999999999950e-02 1.528299999999999971e-02 1.528299999999999971e-02 1.522896782354795647e+10 9.418363961214672089e+09 1.800598806280138779e+10 1.800634558959448242e+10
1.042599999999999950e-02 1.528299999999999971e-02 2.021500000000000033e-02 1.453003536180231094e+10 8.719431499469045639e+09 1.090864003081997108e+10 1.090852025670245171e+10
1.042599999999999950e-02 1.528299999999999971e-02 2.516799999999999940e-02 1.530114962956460953e+10 9.490545767231363297e+09 1.287691899848482704e+10 1.287749444624545860e+10
1.042599999999999950e-02 1.528299999999999971e-02 3.012099999999999847e-02 1.523896390877278328e+10 9.428360046439506531e+09 2.870416715560602188e+10 2.870459230746068573e+10
1.042599999999999950e-02 2.021500000000000033e-02 2.021500000000000033e-02 1.429859404625694656e+10 8.487990183923674583e+09 1.240413336781768990e+10 1.240514929791957855e+10
1.042599999999999950e-02 2.021500000000000033e-02 2.516799999999999940e-02 1.433800299088829231e+10 8.527399128555004120e+09 8.079091489747634888e+09 8.079378254533917427e+09
1.042599999999999950e-02 2.021500000000000033e-02 3.012099999999999847e-02 1.522672103507405853e+10 9.416117172740781784e+09 9.839749021269624710e+09 9.840568175317661285e+09
1.042599999999999950e-02 2.021500000000000033e-02 3.511199999999999738e-02 1.599043952173137474e+10 1.017983565939807892e+10 2.056040486387477112e+10 2.056064634624091339e+10
1.042599999999999950e-02 2.516799999999999940e-02 2.516799999999999940e-02 1.447300613613978195e+10 8.662402273806480408e+09 9.738205176129005432e+09 9.737675586663845062e+09
1.042599999999999950e-02 2.516799999999999940e-02 3.012099999999999847e-02 1.429834492746412086e+10 8.487741065130845070e+09 6.853722525765925407e+09 6.854510196993193626e+09
1.042599999999999950e-02 2.516799999999999940e-02 3.511199999999999738e-02 1.507258247487370491e+10 9.261978612540420532e+09 8.199602276478910446e+09 8.200300039091437340e+09
1.042599999999999950e-02 2.516799999999999940e-02 4.010899999999999882e-02 1.554715248857446289e+10 9.736548626241174698e+09 1.785810819315019608e+10 1.785870261603948593e+10
1.042599999999999950e-02 3.012099999999999847e-02 3.012099999999999847e-02 1.395906710047009659e+10 8.148463238136817932e+09 8.622749163628122330e+09 8.622832924855140686e+09
1.042599999999999950e-02 3.012099999999999847e-02 3.511199999999999738e-02 1.336909770685042572e+10 7.558493844517141342e+09 5.461682384753514290e+09 5.461981276377850533e+09
1.042599999999999950e-02 3.012099999999999847e-02 4.010899999999999882e-02 1.409991694390420914e+10 8.289313081570937157e+09 6.549657849607690811e+09 6.549982441766479492e+09
1.042599999999999950e-02 3.012099999999999847e-02 4.509300000000000114e-02 1.389164151358109283e+10 8.081037651247794151e+09 1.428495102752388191e+10 1.428518410438885880e+10
1.042599999999999950e-02 3.511199999999999738e-02 3.511199999999999738e-02 1.260014124733084297e+10 6.789537384997570992e+09 6.615771952911821365e+09 6.615801099131217957e+09
1.042599999999999950e-02 3.511199999999999738e-02 4.010899999999999882e-02 1.255791825373914909e+10 6.747314391405840874e+09 4.788074240227849007e+09 4.788349899559415817e+09
1.042599999999999950e-02 3.511199999999999738e-02 4.509300000000000114e-02 1.314255052073071480e+10 7.331946658397405624e+09 5.469539303627644539e+09 5.470183687476720810e+09
1.042599999999999950e-02 3.511199999999999738e-02 5.008300000000000252e-02 1.365672673484545708e+10 7.846122872512177467e+09 1.246433569771205902e+10 1.246378179352309227e+10
1.042599999999999950e-02 4.010899999999999882e-02 4.010899999999999882e-02 1.219746207325015831e+10 6.386858210916898727e+09 5.818827738609580994e+09 5.819867846189575195e+09
1.042599999999999950e-02 4.010899999999999882e-02 4.509300000000000114e-02 1.246239722384312630e+10 6.651793361509831429e+09 4.119605917665783405e+09 4.120183494500052929e+09
1.042599999999999950e-02 4.010899999999999882e-02 5.008300000000000252e-02 1.269198604355590630e+10 6.881382181222618103e+09 4.930466640812722206e+09 4.931617083685486794e+09
1.042599999999999950e-02 4.010899999999999882e-02 5.508300000000000002e-02 1.326156430564764404e+10 7.450960443314352989e+09 1.140276274990899086e+10 1.140235036885820770e+10
1.042599999999999950e-02 4.509300000000000114e-02 4.509300000000000114e-02 1.207618960631450844e+10 6.265585743981212616e+09 4.979385859174540520e+09 4.980167679150791168e+09
1.042599999999999950e-02 4.509300000000000114e-02 5.008300000000000252e-02 1.207171131347142410e+10 6.261107451138158798e+09 3.835500315184873104e+09 3.836243860446334839e+09
1.042599999999999950e-02 4.509300000000000114e-02 5.508300000000000002e-02 1.220641143481226158e+10 6.395807572478995323e+09 4.475695678079696655e+09 4.475376468225996971e+09
1.042599999999999950e-02 4.509300000000000114e-02 6.007599999999999746e-02 1.270168222622536469e+10 6.891078363892077446e+09 9.601875964620668411e+09 9.601459949972373962e+09
1.042599999999999950e-02 5.008300000000000252e-02 5.008300000000000252e-02 1.153871880740567780e+10 5.728114945072401047e+09 4.640801836010283470e+09 4.641312191376620293e+09
1.042599999999999950e-02 5.008300000000000252e-02 5.508300000000000002e-02 1.148571558942089081e+10 5.675111727087616920e+09 3.653081958887596607e+09 3.652903875392715454e+09
1.042599999999999950e-02 5.008300000000000252e-02 6.007599999999999746e-02 1.175506231086901093e+10 5.944458448535729408e+09 3.941153504157923698e+09 3.940657548453420162e+09
1.042599999999999950e-02 5.008300000000000252e-02 6.506599999999999884e-02 1.223582348804902077e+10 6.425219625715740204e+09 8.634010381597339630e+09 8.633756984094850540e+09
1.042599999999999950e-02 5.508300000000000002e-02 5.508300000000000002e-02 1.129421157954578972e+10 5.483607717212498665e+09 4.157399806338153362e+09 4.157734906596608639e+09
1.042599999999999950e-02 5.508300000000000002e-02 6.007599999999999746e-02 1.126815736219461823e+10 5.457553499861341476e+09 3.325440720542623520e+09 3.325901697727062225e+09
1.042599999999999950e-02 5.508300000000000002e-02 6.506599999999999884e-02 1.161844458822806549e+10 5.807840725894776344e+09 3.801184382828473568e+09 3.801467302230605602e+09
1.042599999999999950e-02 5.508300000000000002e-02 7.006400000000000128e-02 1.161456316896520424e+10 5.803959306631912231e+09 8.074975724197895050e+09 8.075114608303913116e+09
1.042599999999999950e-02 6.007599999999999746e-02 6.007599999999999746e-02 1.108536660021524239e+10 5.274762737881951332e+09 3.922543730285269260e+09 3.923710272243887424e+09
1.042599999999999950e-02 6.007599999999999746e-02 6.506599999999999884e-02 1.111149197248328590e+10 5.300888110150026321e+09 3.156554752991546631e+09 3.157188236674845219e+09
1.042599999999999950e-02 6.007599999999999746e-02 7.006400000000000128e-02 1.135807480463728142e+10 5.547470942304005623e+09 3.471251772310035229e+09 3.471876699090861797e+09
1.042599999999999950e-02 6.007599999999999746e-02 7.506100000000000272e-02 1.135771220796725464e+10 5.547108345633966446e+09 7.204965966043031693e+09 7.205220538377285004e+09
1.042599999999999950e-02 6.506599999999999884e-02 6.506599999999999884e-02 1.087051878887033463e+10 5.059914926537051201e+09 3.647194128091654301e+09 3.647642894327965736e+09
1.042599999999999950e-02 6.506599999999999884e-02 7.006400000000000128e-02 1.087915811896495819e+10 5.068554256631667137e+09 2.945503280400170803e+09 2.946763707224090099e+09
1.042599999999999950e-02 6.506599999999999884e-02 7.506100000000000272e-02 1.112496055983634186e+10 5.314356697503055573e+09 3.211546229130855560e+09 3.211540140056124210e+09
1.042599999999999950e-02 6.506599999999999884e-02 8.005600000000000216e-02 1.181746880001898956e+10 6.006864937685708046e+09 7.132445902273009300e+09 7.132029663414424896e+09
1.042599999999999950e-02 7.006400000000000128e-02 7.006400000000000128e-02 1.081205909063434410e+10 5.001455228301046371e+09 3.376083164888903141e+09 3.377040758070558548e+09
1.042599999999999950e-02 7.006400000000000128e-02 7.506100000000000272e-02 1.064733216776901054e+10 4.836728305435726166e+09 2.831684212511174202e+09 2.832752589418743134e+09
1.042599999999999950e-02 7.006400000000000128e-02 8.005600000000000216e-02 1.089191322290343857e+10 5.081309360570143700e+09 3.022142610599258900e+09 3.022030276532333374e+09
1.042599999999999950e-02 7.506100000000000272e-02 7.506100000000000272e-02 1.041738298379018211e+10 4.606779121456906319e+09 3.242486401680821419e+09 3.244106520558262348e+09
1.042599999999999950e-02 7.506100000000000272e-02 8.005600000000000216e-02 1.036404101349188805e+10 4.553437151158596992e+09 2.650187047638929367e+09 2.650958514307699203e+09
1.042599999999999950e-02 8.005600000000000216e-02 8.005600000000000216e-02 1.007566138762798500e+10 4.265057525294698238e+09 3.021566875081906319e+09 3.022038648290428162e+09
1.528299999999999971e-02 1.528299999999999971e-02 1.528299999999999971e-02 1.567538729910032272e+10 9.864783436767044067e+09 2.310484877000835800e+10 2.310536136297969055e+10
1.528299999999999971e-02 1.528299999999999971e-02 2.021500000000000033e-02 1.527644932776637459e+10 9.465845465433097839e+09 1.208640787266312218e+10 1.208680348517732620e+10
1.528299999999999971e-02 1.528299999999999971e-02 2.516799999999999940e-02 1.593220454646965408e+10 1.012160068413636589e+10 1.133658936094054794e+10 1.133778685302026558e+10
1.528299999999999971e-02 1.528299999999999971e-02 3.012099999999999847e-02 1.621075512419819450e+10 1.040015126186491203e+10 1.409629251220052719e+10 1.409648154952721786e+10
1.528299999999999971e-02 1.528299999999999971e-02 3.511199999999999738e-02 1.481688782855128479e+10 9.006283966218000412e+09 2.909912978480308151e+10 2.909914534606956482e+10
1.528299999999999971e-02 2.021500000000000033e-02 2.021500000000000033e-02 1.551650893713647461e+10 9.705905074803190231e+09 1.048751112381502533e+10 1.048867858810272408e+10
1.528299999999999971e-02 2.021500000000000033e-02 2.516799999999999940e-02 1.518727729118705940e+10 9.376673428853778839e+09 6.773584108554539680e+09 6.773183125211540222e+09
1.528299999999999971e-02 2.021500000000000033e-02 3.012099999999999847e-02 1.556379883868519402e+10 9.753194976351913452e+09 6.056500052566545486e+09 6.056743089052567482e+09
1.528299999999999971e-02 2.021500000000000033e-02 3.511199999999999738e-02 1.549989395293661880e+10 9.689290090603334427e+09 7.471926168430782318e+09 7.471458304470285416e+09
1.528299999999999971e-02 2.021500000000000033e-02 4.010899999999999882e-02 1.586594841744952583e+10 1.005534455511623001e+10 1.649512825667717361e+10 1.649617783423930359e+10
1.528299999999999971e-02 2.516799999999999940e-02 2.516799999999999940e-02 1.482400650622822762e+10 9.013402643894939423e+09 8.513007067176788330e+09 8.513360746066836357e+09
1.528299999999999971e-02 2.516799999999999940e-02 3.012099999999999847e-02 1.476909711214216232e+10 8.958493249808868408e+09 5.249615835200732231e+09 5.249868025537135124e+09
1.528299999999999971e-02 2.516799999999999940e-02 3.511199999999999738e-02 1.467744227339979553e+10 8.866838411066514969e+09 4.876363546666095734e+09 4.875733920688268661e+09
1.528299999999999971e-02 2.516799999999999940e-02 4.010899999999999882e-02 1.526423587630106354e+10 9.453632013967767715e+09 5.843083956811987877e+09 5.842795272135961533e+09
1.528299999999999971e-02 2.516799999999999940e-02 4.509300000000000114e-02 1.562896590013295174e+10 9.818362037799680710e+09 1.380838048152440262e+10 1.380781206927479935e+10
1.528299999999999971e-02 3.012099999999999847e-02 3.012099999999999847e-02 1.447323260959307289e+10 8.662628747259807587e+09 6.591606861525581360e+09 6.592006630449880600e+09
1.528299999999999971e-02 3.012099999999999847e-02 3.511199999999999738e-02 1.426260268131657219e+10 8.451998818983278275e+09 4.184341211903491497e+09 4.185900343225979805e+09
1.528299999999999971e-02 3.012099999999999847e-02 4.010899999999999882e-02 1.455535367676913643e+10 8.744749814435838699e+09 3.868850140939699650e+09 3.867916403566630363e+09
1.528299999999999971e-02 3.012099999999999847e-02 4.509300000000000114e-02 1.442218312191194534e+10 8.611579259578668594e+09 5.083918746886387825e+09 5.083759154386745453e+09
1.528299999999999971e-02 3.012099999999999847e-02 5.008300000000000252e-02 1.429371218031646347e+10 8.483108317983188629e+09 1.181901331165530777e+10 1.181924860395065308e+10
1.528299999999999971e-02 3.511199999999999738e-02 3.511199999999999738e-02 1.360047492922599602e+10 7.789871066892729759e+09 5.141245449113431931e+09 5.141640999236536980e+09
1.528299999999999971e-02 3.511199999999999738e-02 4.010899999999999882e-02 1.367001013415057755e+10 7.859406271817270279e+09 3.534586795940346241e+09 3.534556106852340221e+09
1.528299999999999971e-02 3.511199999999999738e-02 4.509300000000000114e-02 1.380477922389934921e+10 7.994175361566058159e+09 3.636139461366021633e+09 3.635585036244332790e+09
1.528299999999999971e-02 3.511199999999999738e-02 5.008300000000000252e-02 1.387158183730919266e+10 8.060977974975913048e+09 4.406634487612756729e+09 4.406089343109127045e+09
1.528299999999999971e-02 3.511199999999999738e-02 5.508300000000000002e-02 1.417619551537023163e+10 8.365591653036940575e+09 1.017722813418199158e+10 1.017660225438553429e+10
1.528299999999999971e-02 4.010899999999999882e-02 4.010899999999999882e-02 1.307583288612252045e+10 7.265229023789224625e+09 4.518736738520516396e+09 4.519040075217760086e+09
1.528299999999999971e-02 4.010899999999999882e-02 4.509300000000000114e-02 1.302843031515405083e+10 7.217826452820760727e+09 3.046606671146460056e+09 3.046015537960408211e+09
1.528299999999999971e-02 4.010899999999999882e-02 5.008300000000000252e-02 1.316791901734101677e+10 7.357315155007729530e+09 2.991219516467650890e+09 2.991179788273733139e+09
1.528299999999999971e-02 4.010899999999999882e-02 5.508300000000000002e-02 1.337191924362749863e+10 7.561315381294210434e+09 3.827879185118857861e+09 3.828024960938460350e+09
1.528299999999999971e-02 4.010899999999999882e-02 6.007599999999999746e-02 1.310494478550872231e+10 7.294340923175433159e+09 9.400110619331323624e+09 9.401451839666965485e+09
1.528299999999999971e-02 4.509300000000000114e-02 4.509300000000000114e-02 1.250581911445722961e+10 6.695215252123930931e+09 3.919000277233852386e+09 3.919420834904837132e+09
1.528299999999999971e-02 4.509300000000000114e-02 5.008300000000000252e-02 1.248456468513582230e+10 6.673960822802518845e+09 2.773259951095266819e+09 2.773493837826670647e+09
1.528299999999999971e-02 4.509300000000000114e-02 5.508300000000000002e-02 1.271013383319459724e+10 6.899529970861314774e+09 2.769659718878065586e+09 2.769129525321038723e+09
1.528299999999999971e-02 4.509300000000000114e-02 6.007599999999999746e-02 1.293463531199363518e+10 7.124031449660331726e+09 3.331308749393579483e+09 3.331147629778589249e+09
1.528299999999999971e-02 4.509300000000000114e-02 6.506599999999999884e-02 1.276746613261129379e+10 6.956862270278009415e+09 7.818738788301179886e+09 7.819492504069474220e+09
1.528299999999999971e-02 5.008300000000000252e-02 5.008300000000000252e-02 1.215022741911651230e+10 6.339623556783218384e+09 3.527972440009620667e+09 3.529147496652603149e+09
1.528299999999999971e-02 5.008300000000000252e-02 5.508300000000000002e-02 1.213533776619041061e+10 6.324733903857130051e+09 2.453821769006706715e+09 2.453376414874475479e+09
1.528299999999999971e-02 5.008300000000000252e-02 6.007599999999999746e-02 1.235783864225563049e+10 6.547234779922348022e+09 2.438347565443472385e+09 2.438185382031316280e+09
1.528299999999999971e-02 5.008300000000000252e-02 6.506599999999999884e-02 1.253943924858632851e+10 6.728835386253026009e+09 3.052422763405341625e+09 3.051539449046283245e+09
1.528299999999999971e-02 5.008300000000000252e-02 7.006400000000000128e-02 1.235129904610301399e+10 6.540695183769753456e+09 7.059531996051004410e+09 7.059736432089227676e+09
1.528299999999999971e-02 5.508300000000000002e-02 5.508300000000000002e-02 1.201303529880660439e+10 6.202431436473300934e+09 3.162406742409691334e+09 3.161435826696201801e+09
1.528299999999999971e-02 5.508300000000000002e-02 6.007599999999999746e-02 1.195772608267586708e+10 6.147122220342584610e+09 2.246052501200369358e+09 2.244545832158820152e+09
1.528299999999999971e-02 5.508300000000000002e-02 6.506599999999999884e-02 1.204744751267019844e+10 6.236843650336922646e+09 2.219828538712713242e+09 2.219356343028406143e+09
1.528299999999999971e-02 5.508300000000000002e-02 7.006400000000000128e-02 1.207390643561590576e+10 6.263302573282639503e+09 2.800520659875986099e+09 2.800569108317046165e+09
1.528299999999999971e-02 5.508300000000000002e-02 7.506100000000000272e-02 1.246576379245346069e+10 6.655159930120169640e+09 6.458716301752655983e+09 6.459049692054294586e+09
1.528299999999999971e-02 6.007599999999999746e-02 6.007599999999999746e-02 1.173303105752992249e+10 5.922427195196639061e+09 2.898967515027362347e+09 2.899209019889560223e+09
1.528299999999999971e-02 6.007599999999999746e-02 6.506599999999999884e-02 1.167710434871381378e+10 5.866500486380537987e+09 2.001450405647291183e+09 2.001288467366749287e+09
1.528299999999999971e-02 6.007599999999999746e-02 7.006400000000000128e-02 1.179633361267236710e+10 5.985729750339078903e+09 2.055416335664095879e+09 2.056156671052744389e+09
1.528299999999999971e-02 6.007599999999999746e-02 7.506100000000000272e-02 1.198157141797634888e+10 6.170967555643060684e+09 2.505120574482941151e+09 2.503572824543976307e+09
1.528299999999999971e-02 6.007599999999999746e-02 8.005600000000000216e-02 1.226897567737991524e+10 6.458371815046641350e+09 6.128236954868548393e+09 6.127963356059689522e+09
1.528299999999999971e-02 6.506599999999999884e-02 6.506599999999999884e-02 1.153766607453630066e+10 5.727062212203022003e+09 2.584235739094906330e+09 2.584567153545845985e+09
1.528299999999999971e-02 6.506599999999999884e-02 7.006400000000000128e-02 1.153525812333453941e+10 5.724654261001259804e+09 1.861605581035692215e+09 1.862590792002138138e+09
1.528299999999999971e-02 6.506599999999999884e-02 7.506100000000000272e-02 1.153539764204211807e+10 5.724793779708831787e+09 1.928887058015952826e+09 1.928166008964382648e+09
1.528299999999999971e-02 6.506599999999999884e-02 8.005600000000000216e-02 1.178734945177867699e+10 5.976745589445405006e+09 2.443888451180435658e+09 2.442476532530932903e+09
1.528299999999999971e-02 7.006400000000000128e-02 7.006400000000000128e-02 1.128267677303719330e+10 5.472072910703910828e+09 2.367530167967117786e+09 2.368676249428553581e+09
1.528299999999999971e-02 7.006400000000000128e-02 7.506100000000000272e-02 1.119381917359752274e+10 5.383215311264243126e+09 1.725808563027865887e+09 1.726206113033755064e+09
1.528299999999999971e-02 7.006400000000000128e-02 8.005600000000000216e-02 1.136719307494059753e+10 5.556589212607322693e+09 1.749263126808190346e+09 1.749347795199149847e+09
1.528299999999999971e-02 7.506100000000000272e-02 7.506100000000000272e-02 1.101415879495621872e+10 5.203554932622936249e+09 2.236939680381783485e+09 2.236880364380250931e+09
1.528299999999999971e-02 7.506100000000000272e-02 8.005600000000000216e-02 1.104966581223255539e+10 5.239061949899261475e+09 1.634313429063675165e+09 1.634055975159319878e+09
1.528299999999999971e-02 8.005600000000000216e-02 8.005600000000000216e-02 1.075959896759901047e+10 4.948995105265725136e+09 2.072619292962152958e+09 2.073617455726428032e+09
2.021500000000000033e-02 2.021500000000000033e-02 2.021500000000000033e-02 1.527244270278787231e+10 9.461838840454587936e+09 1.512960989737732124e+10 1.512912307088898659e+10
2.021500000000000033e-02 2.021500000000000033e-02 2.516799999999999940e-02 1.507505002828036118e+10 9.264446165947090149e+09 8.082413558174969673e+09 8.082176357172910690e+09
2.021500000000000033e-02 2.021500000000000033e-02 3.012099999999999847e-02 1.513618327265228081e+10 9.325579410318994522e+09 6.806623494247167587e+09 6.807162654624773979e+09
2.021500000000000033e-02 2.021500000000000033e-02 3.511199999999999738e-02 1.520067336952533722e+10 9.390069507192056656e+09 6.688229024681302071e+09 6.688634671854269981e+09
2.021500000000000033e-02 2.021500000000000033e-02 4.010899999999999882e-02 1.533689916468673515e+10 9.526295302353460312e+09 8.013038550786595345e+09 8.012834114310430527e+09
2.021500000000000033e-02 2.021500000000000033e-02 4.509300000000000114e-02 1.488900544497884369e+10 9.078401582645551682e+09 1.936280558760365295e+10 1.936301219353160095e+10
2.021500000000000033e-02 2.516799999999999940e-02 2.516799999999999940e-02 1.516359908789881516e+10 9.352995225565544128e+09 6.984570475470080376e+09 6.984911836561933517e+09
2.021500000000000033e-02 2.516799999999999940e-02 3.012099999999999847e-02 1.461034121184067917e+10 8.799737349507404327e+09 4.611912474337302208e+09 4.612539728259703636e+09
2.021500000000000033e-02 2.516799999999999940e-02 3.511199999999999738e-02 1.474531505281847382e+10 8.934711190485168457e+09 4.002232071574677944e+09 4.001395868006555080e+09
2.021500000000000033e-02 2.516799999999999940e-02 4.010899999999999882e-02 1.491288437999163246e+10 9.102280517658330917e+09 3.772530541413329124e+09 3.772349920132041931e+09
2.021500000000000033e-02 2.516799999999999940e-02 4.509300000000000114e-02 1.500042045117918205e+10 9.189816588845891953e+09 4.757465142745305061e+09 4.757572891328262329e+09
2.021500000000000033e-02 2.516799999999999940e-02 5.008300000000000252e-02 1.480520226650198936e+10 8.994598404168725967e+09 1.126620848051632690e+10 1.126612110631031036e+10
2.021500000000000033e-02 3.012099999999999847e-02 3.012099999999999847e-02 1.426934490168245506e+10 8.458741039349164963e+09 5.645387204117196083e+09 5.645230014451072693e+09
2.021500000000000033e-02 3.012099999999999847e-02 3.511199999999999738e-02 1.404872467949667358e+10 8.238120817163401604e+09 3.673018325128325939e+09 3.673990980844670296e+09
2.021500000000000033e-02 3.012099999999999847e-02 4.010899999999999882e-02 1.410495955094793510e+10 8.294355688614651680e+09 3.367583626491075993e+09 3.366617496721532345e+09
2.021500000000000033e-02 3.012099999999999847e-02 4.509300000000000114e-02 1.424539028910305214e+10 8.434786426769769669e+09 3.224401709248995304e+09 3.222813052598384857e+09
2.021500000000000033e-02 3.012099999999999847e-02 5.008300000000000252e-02 1.440179796142957687e+10 8.591194099096281052e+09 3.896244003098165035e+09 3.896351854274177074e+09
2.021500000000000033e-02 3.012099999999999847e-02 5.508300000000000002e-02 1.405560794416619873e+10 8.245004081832930565e+09 9.817979062476396561e+09 9.818243554671960831e+09
2.021500000000000033e-02 3.511199999999999738e-02 3.511199999999999738e-02 1.339566482197642517e+10 7.585060959643140793e+09 4.584728603653448105e+09 4.584608837984652519e+09
2.021500000000000033e-02 3.511199999999999738e-02 4.010899999999999882e-02 1.346971064987685204e+10 7.659106787543582916e+09 2.840977641582561493e+09 2.842370491999759197e+09
2.021500000000000033e-02 3.511199999999999738e-02 4.509300000000000114e-02 1.349839608883865166e+10 7.687792226505358696e+09 2.934915076883056164e+09 2.935685512703071594e+09
2.021500000000000033e-02 3.511199999999999738e-02 5.008300000000000252e-02 1.359612718873051262e+10 7.785523326397212029e+09 2.723808657300184250e+09 2.723767499883681774e+09
2.021500000000000033e-02 3.511199999999999738e-02 5.508300000000000002e-02 1.384930667694697571e+10 8.038702814613665581e+09 3.456572370908713341e+09 3.455766884821695805e+09
2.021500000000000033e-02 3.511199999999999738e-02 6.007599999999999746e-02 1.359521209577066803e+10 7.784608233437391281e+09 8.721606329669246674e+09 8.721388411706777573e+09
2.021500000000000033e-02 4.010899999999999882e-02 4.010899999999999882e-02 1.310942682455522537e+10 7.298822962221933365e+09 3.921540801565544605e+09 3.921261566417804241e+09
2.021500000000000033e-02 4.010899999999999882e-02 4.509300000000000114e-02 1.300501569360128212e+10 7.194411831268008232e+09 2.564048863057698727e+09 2.564102397683831692e+09
2.021500000000000033e-02 4.010899999999999882e-02 5.008300000000000252e-02 1.305191162526433182e+10 7.241307762931049347e+09 2.378635695567141056e+09 2.378614633625782013e+09
2.021500000000000033e-02 4.010899999999999882e-02 5.508300000000000002e-02 1.320263784008681107e+10 7.392033977753512383e+09 2.451219513363675594e+09 2.451055656481214046e+09
2.021500000000000033e-02 4.010899999999999882e-02 6.007599999999999746e-02 1.324271114012760544e+10 7.432107277794329643e+09 3.089746460021742821e+09 3.089506603300150394e+09
2.021500000000000033e-02 4.010899999999999882e-02 6.506599999999999884e-02 1.325522344702964973e+10 7.444619584696354866e+09 7.484100399318094254e+09 7.483702717587434769e+09
2.021500000000000033e-02 4.509300000000000114e-02 4.509300000000000114e-02 1.254962290122618294e+10 6.739019038892895699e+09 3.368424134440704823e+09 3.369292396504703999e+09
2.021500000000000033e-02 4.509300000000000114e-02 5.008300000000000252e-02 1.244047884362204170e+10 6.629874981288761139e+09 2.310151153981005192e+09 2.309482723053351402e+09
2.021500000000000033e-02 4.509300000000000114e-02 5.508300000000000002e-02 1.258318549404292297e+10 6.772581631709656715e+09 2.162151604710036278e+09 2.161122264799324989e+09
2.021500000000000033e-02 4.509300000000000114e-02 6.007599999999999746e-02 1.277972501532700920e+10 6.969121152993705750e+09 2.129723100458622932e+09 2.129151326796448231e+09
2.021500000000000033e-02 4.509300000000000114e-02 6.506599999999999884e-02 1.287339660683512688e+10 7.062792744501811981e+09 2.711079264783871174e+09 2.710471222173868656e+09
2.021500000000000033e-02 4.509300000000000114e-02 7.006400000000000128e-02 1.252538725416187668e+10 6.714783391828586578e+09 6.865586007218275070e+09 6.864840359512920380e+09
2.021500000000000033e-02 5.008300000000000252e-02 5.008300000000000252e-02 1.219403578568981552e+10 6.383431923356521606e+09 2.904241318580372334e+09 2.903675250438750267e+09
2.021500000000000033e-02 5.008300000000000252e-02 5.508300000000000002e-02 1.211885453473179817e+10 6.308250672398522377e+09 2.030399749608022451e+09 2.029210756379734993e+09
2.021500000000000033e-02 5.008300000000000252e-02 6.007599999999999746e-02 1.206940445949087334e+10 6.258800597157611847e+09 1.929076348531196833e+09 1.928388937669263363e+09
2.021500000000000033e-02 5.008300000000000252e-02 6.506599999999999884e-02 1.243175645290494919e+10 6.621152590571678162e+09 1.940642256543046713e+09 1.938985975282369375e+09
2.021500000000000033e-02 5.008300000000000252e-02 7.006400000000000128e-02 1.253700098580385590e+10 6.726397123470575333e+09 2.515922931165884495e+09 2.514819188957955837e+09
2.021500000000000033e-02 5.008300000000000252e-02 7.506100000000000272e-02 1.229462135942634201e+10 6.484017497093079567e+09 5.863153819949929237e+09 5.862352514989172935e+09
2.021500000000000033e-02 5.508300000000000002e-02 5.508300000000000002e-02 1.185039424247789764e+10 6.039790380144631386e+09 2.647647235496116161e+09 2.646715006526344299e+09
2.021500000000000033e-02 5.508300000000000002e-02 6.007599999999999746e-02 1.165823342182119942e+10 5.847629559487899780e+09 1.794784803607611418e+09 1.794210638442551613e+09
2.021500000000000033e-02 5.508300000000000002e-02 6.506599999999999884e-02 1.179104622300294495e+10 5.980442360669650078e+09 1.801044500386353731e+09 1.800381811157968521e+09
2.021500000000000033e-02 5.508300000000000002e-02 7.006400000000000128e-02 1.203283897571893120e+10 6.222235113385648727e+09 1.837973754847989082e+09 1.836121827613326788e+09
2.021500000000000033e-02 5.508300000000000002e-02 7.506100000000000272e-02 1.212335946717905045e+10 6.312755604845761299e+09 2.300844371526611805e+09 2.299917512432726860e+09
2.021500000000000033e-02 5.508300000000000002e-02 8.005600000000000216e-02 1.219883876200777817e+10 6.388234899674503326e+09 5.509297372915735245e+09 5.509867533270590782e+09
2.021500000000000033e-02 6.007599999999999746e-02 6.007599999999999746e-02 1.161366255513142967e+10 5.803058692798130035e+09 2.368634243037956715e+09 2.367653437718094826e+09
2.021500000000000033e-02 6.007599999999999746e-02 6.506599999999999884e-02 1.160417938425127220e+10 5.793575521917995453e+09 1.696740241121962309e+09 1.696047916856622934e+09
2.021500000000000033e-02 6.007599999999999746e-02 7.006400000000000128e-02 1.170802577351544189e+10 5.897421911182167053e+09 1.552767841934589863e+09 1.551861039471599340e+09
2.021500000000000033e-02 6.007599999999999746e-02 7.506100000000000272e-02 1.185695227382866096e+10 6.046348411495367050e+09 1.665946273516852379e+09 1.665292340994505167e+09
2.021500000000000033e-02 6.007599999999999746e-02 8.005600000000000216e-02 1.187741593718944550e+10 6.066812074856155396e+09 2.044404774452507973e+09 2.043803442901346684e+09
2.021500000000000033e-02 6.506599999999999884e-02 6.506599999999999884e-02 1.142854651441786194e+10 5.617942652084589005e+09 2.221279849351213455e+09 2.221361478226222992e+09
2.021500000000000033e-02 6.506599999999999884e-02 7.006400000000000128e-02 1.139582915688649750e+10 5.585225294553236008e+09 1.567533030288952351e+09 1.567019886690849543e+09
2.021500000000000033e-02 6.506599999999999884e-02 7.506100000000000272e-02 1.148964711162804031e+10 5.679043249294744492e+09 1.455998537986520529e+09 1.455678772186438560e+09
2.021500000000000033e-02 6.506599999999999884e-02 8.005600000000000216e-02 1.163367820047956276e+10 5.823074338146280289e+09 1.534256761069128752e+09 1.534068048070327044e+09
2.021500000000000033e-02 7.006400000000000128e-02 7.006400000000000128e-02 1.120400653506242943e+10 5.393402672729154587e+09 2.067420214467065096e+09 2.067927754431570292e+09
2.021500000000000033e-02 7.006400000000000128e-02 7.506100000000000272e-02 1.117375092943804741e+10 5.363147067104776382e+09 1.426667651790712357e+09 1.426157947534779549e+09
2.021500000000000033e-02 7.006400000000000128e-02 8.005600000000000216e-02 1.125903106031109047e+10 5.448427197977810860e+09 1.446711095400599957e+09 1.445682464723575115e+09
2.021500000000000033e-02 7.506100000000000272e-02 7.506100000000000272e-02 1.112890085640372658e+10 5.318296994070431709e+09 1.864577138002451897e+09 1.865682312163638353e+09
2.021500000000000033e-02 7.506100000000000272e-02 8.005600000000000216e-02 1.104603949035408020e+10 5.235435628020804405e+09 1.298637075479594231e+09 1.298975927833114147e+09
2.021500000000000033e-02 8.005600000000000216e-02 8.005600000000000216e-02 1.089917694141855049e+10 5.088573079085271835e+09 1.704418424473052740e+09 1.704502966035926104e+09
2.516799999999999940e-02 2.516799999999999940e-02 2.516799999999999940e-02 1.433025334635212708e+10 8.519649484018842697e+09 1.018377714193793869e+10 1.018466862836598206e+10
2.516799999999999940e-02 2.516799999999999940e-02 3.012099999999999847e-02 1.395639638667815399e+10 8.145792524344880104e+09 5.575286315060695648e+09 5.575619370162012100e+09
2.516799999999999940e-02 2.516799999999999940e-02 3.511199999999999738e-02 1.418923854463983727e+10 8.378634682306571960e+09 4.807747377043926239e+09 4.807661248526510239e+09
2.516799999999999940e-02 2.516799999999999940e-02 4.010899999999999882e-02 1.436046419735018539e+10 8.549860335016882896e+09 4.601193584456747055e+09 4.601832621423990250e+09
2.516799999999999940e-02 2.516799999999999940e-02 4.509300000000000114e-02 1.467240137478928375e+10 8.861797512455978394e+09 4.435814658327197075e+09 4.435599094779836655e+09
2.516799999999999940e-02 2.516799999999999940e-02 5.008300000000000252e-02 1.470874593851913834e+10 8.898142076185819626e+09 5.496784773445592880e+09 5.495911073503651619e+09
2.516799999999999940e-02 2.516799999999999940e-02 5.508300000000000002e-02 1.421815108579264259e+10 8.407547223459341049e+09 1.361704746693699455e+10 1.361766044365230560e+10
2.516799999999999940e-02 3.012099999999999847e-02 3.012099999999999847e-02 1.382843214641586876e+10 8.017828284082572937e+09 5.123008467105289459e+09 5.123167335220650673e+09
2.516799999999999940e-02 3.012099999999999847e-02 3.511199999999999738e-02 1.373552595397435379e+10 7.924922091641062737e+09 3.144534695211175919e+09 3.144685290773774147e+09
2.516799999999999940e-02 3.012099999999999847e-02 4.010899999999999882e-02 1.373109237984835815e+10 7.920488517515067101e+09 3.017115652956786633e+09 3.017193332966314316e+09
2.516799999999999940e-02 3.012099999999999847e-02 4.509300000000000114e-02 1.365432999514993858e+10 7.843726132816647530e+09 2.980302614655459881e+09 2.979995571010085106e+09
2.516799999999999940e-02 3.012099999999999847e-02 5.008300000000000252e-02 1.389157536631517982e+10 8.080971503981906891e+09 2.792800700695167065e+09 2.793153509395559311e+09
2.516799999999999940e-02 3.012099999999999847e-02 5.508300000000000002e-02 1.388432270870395088e+10 8.073718846370690346e+09 3.426437258129083157e+09 3.426551094996294498e+09
2.516799999999999940e-02 3.012099999999999847e-02 6.007599999999999746e-02 1.374913869177773094e+10 7.938534829444438934e+09 8.436473851870379448e+09 8.436743952120630264e+09
2.516799999999999940e-02 3.511199999999999738e-02 3.511199999999999738e-02 1.310817824012941933e+10 7.297574377796131134e+09 4.066892253221964836e+09 4.066814712549197197e+09
2.516799999999999940e-02 3.511199999999999738e-02 4.010899999999999882e-02 1.317851356703444862e+10 7.367909704701169968e+09 2.685669302639102936e+09 2.685925592037851810e+09
2.516799999999999940e-02 3.511199999999999738e-02 4.509300000000000114e-02 1.312542573422903252e+10 7.314821871895757675e+09 2.506261637580971718e+09 2.506234291795645714e+09
2.516799999999999940e-02 3.511199999999999738e-02 5.008300000000000252e-02 1.312455426699480057e+10 7.313950404661521912e+09 2.389995705289962769e+09 2.389259344240782261e+09
2.516799999999999940e-02 3.511199999999999738e-02 5.508300000000000002e-02 1.337982836641753578e+10 7.569224504084261894e+09 2.331141797835054874e+09 2.330474443050201416e+09
2.516799999999999940e-02 3.511199999999999738e-02 6.007599999999999746e-02 1.333981811387095451e+10 7.529214251537671089e+09 3.019467338151708603e+09 3.019555748905002594e+09
2.516799999999999940e-02 3.511199999999999738e-02 6.506599999999999884e-02 1.281724525368024063e+10 7.006641391346944809e+09 7.287719191818812370e+09 7.287286099844402313e+09
2.516799999999999940e-02 4.010899999999999882e-02 4.010899999999999882e-02 1.286448903071971703e+10 7.053885168386396408e+09 3.347444513268814564e+09 3.347903605971052170e+09
2.516799999999999940e-02 4.010899999999999882e-02 4.509300000000000114e-02 1.268926393816028595e+10 6.878660075826975822e+09 2.214659219275091171e+09 2.214844201930450439e+09
2.516799999999999940e-02 4.010899999999999882e-02 5.008300000000000252e-02 1.259109745442014503e+10 6.780493592086870193e+09 2.164333625142812252e+09 2.163782649177726746e+09
2.516799999999999940e-02 4.010899999999999882e-02 5.508300000000000002e-02 1.265856530590969849e+10 6.847961443576451302e+09 2.094470271714104414e+09 2.094162619313080311e+09
2.516799999999999940e-02 4.010899999999999882e-02 6.007599999999999746e-02 1.295780193059720993e+10 7.147198068263912201e+09 2.046656241032097816e+09 2.046215281048080444e+09
2.516799999999999940e-02 4.010899999999999882e-02 6.506599999999999884e-02 1.274173862964529610e+10 6.931134767312014580e+09 2.624482331261672020e+09 2.623893654796511650e+09
2.516799999999999940e-02 4.010899999999999882e-02 7.006400000000000128e-02 1.245100508251184273e+10 6.640401220178576469e+09 6.366055967744730949e+09 6.365921256404721260e+09
2.516799999999999940e-02 4.509300000000000114e-02 4.509300000000000114e-02 1.240521165623410606e+10 6.594607793900852203e+09 2.959081383094913960e+09 2.958447926874730110e+09
2.516799999999999940e-02 4.509300000000000114e-02 5.008300000000000252e-02 1.223890126905198288e+10 6.428297406718676567e+09 1.939761674822088480e+09 1.939559075588632584e+09
2.516799999999999940e-02 4.509300000000000114e-02 5.508300000000000002e-02 1.213471103822162628e+10 6.324107175888360977e+09 1.878985969601011753e+09 1.878409296753327608e+09
2.516799999999999940e-02 4.509300000000000114e-02 6.007599999999999746e-02 1.230405101932497406e+10 6.493447156991692543e+09 1.819117693924067736e+09 1.818805368433161259e+09
2.516799999999999940e-02 4.509300000000000114e-02 6.506599999999999884e-02 1.241167695747781944e+10 6.601073095144536018e+09 1.849812945665115356e+09 1.849754266750680923e+09
2.516799999999999940e-02 4.509300000000000114e-02 7.006400000000000128e-02 1.245351831712011719e+10 6.642914454786853790e+09 2.305246006002183437e+09 2.305214983108398438e+09
2.516799999999999940e-02 4.509300000000000114e-02 7.506100000000000272e-02 1.243194851679577065e+10 6.621344654462491989e+09 5.592365671209367752e+09 5.593534574063882828e+09
2.516799999999999940e-02 5.008300000000000252e-02 5.008300000000000252e-02 1.186265198302001190e+10 6.052048120686702728e+09 2.637029491091403008e+09 2.636997153328095913e+09
2.516799999999999940e-02 5.008300000000000252e-02 5.508300000000000002e-02 1.184878029924523735e+10 6.038176436911950111e+09 1.836539200567965508e+09 1.837547161229913712e+09
2.516799999999999940e-02 5.008300000000000252e-02 6.007599999999999746e-02 1.173523712588953590e+10 5.924633263556251526e+09 1.701825387391360521e+09 1.700916213702545166e+09
2.516799999999999940e-02 5.008300000000000252e-02 6.506599999999999884e-02 1.201473667956799698e+10 6.204132817234716415e+09 1.658990407867856503e+09 1.659299137376507521e+09
2.516799999999999940e-02 5.008300000000000252e-02 7.006400000000000128e-02 1.210048270429851151e+10 6.289878841965210915e+09 1.639956146076147795e+09 1.640297044431612253e+09
2.516799999999999940e-02 5.008300000000000252e-02 7.506100000000000272e-02 1.207565080202614212e+10 6.265046939692858696e+09 2.140089957941570997e+09 2.140454007541038036e+09
2.516799999999999940e-02 5.008300000000000252e-02 8.005600000000000216e-02 1.209902933370335388e+10 6.288425471370078087e+09 5.168364968114830017e+09 5.169419988789831161e+09
2.516799999999999940e-02 5.508300000000000002e-02 5.508300000000000002e-02 1.161681838204348183e+10 5.806214519710230827e+09 2.329513580839730263e+09 2.330368782517679214e+09
2.516799999999999940e-02 5.508300000000000002e-02 6.007599999999999746e-02 1.154035973709148026e+10 5.729755874758187294e+09 1.560175035991792440e+09 1.560371950112726212e+09
2.516799999999999940e-02 5.508300000000000002e-02 6.506599999999999884e-02 1.154800576773063087e+10 5.737401905397343636e+09 1.483222029947481394e+09 1.483154477081898689e+09
2.516799999999999940e-02 5.508300000000000002e-02 7.006400000000000128e-02 1.170725224256008339e+10 5.896648380226794243e+09 1.483115741486086607e+09 1.482193901156076431e+09
2.516799999999999940e-02 5.508300000000000002e-02 7.506100000000000272e-02 1.175106987783731079e+10 5.940466015504049301e+09 1.461087653293837309e+09 1.460933836653084755e+09
2.516799999999999940e-02 5.508300000000000002e-02 8.005600000000000216e-02 1.184860147001527977e+10 6.037997607681992531e+09 1.937435843337939501e+09 1.937997527973254442e+09
2.516799999999999940e-02 6.007599999999999746e-02 6.007599999999999746e-02 1.133171766797075272e+10 5.521113805637491226e+09 2.110139755151476860e+09 2.109857166275882721e+09
2.516799999999999940e-02 6.007599999999999746e-02 6.506599999999999884e-02 1.131776319116714287e+10 5.507159328833860397e+09 1.439356551085446596e+09 1.439207257718955517e+09
2.516799999999999940e-02 6.007599999999999746e-02 7.006400000000000128e-02 1.139275601382896996e+10 5.582152151495691299e+09 1.430446285134343386e+09 1.430105281295333147e+09
2.516799999999999940e-02 6.007599999999999746e-02 7.506100000000000272e-02 1.153936439222945404e+10 5.728760529896167755e+09 1.381567394385057449e+09 1.380564398801272631e+09
2.516799999999999940e-02 6.007599999999999746e-02 8.005600000000000216e-02 1.152310517684512901e+10 5.712501314511861801e+09 1.316179905835827827e+09 1.316163941546007872e+09
2.516799999999999940e-02 6.506599999999999884e-02 6.506599999999999884e-02 1.130729666784340096e+10 5.496692805510122299e+09 1.952985048924836159e+09 1.953266438376413107e+09
2.516799999999999940e-02 6.506599999999999884e-02 7.006400000000000128e-02 1.114106194545141029e+10 5.330458083118124008e+09 1.371667527403918028e+09 1.371938891661499023e+09
2.516799999999999940e-02 6.506599999999999884e-02 7.506100000000000272e-02 1.112797397997918510e+10 5.317370117645906448e+09 1.317578663336495876e+09 1.317231096611865282e+09
2.516799999999999940e-02 6.506599999999999884e-02 8.005600000000000216e-02 1.122509995403461075e+10 5.414496091701351166e+09 1.226383245638391256e+09 1.226179763402802706e+09
2.516799999999999940e-02 7.006400000000000128e-02 7.006400000000000128e-02 1.110163382008009911e+10 5.291029957746832848e+09 1.806612093136138678e+09 1.805905427852203846e+09
2.516799999999999940e-02 7.006400000000000128e-02 7.506100000000000272e-02 1.096822750799091911e+10 5.157623645657646179e+09 1.267068710247231007e+09 1.267083530885654688e+09
2.516799999999999940e-02 7.006400000000000128e-02 8.005600000000000216e-02 1.093345600933537483e+10 5.122852147002092361e+09 1.188217303668364763e+09 1.188688211476877451e+09
2.516799999999999940e-02 7.506100000000000272e-02 7.506100000000000272e-02 1.083678473831516647e+10 5.026180875981888771e+09 1.608571346229267359e+09 1.608177219540426254e+09
2.516799999999999940e-02 7.506100000000000272e-02 8.005600000000000216e-02 1.075570612732486153e+10 4.945102264991576195e+09 1.138774342198903084e+09 1.139110746361547232e+09
2.516799999999999940e-02 8.005600000000000216e-02 8.005600000000000216e-02 1.059870504742246246e+10 4.788101185089177132e+09 1.539963158975003004e+09 1.539713011191517591e+09
3.012099999999999847e-02 3.012099999999999847e-02 3.012099999999999847e-02 1.323098820819875908e+10 7.420384345865502357e+09 7.536830845801511765e+09 7.537513435071897507e+09
3.012099999999999847e-02 3.012099999999999847e-02 3.511199999999999738e-02 1.347605608258534241e+10 7.665452220252078056e+09 3.929351703535673618e+09 3.928964295039274693e+09
3.012099999999999847e-02 3.012099999999999847e-02 4.010899999999999882e-02 1.331043243241777420e+10 7.499828570084502220e+09 3.642598273806559563e+09 3.642096280909119129e+09
3.012099999999999847e-02 3.012099999999999847e-02 4.509300000000000114e-02 1.310650382372371674e+10 7.295899961390427589e+09 3.557143346526504040e+09 3.557230465995593548e+09
3.012099999999999847e-02 3.012099999999999847e-02 5.008300000000000252e-02 1.303437793067432785e+10 7.223774068341062546e+09 3.227330099236326218e+09 3.228194301895551205e+09
3.012099999999999847e-02 3.012099999999999847e-02 5.508300000000000002e-02 1.329807639741031075e+10 7.487472535077039719e+09 3.349315989319497108e+09 3.349233078939775944e+09
3.012099999999999847e-02 3.012099999999999847e-02 6.007599999999999746e-02 1.324393054525665665e+10 7.433326682923342705e+09 4.087738898079922676e+09 4.087659743271293640e+09
3.012099999999999847e-02 3.012099999999999847e-02 6.506599999999999884e-02 1.296448963676168633e+10 7.153885774428411484e+09 1.048467146843926811e+10 1.048467265261968040e+10
3.012099999999999847e-02 3.511199999999999738e-02 3.511199999999999738e-02 1.298837762917111206e+10 7.177773766837815285e+09 3.662458762493669033e+09 3.662020916313028812e+09
3.012099999999999847e-02 3.511199999999999738e-02 4.010899999999999882e-02 1.290051899941698837e+10 7.089915137083713531e+09 2.349448172648162842e+09 2.348611485818614006e+09
3.012099999999999847e-02 3.511199999999999738e-02 4.509300000000000114e-02 1.271364424889579010e+10 6.903040386562507629e+09 2.223653348246098995e+09 2.223352568553617477e+09
3.012099999999999847e-02 3.511199999999999738e-02 5.008300000000000252e-02 1.262333646505135155e+10 6.812732602718052864e+09 2.166993026235817909e+09 2.166651317905697346e+09
3.012099999999999847e-02 3.511199999999999738e-02 5.508300000000000002e-02 1.271009355142365265e+10 6.899489689090383530e+09 2.082572811493878841e+09 2.081893557219990015e+09
3.012099999999999847e-02 3.511199999999999738e-02 6.007599999999999746e-02 1.286691312997018814e+10 7.056309267636900902e+09 2.004150667986542225e+09 2.002413605123267412e+09
3.012099999999999847e-02 3.511199999999999738e-02 6.506599999999999884e-02 1.267982833989138603e+10 6.869224477558112144e+09 2.640692081762272835e+09 2.640173581373457432e+09
3.012099999999999847e-02 3.511199999999999738e-02 7.006400000000000128e-02 1.224048534902815247e+10 6.429881486694864273e+09 6.319477751820285797e+09 6.319838335542724609e+09
3.012099999999999847e-02 4.010899999999999882e-02 4.010899999999999882e-02 1.252466556522820663e+10 6.714061702894915581e+09 2.997922359703519344e+09 2.998591230370715141e+09
3.012099999999999847e-02 4.010899999999999882e-02 4.509300000000000114e-02 1.231589755683600044e+10 6.505293694502714157e+09 2.098182391649247646e+09 2.099208242284544945e+09
3.012099999999999847e-02 4.010899999999999882e-02 5.008300000000000252e-02 1.215443987121053505e+10 6.343836008877260208e+09 1.872232492650394201e+09 1.872592860581426382e+09
3.012099999999999847e-02 4.010899999999999882e-02 5.508300000000000002e-02 1.211677641364615822e+10 6.306172551312871933e+09 1.777935884448233128e+09 1.777406710517405987e+09
3.012099999999999847e-02 4.010899999999999882e-02 6.007599999999999746e-02 1.224870152043847084e+10 6.438097658105193138e+09 1.757591632449185848e+09 1.757272643456400871e+09
3.012099999999999847e-02 4.010899999999999882e-02 6.506599999999999884e-02 1.227282506552560234e+10 6.462221203192339897e+09 1.764737845716111660e+09 1.763124984721838713e+09
3.012099999999999847e-02 4.010899999999999882e-02 7.006400000000000128e-02 1.227750796225734329e+10 6.466904099924045563e+09 2.310033450395061016e+09 2.309473328783336163e+09
3.012099999999999847e-02 4.010899999999999882e-02 7.506100000000000272e-02 1.214273980914334297e+10 6.332135946810067177e+09 5.658344161287433624e+09 5.658496333028175354e+09
3.012099999999999847e-02 4.509300000000000114e-02 4.509300000000000114e-02 1.205390627820156479e+10 6.243302415868268967e+09 2.702818041654290676e+09 2.702872454881427288e+09
3.012099999999999847e-02 4.509300000000000114e-02 5.008300000000000252e-02 1.188784074130003929e+10 6.077236878966750145e+09 1.763715987430084944e+09 1.763901224880329132e+09
3.012099999999999847e-02 4.509300000000000114e-02 5.508300000000000002e-02 1.177935736943743134e+10 5.968753507104144096e+09 1.693502077530297995e+09 1.693173036617860794e+09
3.012099999999999847e-02 4.509300000000000114e-02 6.007599999999999746e-02 1.185457275876393890e+10 6.043968896430665016e+09 1.584730632197954178e+09 1.584598680824032068e+09
3.012099999999999847e-02 4.509300000000000114e-02 6.506599999999999884e-02 1.188161476218350601e+10 6.071010899850225449e+09 1.526048282463071346e+09 1.525234758804118156e+09
3.012099999999999847e-02 4.509300000000000114e-02 7.006400000000000128e-02 1.197176190924656296e+10 6.161158046913282394e+09 1.597997125233550549e+09 1.596227973987967253e+09
3.012099999999999847e-02 4.509300000000000114e-02 7.506100000000000272e-02 1.197237084281995010e+10 6.161766980486663818e+09 2.048134486961578608e+09 2.047433907427980900e+09
3.012099999999999847e-02 4.509300000000000114e-02 8.005600000000000216e-02 1.188038251090238571e+10 6.069778648569108009e+09 5.103070122014142036e+09 5.103770990907122612e+09
3.012099999999999847e-02 5.008300000000000252e-02 5.008300000000000252e-02 1.165398779746988106e+10 5.843383935136589050e+09 2.275850063728586674e+09 2.275736340383562088e+09
3.012099999999999847e-02 5.008300000000000252e-02 5.508300000000000002e-02 1.146444338946500397e+10 5.653839527131708145e+09 1.594995004955543518e+09 1.594617034959182024e+09
3.012099999999999847e-02 5.008300000000000252e-02 6.007599999999999746e-02 1.142275682905211449e+10 5.612152966718831062e+09 1.559761785401015997e+09 1.559580871950616598e+09
3.012099999999999847e-02 5.008300000000000252e-02 6.506599999999999884e-02 1.149640786307572746e+10 5.685804000742440224e+09 1.481978280389441729e+09 1.481031797539545536e+09
3.012099999999999847e-02 5.008300000000000252e-02 7.006400000000000128e-02 1.152351984269418526e+10 5.712915980360908508e+09 1.392735029387640476e+09 1.391846506029709578e+09
3.012099999999999847e-02 5.008300000000000252e-02 7.506100000000000272e-02 1.163284883444537735e+10 5.822244972112093925e+09 1.371893209739238739e+09 1.371453048503998995e+09
3.012099999999999847e-02 5.008300000000000252e-02 8.005600000000000216e-02 1.158775794508577728e+10 5.777154082752498627e+09 1.778667207058934450e+09 1.779098887538230896e+09
3.012099999999999847e-02 5.508300000000000002e-02 5.508300000000000002e-02 1.136288402997412682e+10 5.552280167640834808e+09 2.141524839206261873e+09 2.140780824319074631e+09
3.012099999999999847e-02 5.508300000000000002e-02 6.007599999999999746e-02 1.131446178531129456e+10 5.503857922978014946e+09 1.417683968247500420e+09 1.418025549339663744e+09
3.012099999999999847e-02 5.508300000000000002e-02 6.506599999999999884e-02 1.130608645193847656e+10 5.495482589605190277e+09 1.379339936796338081e+09 1.378464384414605141e+09
3.012099999999999847e-02 5.508300000000000002e-02 7.006400000000000128e-02 1.122649000681574440e+10 5.415886144482468605e+09 1.399616685122893095e+09 1.399278928732476473e+09
3.012099999999999847e-02 5.508300000000000002e-02 7.506100000000000272e-02 1.122803140102858925e+10 5.417427538695303917e+09 1.266398900953290462e+09 1.266772202592783451e+09
3.012099999999999847e-02 5.508300000000000002e-02 8.005600000000000216e-02 1.136054884352462578e+10 5.549944981191331863e+09 1.287993585133912325e+09 1.287969254717155933e+09
3.012099999999999847e-02 6.007599999999999746e-02 6.007599999999999746e-02 1.119068236956446266e+10 5.380078507231173515e+09 1.888176918607964754e+09 1.888589364725067139e+09
3.012099999999999847e-02 6.007599999999999746e-02 6.506599999999999884e-02 1.111341039892634773e+10 5.302806536593084335e+09 1.329734383636691093e+09 1.329540543389385462e+09
3.012099999999999847e-02 6.007599999999999746e-02 7.006400000000000128e-02 1.105807098847710991e+10 5.247467126143819809e+09 1.267931997075280190e+09 1.267932121397290945e+09
3.012099999999999847e-02 6.007599999999999746e-02 7.506100000000000272e-02 1.097768941579375267e+10 5.167085553460450172e+09 1.191423602758556128e+09 1.192195929634554863e+09
3.012099999999999847e-02 6.007599999999999746e-02 8.005600000000000216e-02 1.102383236247672081e+10 5.213228500143444061e+09 1.208269992075680971e+09 1.208569938343816042e+09
3.012099999999999847e-02 6.506599999999999884e-02 6.506599999999999884e-02 1.092718235378937340e+10 5.116578491456108093e+09 1.719350866648074389e+09 1.718369067650670528e+09
3.012099999999999847e-02 6.506599999999999884e-02 7.006400000000000128e-02 1.088226852267676353e+10 5.071664660343478203e+09 1.227756977394715786e+09 1.226785475051667452e+09
3.012099999999999847e-02 6.506599999999999884e-02 7.506100000000000272e-02 1.079098804696210289e+10 4.980384184628832817e+09 1.167815382537192583e+09 1.166489233618767023e+09
3.012099999999999847e-02 6.506599999999999884e-02 8.005600000000000216e-02 1.075279573599811935e+10 4.942191873664839745e+09 1.149171135095505238e+09 1.149439628767723560e+09
3.012099999999999847e-02 7.006400000000000128e-02 7.006400000000000128e-02 1.071382769048154259e+10 4.903223828148263931e+09 1.591746385280264139e+09 1.591495357318726301e+09
3.012099999999999847e-02 7.006400000000000128e-02 7.506100000000000272e-02 1.064553035793074226e+10 4.834926495597461700e+09 1.136402659849951029e+09 1.134515392720212936e+09
3.012099999999999847e-02 7.006400000000000128e-02 8.005600000000000216e-02 1.061697262714799690e+10 4.806368764814707756e+09 1.082189372926264524e+09 1.082365402564771652e+09
3.012099999999999847e-02 7.506100000000000272e-02 7.506100000000000272e-02 1.049153128339796448e+10 4.680927421064674377e+09 1.470386663474117279e+09 1.469387031558668613e+09
3.012099999999999847e-02 7.506100000000000272e-02 8.005600000000000216e-02 1.044691449803778839e+10 4.636310635704530716e+09 1.027199486729609013e+09 1.026564662247382522e+09
3.012099999999999847e-02 8.005600000000000216e-02 8.005600000000000216e-02 1.036764487963417053e+10 4.557041017300900459e+09 1.319051255378943682e+09 1.319272995854805470e+09
3.511199999999999738e-02 3.511199999999999738e-02 3.511199999999999738e-02 1.277063714586061478e+10 6.960033283527331352e+09 5.697106937615442276e+09 5.696396594368884087e+09
3.511199999999999738e-02 3.511199999999999738e-02 4.010899999999999882e-02 1.243392604447829247e+10 6.623322182145014763e+09 3.139256790129339218e+09 3.138437594595645428e+09
3.511199999999999738e-02 3.511199999999999738e-02 4.509300000000000114e-02 1.236679675931505775e+10 6.556192896981781960e+09 2.724070373336345673e+09 2.724912319320016861e+09
3.511199999999999738e-02 3.511199999999999738e-02 5.008300000000000252e-02 1.226927527521224785e+10 6.458671412878954887e+09 2.644613766941218376e+09 2.645264847533748150e+09
3.511199999999999738e-02 3.511199999999999738e-02 5.508300000000000002e-02 1.216794301285516739e+10 6.357339150521901131e+09 2.651832589885599136e+09 2.652226803310812473e+09
3.511199999999999738e-02 3.511199999999999738e-02 6.007599999999999746e-02 1.219751465574149132e+10 6.386910793408200264e+09 2.430140625752521515e+09 2.429287463891333103e+09
3.511199999999999738e-02 3.511199999999999738e-02 6.506599999999999884e-02 1.242287019371371841e+10 6.612266331380454063e+09 2.442327406822791100e+09 2.441543420641264439e+09
3.511199999999999738e-02 3.511199999999999738e-02 7.006400000000000128e-02 1.226498071469970512e+10 6.454376852366420746e+09 3.125773575235282421e+09 3.125696133046324730e+09
3.511199999999999738e-02 3.511199999999999738e-02 7.506100000000000272e-02 1.197435879300279236e+10 6.163754930669519424e+09 7.915312649901195526e+09 7.914487953685395241e+09
3.511199999999999738e-02 4.010899999999999882e-02 4.010899999999999882e-02 1.208867055992289734e+10 6.278066697589610100e+09 2.856660636053385735e+09 2.856653770298982620e+09
3.511199999999999738e-02 4.010899999999999882e-02 4.509300000000000114e-02 1.189341796911025810e+10 6.082814106776979446e+09 1.897323254984538555e+09 1.897801098521934509e+09
3.511199999999999738e-02 4.010899999999999882e-02 5.008300000000000252e-02 1.189152149422018051e+10 6.080917631886876106e+09 1.769124932197693586e+09 1.769216935130023479e+09
3.511199999999999738e-02 4.010899999999999882e-02 5.508300000000000002e-02 1.169945873623735619e+10 5.888854873904068947e+09 1.751263872217767954e+09 1.750659797005606651e+09
3.511199999999999738e-02 4.010899999999999882e-02 6.007599999999999746e-02 1.173794983356287384e+10 5.927345971229620934e+09 1.633884234393176317e+09 1.633610113675412655e+09
3.511199999999999738e-02 4.010899999999999882e-02 6.506599999999999884e-02 1.173182008558556557e+10 5.921216223252303123e+09 1.551396374548233747e+09 1.551047137289319754e+09
3.511199999999999738e-02 4.010899999999999882e-02 7.006400000000000128e-02 1.188439100140444565e+10 6.073787139071162224e+09 1.553066829482867718e+09 1.552758586319572210e+09
3.511199999999999738e-02 4.010899999999999882e-02 7.506100000000000272e-02 1.192701671749516487e+10 6.116412855161876678e+09 2.063752421767358065e+09 2.064078829893886328e+09
3.511199999999999738e-02 4.010899999999999882e-02 8.005600000000000216e-02 1.168377058202687836e+10 5.873166719693565369e+09 5.096491066453056335e+09 5.096687513596320152e+09
3.511199999999999738e-02 4.509300000000000114e-02 4.509300000000000114e-02 1.161939062636730766e+10 5.808786764034012794e+09 2.406127166706707001e+09 2.406347987295721531e+09
3.511199999999999738e-02 4.509300000000000114e-02 5.008300000000000252e-02 1.154983269726619720e+10 5.739228834932916641e+09 1.625020879309252977e+09 1.625048017491982698e+09
3.511199999999999738e-02 4.509300000000000114e-02 5.508300000000000002e-02 1.141877269273967934e+10 5.608168830406390190e+09 1.514914101546343327e+09 1.514449366607566833e+09
3.511199999999999738e-02 4.509300000000000114e-02 6.007599999999999746e-02 1.134194216640226364e+10 5.531338304068992615e+09 1.485604890348399878e+09 1.484585883912622452e+09
3.511199999999999738e-02 4.509300000000000114e-02 6.506599999999999884e-02 1.136139125299833679e+10 5.550787390665046692e+09 1.443535019598247290e+09 1.442533944835011959e+09
3.511199999999999738e-02 4.509300000000000114e-02 7.006400000000000128e-02 1.141964479431259155e+10 5.609040931979313850e+09 1.358152422742057562e+09 1.357582441906397820e+09
3.511199999999999738e-02 4.509300000000000114e-02 7.506100000000000272e-02 1.146620654657319260e+10 5.655602684239908218e+09 1.366072944050201416e+09 1.366189944420966387e+09
3.511199999999999738e-02 4.509300000000000114e-02 8.005600000000000216e-02 1.138055008410416222e+10 5.569946221770880699e+09 1.769667577514138222e+09 1.769181015066075325e+09
3.511199999999999738e-02 5.008300000000000252e-02 5.008300000000000252e-02 1.130438798443352509e+10 5.493784122100235939e+09 2.072367010595859528e+09 2.071836316738314152e+09
3.511199999999999738e-02 5.008300000000000252e-02 5.508300000000000002e-02 1.111328848486738014e+10 5.302684622534099579e+09 1.454983734403096676e+09 1.454639201156177521e+09
3.511199999999999738e-02 5.008300000000000252e-02 6.007599999999999746e-02 1.105453052037804031e+10 5.243926658044770241e+09 1.412883491133064747e+09 1.412943024980557203e+09
3.511199999999999738e-02 5.008300000000000252e-02 6.506599999999999884e-02 1.108939273037440491e+10 5.278788868041126251e+09 1.291611684825416088e+09 1.289880846163127899e+09
3.511199999999999738e-02 5.008300000000000252e-02 7.006400000000000128e-02 1.110997808084988785e+10 5.299374218516631126e+09 1.240707002153349638e+09 1.238756106685724258e+09
3.511199999999999738e-02 5.008300000000000252e-02 7.506100000000000272e-02 1.113777919804200745e+10 5.327175335708741188e+09 1.193258822962208748e+09 1.192172825182943344e+09
3.511199999999999738e-02 5.008300000000000252e-02 8.005600000000000216e-02 1.114200221271013641e+10 5.331398350376861572e+09 1.218252392368083477e+09 1.217370713525023937e+09
3.511199999999999738e-02 5.508300000000000002e-02 5.508300000000000002e-02 1.107147529955335808e+10 5.260871437220061302e+09 1.858789736461433649e+09 1.859308574233225346e+09
3.511199999999999738e-02 5.508300000000000002e-02 6.007599999999999746e-02 1.095967123365041161e+10 5.149067371317146301e+09 1.274448088709771395e+09 1.274124856228632689e+09
3.511199999999999738e-02 5.508300000000000002e-02 6.506599999999999884e-02 1.090994423444346046e+10 5.099340372110177994e+09 1.236527179081210375e+09 1.234299169714235783e+09
3.511199999999999738e-02 5.508300000000000002e-02 7.006400000000000128e-02 1.089365779570710182e+10 5.083053933373819351e+09 1.232577980796709538e+09 1.231198888091774702e+09
3.511199999999999738e-02 5.508300000000000002e-02 7.506100000000000272e-02 1.081292232220045662e+10 5.002318459867180824e+09 1.138915617361688852e+09 1.138414739199927092e+09
3.511199999999999738e-02 5.508300000000000002e-02 8.005600000000000216e-02 1.085069445682650566e+10 5.040090594493233681e+09 1.093292201237452269e+09 1.092303771898179054e+09
3.511199999999999738e-02 6.007599999999999746e-02 6.007599999999999746e-02 1.079571271646044731e+10 4.985108854127161980e+09 1.674550656796114922e+09 1.675319331640285254e+09
3.511199999999999738e-02 6.007599999999999746e-02 6.506599999999999884e-02 1.075431987104826164e+10 4.943716008714971542e+09 1.181303030705663443e+09 1.180831178293725491e+09
3.511199999999999738e-02 6.007599999999999746e-02 7.006400000000000128e-02 1.062446253038416290e+10 4.813858668050868988e+09 1.099732634284053087e+09 1.100016787431339025e+09
3.511199999999999738e-02 6.007599999999999746e-02 7.506100000000000272e-02 1.062578025879716682e+10 4.815176396463876724e+09 1.047424138361664772e+09 1.047267957753974438e+09
3.511199999999999738e-02 6.007599999999999746e-02 8.005600000000000216e-02 1.057137111321020889e+10 4.760767250876910210e+09 1.038863455861731410e+09 1.038769199894774079e+09
3.511199999999999738e-02 6.506599999999999884e-02 6.506599999999999884e-02 1.064982002533276367e+10 4.839216162999483109e+09 1.483737032061568260e+09 1.482928394621229172e+09
3.511199999999999738e-02 6.506599999999999884e-02 7.006400000000000128e-02 1.052868596635930252e+10 4.718082104026027679e+09 1.107876924851906776e+09 1.106837412797694921e+09
3.511199999999999738e-02 6.506599999999999884e-02 7.506100000000000272e-02 1.044136114885580826e+10 4.630757286522526741e+09 1.060415811602650881e+09 1.059236027014309645e+09
3.511199999999999738e-02 6.506599999999999884e-02 8.005600000000000216e-02 1.039362149077700996e+10 4.583017628443718910e+09 1.015662580177323580e+09 1.016045977169991732e+09
3.511199999999999738e-02 7.006400000000000128e-02 7.006400000000000128e-02 1.039244405679581833e+10 4.581840194462528229e+09 1.382880652216781616e+09 1.381285793333890676e+09
3.511199999999999738e-02 7.006400000000000128e-02 7.506100000000000272e-02 1.037476487680084610e+10 4.564161014467573166e+09 9.777035393544363976e+08 9.760802763676989079e+08
3.511199999999999738e-02 7.006400000000000128e-02 8.005600000000000216e-02 1.025697535309454727e+10 4.446371490761255264e+09 9.733630403290877342e+08 9.718684214134083986e+08
3.511199999999999738e-02 7.506100000000000272e-02 7.506100000000000272e-02 1.014078970255780983e+10 4.330185840224534035e+09 1.319599702434666872e+09 1.319283797004120111e+09
3.511199999999999738e-02 7.506100000000000272e-02 8.005600000000000216e-02 1.010801860832644844e+10 4.297414745993173599e+09 9.693045790595707893e+08 9.681990774922395945e+08
3.511199999999999738e-02 8.005600000000000216e-02 8.005600000000000216e-02 9.953179466897710800e+09 4.142575604564415932e+09 1.224617145444908619e+09 1.224340971986219168e+09
4.010899999999999882e-02 4.010899999999999882e-02 4.010899999999999882e-02 1.184686566818806458e+10 6.036261805854793549e+09 4.369407127357500076e+09 4.368455304520856857e+09
4.010899999999999882e-02 4.010899999999999882e-02 4.509300000000000114e-02 1.170565624854061127e+10 5.895052386207311630e+09 2.430716962366346359e+09 2.431731849935826302e+09
4.010899999999999882e-02 4.010899999999999882e-02 5.008300000000000252e-02 1.154895696191425896e+10 5.738353099580973625e+09 2.141597969427261114e+09 2.141916201091157436e+09
4.010899999999999882e-02 4.010899999999999882e-02 5.508300000000000002e-02 1.137376050475401497e+10 5.563156642420729637e+09 2.168519534230496407e+09 2.168652668904067516e+09
4.010899999999999882e-02 4.010899999999999882e-02 6.007599999999999746e-02 1.129259644819452286e+10 5.481992585861231804e+09 2.001853935313889742e+09 2.000755765156910419e+09
4.010899999999999882e-02 4.010899999999999882e-02 6.506599999999999884e-02 1.133267395461377144e+10 5.522070092280473709e+09 1.986917762925056934e+09 1.985672951727285147e+09
4.010899999999999882e-02 4.010899999999999882e-02 7.006400000000000128e-02 1.132631595960408592e+10 5.515712097270795822e+09 1.896757990988877296e+09 1.896452722159002066e+09
4.010899999999999882e-02 4.010899999999999882e-02 7.506100000000000272e-02 1.146935183024125290e+10 5.658747967907948494e+09 1.918757554081468105e+09 1.918464031514671564e+09
4.010899999999999882e-02 4.010899999999999882e-02 8.005600000000000216e-02 1.147347421408390427e+10 5.662870351750612259e+09 2.497782650809951305e+09 2.496583948647488594e+09
4.010899999999999882e-02 4.509300000000000114e-02 4.509300000000000114e-02 1.131138882367144585e+10 5.500784961338158607e+09 2.278540936756720543e+09 2.278976742108066082e+09
4.010899999999999882e-02 4.509300000000000114e-02 5.008300000000000252e-02 1.116750565373695564e+10 5.356901791403669357e+09 1.532133815003072739e+09 1.531822060792076111e+09
4.010899999999999882e-02 4.509300000000000114e-02 5.508300000000000002e-02 1.100185974280098724e+10 5.191255880467713356e+09 1.446396121595268250e+09 1.446713648897954702e+09
4.010899999999999882e-02 4.509300000000000114e-02 6.007599999999999746e-02 1.089235996432214737e+10 5.081756101988870621e+09 1.381643884972830057e+09 1.382258355530145645e+09
4.010899999999999882e-02 4.509300000000000114e-02 6.506599999999999884e-02 1.095548574569662285e+10 5.144881883363354683e+09 1.304601739591726303e+09 1.304383779340424776e+09
4.010899999999999882e-02 4.509300000000000114e-02 7.006400000000000128e-02 1.102712788217944336e+10 5.216524019846141815e+09 1.288734886519831896e+09 1.288720314038233519e+09
4.010899999999999882e-02 4.509300000000000114e-02 7.506100000000000272e-02 1.103658604481469727e+10 5.225982182481408119e+09 1.238175152477860212e+09 1.238556668628444672e+09
4.010899999999999882e-02 4.509300000000000114e-02 8.005600000000000216e-02 1.107822876551256180e+10 5.267624903179284096e+09 1.235252973079531908e+09 1.234571960211977959e+09
4.010899999999999882e-02 5.008300000000000252e-02 5.008300000000000252e-02 1.097609291769438934e+10 5.165489055361108780e+09 1.909925322077223539e+09 1.909840791036869526e+09
4.010899999999999882e-02 5.008300000000000252e-02 5.508300000000000002e-02 1.080119901227021027e+10 4.990595149936932564e+09 1.325212028764240742e+09 1.325046152658997774e+09
4.010899999999999882e-02 5.008300000000000252e-02 6.007599999999999746e-02 1.082790018071162415e+10 5.017296318378355026e+09 1.240409991619269609e+09 1.240538184838682890e+09
4.010899999999999882e-02 5.008300000000000252e-02 6.506599999999999884e-02 1.069456650148640633e+10 4.883962639153109550e+09 1.178656066168219805e+09 1.178498244372887850e+09
4.010899999999999882e-02 5.008300000000000252e-02 7.006400000000000128e-02 1.071631495808949089e+10 4.905711095756211281e+09 1.156732522147568226e+09 1.155125957859939814e+09
4.010899999999999882e-02 5.008300000000000252e-02 7.506100000000000272e-02 1.070775259939762115e+10 4.897148737064336777e+09 1.119480797040004730e+09 1.118119928838765860e+09
4.010899999999999882e-02 5.008300000000000252e-02 8.005600000000000216e-02 1.071873848140520477e+10 4.908134619071913719e+09 1.101841375736029863e+09 1.102159938730603933e+09
4.010899999999999882e-02 5.508300000000000002e-02 5.508300000000000002e-02 1.078409879590179253e+10 4.973494933568492889e+09 1.740995548305750370e+09 1.739787370867924452e+09
4.010899999999999882e-02 5.508300000000000002e-02 6.007599999999999746e-02 1.064554780231569099e+10 4.834943939982406616e+09 1.181354121005898237e+09 1.180766142378423691e+09
4.010899999999999882e-02 5.508300000000000002e-02 6.506599999999999884e-02 1.058036117536970520e+10 4.769757313036415100e+09 1.128237568191828966e+09 1.127478292347344875e+09
4.010899999999999882e-02 5.508300000000000002e-02 7.006400000000000128e-02 1.050416268031291771e+10 4.693558817979635239e+09 1.086736591716767788e+09 1.085104295146460533e+09
4.010899999999999882e-02 5.508300000000000002e-02 7.506100000000000272e-02 1.044709509090756226e+10 4.636491228574297905e+09 1.068204137073261976e+09 1.068270791095486641e+09
4.010899999999999882e-02 5.508300000000000002e-02 8.005600000000000216e-02 1.047293493647823906e+10 4.662331074144931793e+09 9.918937713108921051e+08 9.905864450035057068e+08
4.010899999999999882e-02 6.007599999999999746e-02 6.007599999999999746e-02 1.058451815457902145e+10 4.773914292245740891e+09 1.534990900112459183e+09 1.534800928839068174e+09
4.010899999999999882e-02 6.007599999999999746e-02 6.506599999999999884e-02 1.047796553426048660e+10 4.667361671927201271e+09 1.166688619296791553e+09 1.165727234588348389e+09
4.010899999999999882e-02 6.007599999999999746e-02 7.006400000000000128e-02 1.035203055513563156e+10 4.541426692802356720e+09 1.051946315897536516e+09 1.053151741219735384e+09
4.010899999999999882e-02 6.007599999999999746e-02 7.506100000000000272e-02 1.031762147229977798e+10 4.507017609966501236e+09 9.905141572773263454e+08 9.905661144355946779e+08
4.010899999999999882e-02 6.007599999999999746e-02 8.005600000000000216e-02 1.027910767117852020e+10 4.468503808845222473e+09 9.550193870250939131e+08 9.549464775150573254e+08
4.010899999999999882e-02 6.506599999999999884e-02 6.506599999999999884e-02 1.037839467086445427e+10 4.567790808531180382e+09 1.475581348741642475e+09 1.475052737653194904e+09
4.010899999999999882e-02 6.506599999999999884e-02 7.006400000000000128e-02 1.018551671171998405e+10 4.374912849386693001e+09 1.015308230705578446e+09 1.015365789476465225e+09
4.010899999999999882e-02 6.506599999999999884e-02 7.506100000000000272e-02 1.014358837609070396e+10 4.332984513757425308e+09 9.266801092111876011e+08 9.258819728941606283e+08
4.010899999999999882e-02 6.506599999999999884e-02 8.005600000000000216e-02 1.012547365175317574e+10 4.314869789419882774e+09 9.182805408251873255e+08 9.175640098904557228e+08
4.010899999999999882e-02 7.006400000000000128e-02 7.006400000000000128e-02 1.014264486912558746e+10 4.332041006792320251e+09 1.357589883969610214e+09 1.357124134379240513e+09
4.010899999999999882e-02 7.006400000000000128e-02 7.506100000000000272e-02 1.004483731754568481e+10 4.234233455212421894e+09 9.139876789969058037e+08 9.132538589556344748e+08
4.010899999999999882e-02 7.006400000000000128e-02 8.005600000000000216e-02 9.993805484885879517e+09 4.183201622552611828e+09 9.046519535820424557e+08 9.047477047310380936e+08
4.010899999999999882e-02 7.506100000000000272e-02 7.506100000000000272e-02 1.002013130631073189e+10 4.209527443977450371e+09 1.231179662374583006e+09 1.231139944447225094e+09
4.010899999999999882e-02 7.506100000000000272e-02 8.005600000000000216e-02 9.847179861602561951e+09 4.036575999269280434e+09 8.552274444552295208e+08 8.544449706206989288e+08
4.010899999999999882e-02 8.005600000000000216e-02 8.005600000000000216e-02 9.705743845640434265e+09 3.895139983307159901e+09 1.140087743536007643e+09 1.139130484478404045e+09
4.509300000000000114e-02 4.509300000000000114e-02 4.509300000000000114e-02 1.110540117564144707e+10 5.294797313308160782e+09 3.453709239876456738e+09 3.453797173352017403e+09
4.509300000000000114e-02 4.509300000000000114e-02 5.008300000000000252e-02 1.099161113133175278e+10 5.181007268998457909e+09 2.016457663846898794e+09 2.015501738053359032e+09
4.509300000000000114e-02 4.509300000000000114e-02 5.508300000000000002e-02 1.074583972762635422e+10 4.935235865293050766e+09 1.797862390133055210e+09 1.797666030497359276e+09
4.509300000000000114e-02 4.509300000000000114e-02 6.007599999999999746e-02 1.072838305213705444e+10 4.917779189803790092e+09 1.781597473095349312e+09 1.781551104574134827e+09
4.509300000000000114e-02 4.509300000000000114e-02 6.506599999999999884e-02 1.068524264879387283e+10 4.874638786460573196e+09 1.662112343868655205e+09 1.661538617157061338e+09
4.509300000000000114e-02 4.509300000000000114e-02 7.006400000000000128e-02 1.068538240717897415e+10 4.874778544845675468e+09 1.624952328179561138e+09 1.624570651106682062e+09
4.509300000000000114e-02 4.509300000000000114e-02 7.506100000000000272e-02 1.065449511439933395e+10 4.843891252066036224e+09 1.558409875864354134e+09 1.558359922389069796e+09
4.509300000000000114e-02 4.509300000000000114e-02 8.005600000000000216e-02 1.064191275736781693e+10 4.831308895034545898e+09 1.459674673105467319e+09 1.459101663978896856e+09
4.509300000000000114e-02 5.008300000000000252e-02 5.008300000000000252e-02 1.082459166945447922e+10 5.013987807121189117e+09 1.935975797624826908e+09 1.936393223199218750e+09
4.509300000000000114e-02 5.008300000000000252e-02 5.508300000000000002e-02 1.060972892558836174e+10 4.799125063255069733e+09 1.299498952743645906e+09 1.298764704911012650e+09
4.509300000000000114e-02 5.008300000000000252e-02 6.007599999999999746e-02 1.054161677537178993e+10 4.731012913038506508e+09 1.146749344033948898e+09 1.146228654506972790e+09
4.509300000000000114e-02 5.008300000000000252e-02 6.506599999999999884e-02 1.047520922183765411e+10 4.664605359504397392e+09 1.127104565005774975e+09 1.126047072032280684e+09
4.509300000000000114e-02 5.008300000000000252e-02 7.006400000000000128e-02 1.042503831739068794e+10 4.614434455057414055e+09 1.073776141213323355e+09 1.073580838719403148e+09
4.509300000000000114e-02 5.008300000000000252e-02 7.506100000000000272e-02 1.037094591423869514e+10 4.560342051905397415e+09 1.079664927699945927e+09 1.079592838569768429e+09
4.509300000000000114e-02 5.008300000000000252e-02 8.005600000000000216e-02 1.038170445441037941e+10 4.571100592077095985e+09 1.018712607636309266e+09 1.017534207596950531e+09
4.509300000000000114e-02 5.508300000000000002e-02 5.508300000000000002e-02 1.043295897055233002e+10 4.622355108219057083e+09 1.637310600537333727e+09 1.637845283908866405e+09
4.509300000000000114e-02 5.508300000000000002e-02 6.007599999999999746e-02 1.037485646304642296e+10 4.564252600713146210e+09 1.123789447740911245e+09 1.123816880622394562e+09
4.509300000000000114e-02 5.508300000000000002e-02 6.506599999999999884e-02 1.031036697512061501e+10 4.499763112787327766e+09 1.050436430818301320e+09 1.050254790637779117e+09
4.509300000000000114e-02 5.508300000000000002e-02 7.006400000000000128e-02 1.027350677382036972e+10 4.462902911487078667e+09 1.033769463607021928e+09 1.033023379522776842e+09
4.509300000000000114e-02 5.508300000000000002e-02 7.506100000000000272e-02 1.016106728953365898e+10 4.350463427200373650e+09 1.015238091094323397e+09 1.014480821569844961e+09
4.509300000000000114e-02 5.508300000000000002e-02 8.005600000000000216e-02 1.019300803086718178e+10 4.382404168533894539e+09 9.164722779597923756e+08 9.155217000371427536e+08
4.509300000000000114e-02 6.007599999999999746e-02 6.007599999999999746e-02 1.021842378644867706e+10 4.407819924115401268e+09 1.494314884355525494e+09 1.494613475081423283e+09
4.509300000000000114e-02 6.007599999999999746e-02 6.506599999999999884e-02 1.023690251231070137e+10 4.426298649977416039e+09 1.026255339136001348e+09 1.026240698383216619e+09
4.509300000000000114e-02 6.007599999999999746e-02 7.006400000000000128e-02 1.008800121928814697e+10 4.277397356954866409e+09 9.724077769683309793e+08 9.727585857962892056e+08
4.509300000000000114e-02 6.007599999999999746e-02 7.506100000000000272e-02 1.004157648510697174e+10 4.230972622773682594e+09 9.609949099550896883e+08 9.608692241707441807e+08
4.509300000000000114e-02 6.007599999999999746e-02 8.005600000000000216e-02 1.000251175831000519e+10 4.191907895976707935e+09 8.855668030961340666e+08 8.852209772064989805e+08
4.509300000000000114e-02 6.506599999999999884e-02 6.506599999999999884e-02 1.017270639811946487e+10 4.362102535786183357e+09 1.347349197163182259e+09 1.346977301130847931e+09
4.509300000000000114e-02 6.506599999999999884e-02 7.006400000000000128e-02 1.005058532631045151e+10 4.239981463977179527e+09 9.404895081178189516e+08 9.408103212382775545e+08
4.509300000000000114e-02 6.506599999999999884e-02 7.506100000000000272e-02 9.959567551603305817e+09 4.148963689270020485e+09 8.693173584558739662e+08 8.690116023292727470e+08
4.509300000000000114e-02 6.506599999999999884e-02 8.005600000000000216e-02 9.874616792355180740e+09 4.064012930021891594e+09 8.401685322969092131e+08 8.403339559228940010e+08
4.509300000000000114e-02 7.006400000000000128e-02 7.006400000000000128e-02 1.001594912704347229e+10 4.205345264710215569e+09 1.289023346439691067e+09 1.289157610952320814e+09
4.509300000000000114e-02 7.006400000000000128e-02 7.506100000000000272e-02 9.838046575357498169e+09 4.027442713024212360e+09 8.482633855829386711e+08 8.473956609029176235e+08
4.509300000000000114e-02 7.006400000000000128e-02 8.005600000000000216e-02 9.743388290837457657e+09 3.932784428504167080e+09 8.071524928923257589e+08 8.070358573032881021e+08
4.509300000000000114e-02 7.506100000000000272e-02 7.506100000000000272e-02 9.786612850640857697e+09 3.976008988307551861e+09 1.088756516401687860e+09 1.088960880654725790e+09
4.509300000000000114e-02 7.506100000000000272e-02 8.005600000000000216e-02 9.632122241664793015e+09 3.821518379331510067e+09 7.926978641305433512e+08 7.922257100540606976e+08
4.509300000000000114e-02 8.005600000000000216e-02 8.005600000000000216e-02 9.550513462191961288e+09 3.739909599858685970e+09 1.046932887214943409e+09 1.046683015295649529e+09
5.008300000000000252e-02 5.008300000000000252e-02 5.008300000000000252e-02 1.059411586269481850e+10 4.783512000361533165e+09 2.879499936017117500e+09 2.879783862966160774e+09
5.008300000000000252e-02 5.008300000000000252e-02 5.508300000000000002e-02 1.041186643980108070e+10 4.601262577467801094e+09 1.681779497763159752e+09 1.681396659466490269e+09
5.008300000000000252e-02 5.008300000000000252e-02 6.007599999999999746e-02 1.036477119963362694e+10 4.554167337300337791e+09 1.478220694614101887e+09 1.477875927324646473e+09
5.008300000000000252e-02 5.008300000000000252e-02 6.506599999999999884e-02 1.028300050556571579e+10 4.472396643232419968e+09 1.477325912624102354e+09 1.477755827921097994e+09
5.008300000000000252e-02 5.008300000000000252e-02 7.006400000000000128e-02 1.021304677736634827e+10 4.402442915033082962e+09 1.334489571006002665e+09 1.334074662903361797e+09
5.008300000000000252e-02 5.008300000000000252e-02 7.506100000000000272e-02 1.018014495149002075e+10 4.369541089156723976e+09 1.364373080575112581e+09 1.363773797550224066e+09
5.008300000000000252e-02 5.008300000000000252e-02 8.005600000000000216e-02 1.009141658979366875e+10 4.280812727460388660e+09 1.287990987537637949e+09 1.288006950508916140e+09
5.008300000000000252e-02 5.508300000000000002e-02 5.508300000000000002e-02 1.028566009539379120e+10 4.475056233060503006e+09 1.553018788383810043e+09 1.552833867798595667e+09
5.008300000000000252e-02 5.508300000000000002e-02 6.007599999999999746e-02 1.012605000350811005e+10 4.315446141174834251e+09 1.080507778434876204e+09 1.079542599854459524e+09
5.008300000000000252e-02 5.508300000000000002e-02 6.506599999999999884e-02 1.010918068079053879e+10 4.298576818457246780e+09 1.001066097918399453e+09 1.000346245381411552e+09
5.008300000000000252e-02 5.508300000000000002e-02 7.006400000000000128e-02 1.006327495861584854e+10 4.252671096282562733e+09 9.503782740293480158e+08 9.501161364054714441e+08
5.008300000000000252e-02 5.508300000000000002e-02 7.506100000000000272e-02 9.976240861478651047e+09 4.165636999145362854e+09 9.475453290224156380e+08 9.464017206808387041e+08
5.008300000000000252e-02 5.508300000000000002e-02 8.005600000000000216e-02 9.971630361063550949e+09 4.161026498730254173e+09 9.206874845329837799e+08 9.207477131020692587e+08
5.008300000000000252e-02 6.007599999999999746e-02 6.007599999999999746e-02 9.981442245427139282e+09 4.170838383093853951e+09 1.369990963433977365e+09 1.370564255101408720e+09
5.008300000000000252e-02 6.007599999999999746e-02 6.506599999999999884e-02 9.951467727283130646e+09 4.140863864949851990e+09 9.618746475947731733e+08 9.619604082656545639e+08
5.008300000000000252e-02 6.007599999999999746e-02 7.006400000000000128e-02 9.918454650230909348e+09 4.107850787897643089e+09 8.940584613179031610e+08 8.937264773210886717e+08
5.008300000000000252e-02 6.007599999999999746e-02 7.506100000000000272e-02 9.811196315448265076e+09 4.000592453114994049e+09 8.855966634572976828e+08 8.853785877005496025e+08
5.008300000000000252e-02 6.007599999999999746e-02 8.005600000000000216e-02 9.767505859861845016e+09 3.956901997528571129e+09 8.506862066958585978e+08 8.516735845020985603e+08
5.008300000000000252e-02 6.506599999999999884e-02 6.506599999999999884e-02 9.878052847028263092e+09 4.067448984694989204e+09 1.211697199167704344e+09 1.211285411221485138e+09
5.008300000000000252e-02 6.506599999999999884e-02 7.006400000000000128e-02 9.828958462138889313e+09 4.018354599805605412e+09 8.621523588679820299e+08 8.615106966005971432e+08
5.008300000000000252e-02 6.506599999999999884e-02 7.506100000000000272e-02 9.746492253904476166e+09 3.935888391571192265e+09 8.316100355621620417e+08 8.302538182020338774e+08
5.008300000000000252e-02 6.506599999999999884e-02 8.005600000000000216e-02 9.630698946674886703e+09 3.820095084341620922e+09 8.029516889553675652e+08 8.022865753040792942e+08
5.008300000000000252e-02 7.006400000000000128e-02 7.006400000000000128e-02 9.702036200674425125e+09 3.891432338341139317e+09 1.118503475965402842e+09 1.118560224493538857e+09
5.008300000000000252e-02 7.006400000000000128e-02 7.506100000000000272e-02 9.671936765156713486e+09 3.861332902823427200e+09 8.234323360962915421e+08 8.224468371038268805e+08
5.008300000000000252e-02 7.006400000000000128e-02 8.005600000000000216e-02 9.567923817774059296e+09 3.757319955440771580e+09 7.795302493435467482e+08 7.801047849011720419e+08
5.008300000000000252e-02 7.506100000000000272e-02 7.506100000000000272e-02 9.537304393934432983e+09 3.726700531601138115e+09 1.071817164419247150e+09 1.071528845834335446e+09
5.008300000000000252e-02 7.506100000000000272e-02 8.005600000000000216e-02 9.427683950365083694e+09 3.617080088031800747e+09 7.361507030908986330e+08 7.349430867316411734e+08
5.008300000000000252e-02 8.005600000000000216e-02 8.005600000000000216e-02 9.342226357752656937e+09 3.531622495419372082e+09 1.002753611459557652e+09 1.001441756276498199e+09
5.508300000000000002e-02 5.508300000000000002e-02 5.508300000000000002e-02 1.018418251723892975e+10 4.373578654905640602e+09 2.509178175446828365e+09 2.509433543738282204e+09
5.508300000000000002e-02 5.508300000000000002e-02 6.007599999999999746e-02 1.000920128295884514e+10 4.198597420625565529e+09 1.424492279363110065e+09 1.424513549051353216e+09
5.508300000000000002e-02 5.508300000000000002e-02 6.506599999999999884e-02 1.002607097961071396e+10 4.215467117277428150e+09 1.296225062655865908e+09 1.295272424714681387e+09
5.508300000000000002e-02 5.508300000000000002e-02 7.006400000000000128e-02 9.900859827503015518e+09 4.090255965169741154e+09 1.235869233166733265e+09 1.235096239583397150e+09
5.508300000000000002e-02 5.508300000000000002e-02 7.506100000000000272e-02 9.758982474781333923e+09 3.948378612448047638e+09 1.158519605815115690e+09 1.157563983674138308e+09
5.508300000000000002e-02 5.508300000000000002e-02 8.005600000000000216e-02 9.798096006391628265e+09 3.987492144058337212e+09 1.134350989993802547e+09 1.133929817470388412e+09
5.508300000000000002e-02 6.007599999999999746e-02 6.007599999999999746e-02 9.856553982193653107e+09 4.045950119860383034e+09 1.307025015911408901e+09 1.307395836466498137e+09
5.508300000000000002e-02 6.007599999999999746e-02 6.506599999999999884e-02 9.794307364985206604e+09 3.983703502651925087e+09 9.582908041559921503e+08 9.587689000965663195e+08
5.508300000000000002e-02 6.007599999999999746e-02 7.006400000000000128e-02 9.783142022906171799e+09 3.972538160572893143e+09 8.670147002189388275e+08 8.655125579419388771e+08
5.508300000000000002e-02 6.007599999999999746e-02 7.506100000000000272e-02 9.675098655901693344e+09 3.864494793568407536e+09 8.610110844911462069e+08 8.599551898973670006e+08
5.508300000000000002e-02 6.007599999999999746e-02 8.005600000000000216e-02 9.624687626234668732e+09 3.814083763901394367e+09 8.075931349257359505e+08 8.070759792971765995e+08
5.508300000000000002e-02 6.506599999999999884e-02 6.506599999999999884e-02 9.760379833530590057e+09 3.949775971197300911e+09 1.225196970793143034e+09 1.225623924229541302e+09
5.508300000000000002e-02 6.506599999999999884e-02 7.006400000000000128e-02 9.683718049978822708e+09 3.873114187645542145e+09 8.250983453726027012e+08 8.240729868210527897e+08
5.508300000000000002e-02 6.506599999999999884e-02 7.506100000000000272e-02 9.610785563457962036e+09 3.800181701124684334e+09 8.164360924961328506e+08 8.159945132891870737e+08
5.508300000000000002e-02 6.506599999999999884e-02 8.005600000000000216e-02 9.541520835993789673e+09 3.730916973660503864e+09 7.436082438631685972e+08 7.433385043813629150e+08
5.508300000000000002e-02 7.006400000000000128e-02 7.006400000000000128e-02 9.593491281846565247e+09 3.782887419513272762e+09 1.045046967422455788e+09 1.044788895406835437e+09
5.508300000000000002e-02 7.006400000000000128e-02 7.506100000000000272e-02 9.513140279769704819e+09 3.702536417436412811e+09 7.459405504051259756e+08 7.446168927041875124e+08
5.508300000000000002e-02 7.006400000000000128e-02 8.005600000000000216e-02 9.418429900739486694e+09 3.607826038406215668e+09 7.318699258663691282e+08 7.300205100984450579e+08
5.508300000000000002e-02 7.506100000000000272e-02 7.506100000000000272e-02 9.392369146081283569e+09 3.581765283748000622e+09 1.003087868375207424e+09 1.002749539618798494e+09
5.508300000000000002e-02 7.506100000000000272e-02 8.005600000000000216e-02 9.290655070747562408e+09 3.480051208414285660e+09 7.279101764386848211e+08 7.266151907644107342e+08
5.508300000000000002e-02 8.005600000000000216e-02 8.005600000000000216e-02 9.180888680532155991e+09 3.370284818198877335e+09 9.422801474789123535e+08 9.424831967412391901e+08
6.007599999999999746e-02 6.007599999999999746e-02 6.007599999999999746e-02 9.835622770941417694e+09 4.025018908608141899e+09 2.041341127008635044e+09 2.041206421203970909e+09
6.007599999999999746e-02 6.007599999999999746e-02 6.506599999999999884e-02 9.713535883689586639e+09 3.902932021356290340e+09 1.215513445106223822e+09 1.216120142099764585e+09
6.007599999999999746e-02 6.007599999999999746e-02 7.006400000000000128e-02 9.724411026207698822e+09 3.913807163874418736e+09 1.149868379266912699e+09 1.149476592620893002e+09
6.007599999999999746e-02 6.007599999999999746e-02 7.506100000000000272e-02 9.537929198302659988e+09 3.727325335969375610e+09 1.092709206902606487e+09 1.091732907309333086e+09
6.007599999999999746e-02 6.007599999999999746e-02 8.005600000000000216e-02 9.439592560944036484e+09 3.628988698610753536e+09 1.030562413749313354e+09 1.030009350515310287e+09
6.007599999999999746e-02 6.506599999999999884e-02 6.506599999999999884e-02 9.701316701155281067e+09 3.890712838822006226e+09 1.109171173998534441e+09 1.108074275553469658e+09
6.007599999999999746e-02 6.506599999999999884e-02 7.006400000000000128e-02 9.565500120601428986e+09 3.754896258268160820e+09 8.085686621587591171e+08 8.075685398811557293e+08
6.007599999999999746e-02 6.506599999999999884e-02 7.506100000000000272e-02 9.470741044794158936e+09 3.660137182460869789e+09 7.609043719456144571e+08 7.592311784040139914e+08
6.007599999999999746e-02 6.506599999999999884e-02 8.005600000000000216e-02 9.371372821832878113e+09 3.560768959499598503e+09 7.279748877022258043e+08 7.265647006309477091e+08
6.007599999999999746e-02 7.006400000000000128e-02 7.006400000000000128e-02 9.489240203043825150e+09 3.678636340710549355e+09 1.019973817295738101e+09 1.019472262664783239e+09
6.007599999999999746e-02 7.006400000000000128e-02 7.506100000000000272e-02 9.363656127890684128e+09 3.553052265557408810e+09 6.951730433893101215e+08 6.939210089618116617e+08
6.007599999999999746e-02 7.006400000000000128e-02 8.005600000000000216e-02 9.285339484637582779e+09 3.474735622304305553e+09 6.962701572485477924e+08 6.955729743231955767e+08
6.007599999999999746e-02 7.506100000000000272e-02 7.506100000000000272e-02 9.277153415478708267e+09 3.466549553145416737e+09 9.363994510624543428e+08 9.361525565896168947e+08
6.007599999999999746e-02 7.506100000000000272e-02 8.005600000000000216e-02 9.181435509253065109e+09 3.370831646919792652e+09 6.871718726041811705e+08 6.862052204795639515e+08
6.007599999999999746e-02 8.005600000000000216e-02 8.005600000000000216e-02 9.078452912203147888e+09 3.267849049869866848e+09 8.565644572289537191e+08 8.566702029253984690e+08
6.506599999999999884e-02 6.506599999999999884e-02 6.506599999999999884e-02 9.584251965068067551e+09 3.773648102734796047e+09 1.772213714127814054e+09 1.771644379974220514e+09
6.506599999999999884e-02 6.506599999999999884e-02 7.006400000000000128e-02 9.502139123109828949e+09 3.691535260776546955e+09 1.090603272275560141e+09 1.089522734548641443e+09
6.506599999999999884e-02 6.506599999999999884e-02 7.506100000000000272e-02 9.367907500058084488e+09 3.557303637724804401e+09 9.892331827185709476e+08 9.884667725555000305e+08
6.506599999999999884e-02 6.506599999999999884e-02 8.005600000000000216e-02 9.278753477240043640e+09 3.468149614906753540e+09 9.457033439387487173e+08 9.447031775370717049e+08
6.506599999999999884e-02 7.006400000000000128e-02 7.006400000000000128e-02 9.366330184380521774e+09 3.555726322047223091e+09 1.038724525724637151e+09 1.038369238394084334e+09
6.506599999999999884e-02 7.006400000000000128e-02 7.506100000000000272e-02 9.274024652577173233e+09 3.463420790243886948e+09 7.250117826825996637e+08 7.239477794913835526e+08
6.506599999999999884e-02 7.006400000000000128e-02 8.005600000000000216e-02 9.207742548485080719e+09 3.397138686151810646e+09 6.497293717824189663e+08 6.484783996394830942e+08
6.506599999999999884e-02 7.506100000000000272e-02 7.506100000000000272e-02 9.171675799555276871e+09 3.361071937221993923e+09 8.978508742270730734e+08 8.977986267664411068e+08
6.506599999999999884e-02 7.506100000000000272e-02 8.005600000000000216e-02 9.091262182962020874e+09 3.280658320628730297e+09 6.490937471346448660e+08 6.485665664711899757e+08
6.506599999999999884e-02 8.005600000000000216e-02 8.005600000000000216e-02 8.941936002605110168e+09 3.131332140271817207e+09 8.382449121368921995e+08 8.374603809504097700e+08
7.006400000000000128e-02 7.006400000000000128e-02 7.006400000000000128e-02 9.270665669865613937e+09 3.460061807532326698e+09 1.594852783016923189e+09 1.594477468002360106e+09
7.006400000000000128e-02 7.006400000000000128e-02 7.506100000000000272e-02 9.162257041719837189e+09 3.351653179386567116e+09 9.296865267693806887e+08 9.296327378226637840e+08
7.006400000000000128e-02 7.006400000000000128e-02 8.005600000000000216e-02 9.076437531540246964e+09 3.265833669206954956e+09 8.818783461978207827e+08 8.811054638612943888e+08
7.006400000000000128e-02 7.506100000000000272e-02 7.506100000000000272e-02 9.059348452138734818e+09 3.248744589805448055e+09 9.000426448253917694e+08 9.007060766730566025e+08
7.006400000000000128e-02 7.506100000000000272e-02 8.005600000000000216e-02 8.967203705005254745e+09 3.156599842671977997e+09 6.362607035337870121e+08 6.354599375918506384e+08
7.006400000000000128e-02 8.005600000000000216e-02 8.005600000000000216e-02 8.880191040823320389e+09 3.069587178490035534e+09 8.390853249105050564e+08 8.388405948185772896e+08
7.506100000000000272e-02 7.506100000000000272e-02 7.506100000000000272e-02 8.904224776992362976e+09 3.093620914659079552e+09 1.417607838451431513e+09 1.417140088795973539e+09
7.506100000000000272e-02 7.506100000000000272e-02 8.005600000000000216e-02 8.881806295582962036e+09 3.071202433249669075e+09 8.153553064342606068e+08 8.142522990046170950e+08
7.506100000000000272e-02 8.005600000000000216e-02 8.005600000000000216e-02 8.772899474510202408e+09 2.962295612176913261e+09 8.481778194405877590e+08 8.474578581952533722e+08
8.005600000000000216e-02 8.005600000000000216e-02 8.005600000000000216e-02 8.652769813787891388e+09 2.842165951454598904e+09 1.278386536309580088e+09 1.278162393734050989e+09
