# Bispectrum monopole for SGC data
# Subtracted SN: kindep
# k1-eff  k2-eff  k3-eff  B0  B0-BSN  BSN  N_tr
5.785000000000000211e-03 5.785000000000000211e-03 5.785000000000000211e-03 5.126066463272911835e+10 4.547757967828098297e+10 5.783084954448138237e+09 1.279602000000000000e+06
5.785000000000000211e-03 5.785000000000000211e-03 1.042599999999999950e-02 -9.577318172035854340e+09 -1.536040312648399353e+10 5.783084954448138237e+09 1.649546000000000000e+06
5.785000000000000211e-03 5.785000000000000211e-03 1.528299999999999971e-02 1.443186382473815613e+11 1.385355532929334106e+11 5.783084954448138237e+09 1.346780000000000000e+05
5.785000000000000211e-03 1.042599999999999950e-02 1.042599999999999950e-02 1.484777602448467255e+10 9.064691070036533356e+09 5.783084954448138237e+09 5.389684000000000000e+06
5.785000000000000211e-03 1.042599999999999950e-02 1.528299999999999971e-02 5.903094592566541290e+10 5.324786097121727753e+10 5.783084954448138237e+09 4.780802000000000000e+06
5.785000000000000211e-03 1.042599999999999950e-02 2.021500000000000033e-02 5.201543106247804260e+10 4.623234610802990723e+10 5.783084954448138237e+09 3.502939999989999924e+05
5.785000000000000211e-03 1.528299999999999971e-02 1.528299999999999971e-02 3.829330580618492126e+10 3.251022085173678207e+10 5.783084954448138237e+09 1.178760399999899976e+07
5.785000000000000211e-03 1.528299999999999971e-02 2.021500000000000033e-02 4.444513557169579315e+10 3.866205061724765778e+10 5.783084954448138237e+09 9.423194000000000000e+06
5.785000000000000211e-03 1.528299999999999971e-02 2.516799999999999940e-02 7.455073407525163269e+10 6.876764912080349731e+10 5.783084954448138237e+09 5.930300000000000000e+05
5.785000000000000211e-03 2.021500000000000033e-02 2.021500000000000033e-02 3.207293855245776749e+10 2.628985359800962830e+10 5.783084954448138237e+09 2.139821200000000000e+07
5.785000000000000211e-03 2.021500000000000033e-02 2.516799999999999940e-02 2.921271953594499207e+10 2.342963458149685287e+10 5.783084954448138237e+09 1.566337400000100024e+07
5.785000000000000211e-03 2.021500000000000033e-02 3.012099999999999847e-02 2.791756177197143173e+10 2.213447681752329254e+10 5.783084954448138237e+09 9.902419999979999848e+05
5.785000000000000211e-03 2.516799999999999940e-02 2.516799999999999940e-02 1.689894983006073952e+10 1.111586487561260223e+10 5.783084954448138237e+09 3.279563200000400096e+07
5.785000000000000211e-03 2.516799999999999940e-02 3.012099999999999847e-02 5.152646498510556030e+10 4.574338003065742493e+10 5.783084954448138237e+09 2.335585400000000000e+07
5.785000000000000211e-03 2.516799999999999940e-02 3.511199999999999738e-02 6.749953562462163544e+10 6.171645067017350006e+10 5.783084954448138237e+09 1.409678000000000000e+06
5.785000000000000211e-03 3.012099999999999847e-02 3.012099999999999847e-02 4.551006588479046631e+10 3.972698093034233093e+10 5.783084954448138237e+09 4.740007600000599772e+07
5.785000000000000211e-03 3.012099999999999847e-02 3.511199999999999738e-02 3.177688934445233536e+10 2.599380439000419617e+10 5.783084954448138237e+09 3.275426599999700114e+07
5.785000000000000211e-03 3.012099999999999847e-02 4.010899999999999882e-02 3.834806403022658539e+10 3.256497907577844620e+10 5.783084954448138237e+09 1.831502000002000015e+06
5.785000000000000211e-03 3.511199999999999738e-02 3.511199999999999738e-02 3.119762772527013397e+10 2.541454277082199478e+10 5.783084954448138237e+09 6.563974000000400096e+07
5.785000000000000211e-03 3.511199999999999738e-02 4.010899999999999882e-02 3.274319772159855652e+10 2.696011276715041733e+10 5.783084954448138237e+09 4.371586599999699742e+07
5.785000000000000211e-03 3.511199999999999738e-02 4.509300000000000114e-02 5.020141838696121979e+10 4.441833343251308441e+10 5.783084954448138237e+09 2.501093999999000225e+06
5.785000000000000211e-03 4.010899999999999882e-02 4.010899999999999882e-02 3.461725503339972687e+10 2.883417007895158768e+10 5.783084954448138237e+09 8.465919600001899898e+07
5.785000000000000211e-03 4.010899999999999882e-02 4.509300000000000114e-02 2.784261558434284592e+10 2.205953062989470673e+10 5.783084954448138237e+09 5.607073000001499802e+07
5.785000000000000211e-03 4.010899999999999882e-02 5.008300000000000252e-02 2.076997450752275467e+10 1.498688955307461548e+10 5.783084954448138237e+09 3.159998000000000000e+06
5.785000000000000211e-03 4.509300000000000114e-02 4.509300000000000114e-02 3.307134946423708725e+10 2.728826450978894806e+10 5.783084954448138237e+09 1.071898840000009984e+08
5.785000000000000211e-03 4.509300000000000114e-02 5.008300000000000252e-02 2.165745510825924301e+10 1.587437015381110382e+10 5.783084954448138237e+09 7.008216200000500679e+07
5.785000000000000211e-03 4.509300000000000114e-02 5.508300000000000002e-02 2.925539958432280540e+09 -2.857544996015857697e+09 5.783084954448138237e+09 3.881462000002000015e+06
5.785000000000000211e-03 5.008300000000000252e-02 5.008300000000000252e-02 1.068370012866754913e+10 4.900615174219410896e+09 5.783084954448138237e+09 1.325610520000319928e+08
5.785000000000000211e-03 5.008300000000000252e-02 5.508300000000000002e-02 1.149593007546867943e+10 5.712845121020541191e+09 5.783084954448138237e+09 8.571592999999600649e+07
5.785000000000000211e-03 5.008300000000000252e-02 6.007599999999999746e-02 3.106261323841441345e+10 2.527952828396627426e+10 5.783084954448138237e+09 4.638565999998000450e+06
5.785000000000000211e-03 5.508300000000000002e-02 5.508300000000000002e-02 2.492113266595410919e+10 1.913804771150597000e+10 5.783084954448138237e+09 1.611090040000289977e+08
5.785000000000000211e-03 5.508300000000000002e-02 6.007599999999999746e-02 1.994589858238804626e+10 1.416281362793990707e+10 5.783084954448138237e+09 1.027770499999880046e+08
5.785000000000000211e-03 5.508300000000000002e-02 6.506599999999999884e-02 2.495053909716874695e+10 1.916745414272060776e+10 5.783084954448138237e+09 5.692910000010999851e+06
5.785000000000000211e-03 6.007599999999999746e-02 6.007599999999999746e-02 1.993735154284733963e+10 1.415426658839920044e+10 5.783084954448138237e+09 1.898497960000360012e+08
5.785000000000000211e-03 6.007599999999999746e-02 6.506599999999999884e-02 2.030121310543202209e+10 1.451812815098388290e+10 5.783084954448138237e+09 1.213451540000180006e+08
5.785000000000000211e-03 6.007599999999999746e-02 7.006400000000000128e-02 2.227336812478809738e+10 1.649028317033995819e+10 5.783084954448138237e+09 6.556813999986000359e+06
5.785000000000000211e-03 6.506599999999999884e-02 6.506599999999999884e-02 2.689832029174862289e+10 2.111523533730048370e+10 5.783084954448138237e+09 2.242032519999719858e+08
5.785000000000000211e-03 6.506599999999999884e-02 7.006400000000000128e-02 1.738327196673285294e+10 1.160018701228471375e+10 5.783084954448138237e+09 1.416945859999870062e+08
5.785000000000000211e-03 6.506599999999999884e-02 7.506100000000000272e-02 5.592044125631813049e+09 -1.910408288163251877e+08 5.783084954448138237e+09 7.610077999994999729e+06
5.785000000000000211e-03 7.006400000000000128e-02 7.006400000000000128e-02 2.530062276821234894e+10 1.951753781376420975e+10 5.783084954448138237e+09 2.599447000000450015e+08
5.785000000000000211e-03 7.006400000000000128e-02 7.506100000000000272e-02 2.291476822773020554e+10 1.713168327328206635e+10 5.783084954448138237e+09 1.634553139999789894e+08
5.785000000000000211e-03 7.006400000000000128e-02 8.005600000000000216e-02 3.437449259307324219e+10 2.859140763862510300e+10 5.783084954448138237e+09 8.763806000002000481e+06
5.785000000000000211e-03 7.506100000000000272e-02 7.506100000000000272e-02 2.202903081258046341e+10 1.624594585813232422e+10 5.783084954448138237e+09 2.980945719999359846e+08
5.785000000000000211e-03 7.506100000000000272e-02 8.005600000000000216e-02 2.254510150235053635e+10 1.676201654790239716e+10 5.783084954448138237e+09 1.867144939999899864e+08
5.785000000000000211e-03 8.005600000000000216e-02 8.005600000000000216e-02 2.043607807625516510e+10 1.465299312180702591e+10 5.783084954448138237e+09 3.387282400000290275e+08
1.042599999999999950e-02 1.042599999999999950e-02 1.042599999999999950e-02 -4.514122911866860962e+10 -5.092431407311674500e+10 5.783084954448138237e+09 1.130532000000300072e+07
1.042599999999999950e-02 1.042599999999999950e-02 1.528299999999999971e-02 -1.240094768490899658e+10 -1.818403263935713577e+10 5.783084954448138237e+09 1.645239800000200048e+07
1.042599999999999950e-02 1.042599999999999950e-02 2.021500000000000033e-02 2.817931531258849335e+10 2.239623035814035416e+10 5.783084954448138237e+09 1.248631400000000000e+07
1.042599999999999950e-02 1.042599999999999950e-02 2.516799999999999940e-02 -6.968347175487297058e+10 -7.546655670932110596e+10 5.783084954448138237e+09 7.910300000020000152e+05
1.042599999999999950e-02 1.528299999999999971e-02 1.528299999999999971e-02 2.533047224632928371e+09 -3.250037729815209866e+09 5.783084954448138237e+09 2.469779999999799952e+07
1.042599999999999950e-02 1.528299999999999971e-02 2.021500000000000033e-02 2.080776297680030060e+10 1.502467802235216141e+10 5.783084954448138237e+09 3.277016600000499934e+07
1.042599999999999950e-02 1.528299999999999971e-02 2.516799999999999940e-02 1.433173200393219948e+10 8.548647049484061241e+09 5.783084954448138237e+09 2.251835000000000000e+07
1.042599999999999950e-02 1.528299999999999971e-02 3.012099999999999847e-02 3.348578460525876617e+10 2.770269965081062698e+10 5.783084954448138237e+09 1.347097999998999992e+06
1.042599999999999950e-02 2.021500000000000033e-02 2.021500000000000033e-02 -5.002296663838272691e+08 -6.283314620831965446e+09 5.783084954448138237e+09 4.489382400000099838e+07
1.042599999999999950e-02 2.021500000000000033e-02 2.516799999999999940e-02 1.803904295375028610e+10 1.225595799930214691e+10 5.783084954448138237e+09 5.465194400000300258e+07
1.042599999999999950e-02 2.021500000000000033e-02 3.012099999999999847e-02 1.986129362138125229e+10 1.407820866693311310e+10 5.783084954448138237e+09 3.643163600000400096e+07
1.042599999999999950e-02 2.021500000000000033e-02 3.511199999999999738e-02 -2.202249598257938385e+10 -2.780558093702752304e+10 5.783084954448138237e+09 2.148769999997999985e+06
1.042599999999999950e-02 2.516799999999999940e-02 2.516799999999999940e-02 1.133464254358796692e+10 5.551557589139828682e+09 5.783084954448138237e+09 6.873991200001500547e+07
1.042599999999999950e-02 2.516799999999999940e-02 3.012099999999999847e-02 1.107684718855310440e+10 5.293762234104966164e+09 5.783084954448138237e+09 8.134810399998700619e+07
1.042599999999999950e-02 2.516799999999999940e-02 3.511199999999999738e-02 9.382528467100402832e+09 3.599443512652264595e+09 5.783084954448138237e+09 5.269741400000000000e+07
1.042599999999999950e-02 2.516799999999999940e-02 4.010899999999999882e-02 2.801043064246876907e+10 2.222734568802062988e+10 5.783084954448138237e+09 2.841949999995999970e+06
1.042599999999999950e-02 3.012099999999999847e-02 3.012099999999999847e-02 -3.539070033128657192e+07 -5.818475654779424667e+09 5.783084954448138237e+09 9.938469599997399747e+07
1.042599999999999950e-02 3.012099999999999847e-02 3.511199999999999738e-02 1.476379462308468246e+10 8.980709668636543274e+09 5.783084954448138237e+09 1.150380140000099987e+08
1.042599999999999950e-02 3.012099999999999847e-02 4.010899999999999882e-02 4.222982488718105793e+09 -1.560102465730032444e+09 5.783084954448138237e+09 7.117618600000999868e+07
1.042599999999999950e-02 3.012099999999999847e-02 4.509300000000000114e-02 -1.637412309027476692e+10 -2.215720804472290421e+10 5.783084954448138237e+09 3.775086000008999836e+06
1.042599999999999950e-02 3.511199999999999738e-02 3.511199999999999738e-02 1.419879730297976875e+10 8.415712348531630516e+09 5.783084954448138237e+09 1.377728640000010133e+08
1.042599999999999950e-02 3.511199999999999738e-02 4.010899999999999882e-02 1.266689992083077240e+10 6.883814966382634163e+09 5.783084954448138237e+09 1.537284059999629855e+08
1.042599999999999950e-02 3.511199999999999738e-02 4.509300000000000114e-02 9.042340590317905426e+09 3.259255635869767189e+09 5.783084954448138237e+09 9.451434600001099706e+07
1.042599999999999950e-02 3.511199999999999738e-02 5.008300000000000252e-02 -1.603871860871183634e+09 -7.386956815319321632e+09 5.783084954448138237e+09 5.075118000000000000e+06
1.042599999999999950e-02 4.010899999999999882e-02 4.010899999999999882e-02 1.507021791834209251e+10 9.287132963893955231e+09 5.783084954448138237e+09 1.775637599999969900e+08
1.042599999999999950e-02 4.010899999999999882e-02 4.509300000000000114e-02 1.220290342199891281e+10 6.419818467550774574e+09 5.783084954448138237e+09 1.964872619999719858e+08
1.042599999999999950e-02 4.010899999999999882e-02 5.008300000000000252e-02 7.252675369504546165e+09 1.469590415056407928e+09 5.783084954448138237e+09 1.196632419999880046e+08
1.042599999999999950e-02 4.010899999999999882e-02 5.508300000000000002e-02 1.306053490076546669e+09 -4.477031464371591568e+09 5.783084954448138237e+09 6.310070000005999580e+06
1.042599999999999950e-02 4.509300000000000114e-02 4.509300000000000114e-02 1.473511054199609184e+10 8.952025587547954559e+09 5.783084954448138237e+09 2.248380239999909997e+08
1.042599999999999950e-02 4.509300000000000114e-02 5.008300000000000252e-02 5.482961283827668190e+09 -3.001236706204700470e+08 5.783084954448138237e+09 2.458541900000370145e+08
1.042599999999999950e-02 4.509300000000000114e-02 5.508300000000000002e-02 7.402661454720631599e+09 1.619576500272493362e+09 5.783084954448138237e+09 1.479077540000399947e+08
1.042599999999999950e-02 4.509300000000000114e-02 6.007599999999999746e-02 2.031343243543685532e+10 1.453034748098871613e+10 5.783084954448138237e+09 7.588334000012000091e+06
1.042599999999999950e-02 5.008300000000000252e-02 5.008300000000000252e-02 8.659572750556507111e+09 2.876487796108368874e+09 5.783084954448138237e+09 2.780742720000690222e+08
1.042599999999999950e-02 5.008300000000000252e-02 5.508300000000000002e-02 5.727138562287412643e+09 -5.594639216072559357e+07 5.783084954448138237e+09 3.013655660000849962e+08
1.042599999999999950e-02 5.008300000000000252e-02 6.007599999999999746e-02 5.363786844131745338e+09 -4.192981103163928986e+08 5.783084954448138237e+09 1.784528900000019968e+08
1.042599999999999950e-02 5.008300000000000252e-02 6.506599999999999884e-02 5.046641779368782043e+09 -7.364431750793561935e+08 5.783084954448138237e+09 9.278845999978000298e+06
1.042599999999999950e-02 5.508300000000000002e-02 5.508300000000000002e-02 1.013292084812598228e+10 4.349835893677844048e+09 5.783084954448138237e+09 3.380288879999889731e+08
1.042599999999999950e-02 5.508300000000000002e-02 6.007599999999999746e-02 8.365699750999282837e+09 2.582614796551144600e+09 5.783084954448138237e+09 3.606885020000230074e+08
1.042599999999999950e-02 5.508300000000000002e-02 6.506599999999999884e-02 5.813126658436588287e+09 3.004170398845005035e+07 5.783084954448138237e+09 2.144686819999920130e+08
1.042599999999999950e-02 5.508300000000000002e-02 7.006400000000000128e-02 1.915342583846735477e+09 -3.867742370601402760e+09 5.783084954448138237e+09 1.109660600000200048e+07
1.042599999999999950e-02 6.007599999999999746e-02 6.007599999999999746e-02 1.189888730067377281e+10 6.115802346225634575e+09 5.783084954448138237e+09 3.981043200000079870e+08
1.042599999999999950e-02 6.007599999999999746e-02 6.506599999999999884e-02 1.022483330802354431e+10 4.441748353575406075e+09 5.783084954448138237e+09 4.255165580000399947e+08
1.042599999999999950e-02 6.007599999999999746e-02 7.006400000000000128e-02 7.045976993237197876e+09 1.262892038789059639e+09 5.783084954448138237e+09 2.503156579999459982e+08
1.042599999999999950e-02 6.007599999999999746e-02 7.506100000000000272e-02 4.966405869970525742e+09 -8.166790844776124954e+08 5.783084954448138237e+09 1.272087800001700036e+07
1.042599999999999950e-02 6.506599999999999884e-02 6.506599999999999884e-02 1.204457458626178932e+10 6.261489631813651085e+09 5.783084954448138237e+09 4.703006159998980165e+08
1.042599999999999950e-02 6.506599999999999884e-02 7.006400000000000128e-02 1.235491948930691338e+10 6.571834534858775139e+09 5.783084954448138237e+09 4.978679659999499917e+08
1.042599999999999950e-02 6.506599999999999884e-02 7.506100000000000272e-02 1.014212775234347343e+10 4.359042797895335197e+09 5.783084954448138237e+09 2.907908659999589920e+08
1.042599999999999950e-02 6.506599999999999884e-02 8.005600000000000216e-02 8.851197852273958206e+09 3.068112897825819969e+09 5.783084954448138237e+09 1.474940599997700006e+07
1.042599999999999950e-02 7.006400000000000128e-02 7.006400000000000128e-02 1.226290248626519775e+10 6.479817531817059517e+09 5.783084954448138237e+09 5.452898159999159575e+08
1.042599999999999950e-02 7.006400000000000128e-02 7.506100000000000272e-02 9.498423130205905914e+09 3.715338175757767677e+09 5.783084954448138237e+09 5.740888700001349449e+08
1.042599999999999950e-02 7.006400000000000128e-02 8.005600000000000216e-02 1.105716012576448631e+10 5.274075171316348076e+09 5.783084954448138237e+09 3.341643740001009703e+08
1.042599999999999950e-02 7.506100000000000272e-02 7.506100000000000272e-02 9.304861062906940460e+09 3.521776108458802223e+09 5.783084954448138237e+09 6.252538560001499653e+08
1.042599999999999950e-02 7.506100000000000272e-02 8.005600000000000216e-02 8.226204417904824257e+09 2.443119463456686020e+09 5.783084954448138237e+09 6.553614559998680353e+08
1.042599999999999950e-02 8.005600000000000216e-02 8.005600000000000216e-02 9.619636677661682129e+09 3.836551723213543892e+09 5.783084954448138237e+09 7.104286799999760389e+08
1.528299999999999971e-02 1.528299999999999971e-02 1.528299999999999971e-02 3.328099410040374374e+10 2.749790914595560455e+10 5.783084954448138237e+09 3.650474400000599772e+07
1.528299999999999971e-02 1.528299999999999971e-02 2.021500000000000033e-02 3.436834750104676819e+10 2.858526254659862900e+10 5.783084954448138237e+09 4.921547999999900162e+07
1.528299999999999971e-02 1.528299999999999971e-02 2.516799999999999940e-02 1.578687069041108704e+10 1.000378573596294785e+10 5.783084954448138237e+09 5.993166800000800192e+07
1.528299999999999971e-02 1.528299999999999971e-02 3.012099999999999847e-02 -2.802380224965190411e+09 -8.585465179413328171e+09 5.783084954448138237e+09 3.951971599999900162e+07
1.528299999999999971e-02 1.528299999999999971e-02 3.511199999999999738e-02 -1.758925488997800827e+10 -2.337233984442614746e+10 5.783084954448138237e+09 2.191346000002000015e+06
1.528299999999999971e-02 2.021500000000000033e-02 2.021500000000000033e-02 6.817283947618802071e+09 1.034198993170663834e+09 5.783084954448138237e+09 6.636412800001800060e+07
1.528299999999999971e-02 2.021500000000000033e-02 2.516799999999999940e-02 1.158904087184988213e+10 5.805955917401743889e+09 5.783084954448138237e+09 8.211019200001500547e+07
1.528299999999999971e-02 2.021500000000000033e-02 3.012099999999999847e-02 1.564888617544753647e+10 9.865801220999397278e+09 5.783084954448138237e+09 9.710009599999499321e+07
1.528299999999999971e-02 2.021500000000000033e-02 3.511199999999999738e-02 9.949289025981544495e+09 4.166204071533406258e+09 5.783084954448138237e+09 6.201486799998299778e+07
1.528299999999999971e-02 2.021500000000000033e-02 4.010899999999999882e-02 -8.810206791778012514e+08 -6.664105633625939369e+09 5.783084954448138237e+09 3.250322000000999775e+06
1.528299999999999971e-02 2.516799999999999940e-02 2.516799999999999940e-02 1.975207827857178879e+10 1.396899332412364960e+10 5.783084954448138237e+09 1.016094239999990016e+08
1.528299999999999971e-02 2.516799999999999940e-02 3.012099999999999847e-02 2.371860391388973236e+10 1.793551895944159317e+10 5.783084954448138237e+09 1.221732959999990016e+08
1.528299999999999971e-02 2.516799999999999940e-02 3.511199999999999738e-02 1.501188607028661346e+10 9.228801115838474274e+09 5.783084954448138237e+09 1.413952400000419915e+08
1.528299999999999971e-02 2.516799999999999940e-02 4.010899999999999882e-02 1.632567660262101746e+10 1.054259164817287827e+10 5.783084954448138237e+09 8.638875399999800324e+07
1.528299999999999971e-02 2.516799999999999940e-02 4.509300000000000114e-02 1.272786311209922409e+10 6.944778157651085854e+09 5.783084954448138237e+09 4.391501999986999668e+06
1.528299999999999971e-02 3.012099999999999847e-02 3.012099999999999847e-02 1.400867625854275513e+10 8.225591304094616890e+09 5.783084954448138237e+09 1.469049360000140071e+08
1.528299999999999971e-02 3.012099999999999847e-02 3.511199999999999738e-02 1.602601704073583984e+10 1.024293208628770065e+10 5.783084954448138237e+09 1.729629360000190139e+08
1.528299999999999971e-02 3.012099999999999847e-02 4.010899999999999882e-02 1.790455594475795364e+10 1.212147099030981445e+10 5.783084954448138237e+09 1.928800619999760091e+08
1.528299999999999971e-02 3.012099999999999847e-02 4.509300000000000114e-02 1.544138225042373276e+10 9.658297295975593567e+09 5.783084954448138237e+09 1.160629380000140071e+08
1.528299999999999971e-02 3.012099999999999847e-02 5.008300000000000252e-02 1.857373990875983810e+10 1.279065495431169891e+10 5.783084954448138237e+09 5.740901999982000329e+06
1.528299999999999971e-02 3.511199999999999738e-02 3.511199999999999738e-02 2.183101786106391525e+10 1.604793290661577606e+10 5.783084954448138237e+09 2.036419679999980032e+08
1.528299999999999971e-02 3.511199999999999738e-02 4.010899999999999882e-02 1.669318233888252831e+10 1.091009738443439102e+10 5.783084954448138237e+09 2.311889519999369979e+08
1.528299999999999971e-02 3.511199999999999738e-02 4.509300000000000114e-02 1.154789015431260872e+10 5.764805199864470482e+09 5.783084954448138237e+09 2.555053260000320077e+08
1.528299999999999971e-02 3.511199999999999738e-02 5.008300000000000252e-02 1.398906530643754005e+10 8.205980351989401817e+09 5.783084954448138237e+09 1.521428579999859929e+08
1.528299999999999971e-02 3.511199999999999738e-02 5.508300000000000002e-02 2.316442716381690979e+10 1.738134220936877060e+10 5.783084954448138237e+09 7.594853999989000149e+06
1.528299999999999971e-02 4.010899999999999882e-02 4.010899999999999882e-02 1.482501343899294662e+10 9.041928484544807434e+09 5.783084954448138237e+09 2.624566079999580085e+08
1.528299999999999971e-02 4.010899999999999882e-02 4.509300000000000114e-02 1.545414120203497314e+10 9.671056247586833954e+09 5.783084954448138237e+09 2.953254960000399947e+08
1.528299999999999971e-02 4.010899999999999882e-02 5.008300000000000252e-02 1.327469269896278381e+10 7.491607744514645576e+09 5.783084954448138237e+09 3.227294340000090003e+08
1.528299999999999971e-02 4.010899999999999882e-02 5.508300000000000002e-02 9.834883490867984772e+09 4.051798536419846535e+09 5.783084954448138237e+09 1.904902180000190139e+08
1.528299999999999971e-02 4.010899999999999882e-02 6.007599999999999746e-02 6.445417660424783707e+09 6.623327059766454697e+08 5.783084954448138237e+09 9.242317999955000356e+06
1.528299999999999971e-02 4.509300000000000114e-02 4.509300000000000114e-02 1.722405909489934540e+10 1.144097414045120621e+10 5.783084954448138237e+09 3.323377920001159906e+08
1.528299999999999971e-02 4.509300000000000114e-02 5.008300000000000252e-02 1.615384773571192932e+10 1.037076278126379013e+10 5.783084954448138237e+09 3.695832480000330210e+08
1.528299999999999971e-02 4.509300000000000114e-02 5.508300000000000002e-02 7.918921269884843826e+09 2.135836315436705589e+09 5.783084954448138237e+09 4.002431899999849796e+08
1.528299999999999971e-02 4.509300000000000114e-02 6.007599999999999746e-02 7.520077091263067245e+09 1.736992136814929008e+09 5.783084954448138237e+09 2.322562819999789894e+08
1.528299999999999971e-02 4.509300000000000114e-02 6.506599999999999884e-02 1.585427413346682358e+10 1.007118917901868439e+10 5.783084954448138237e+09 1.137706999998500012e+07
1.528299999999999971e-02 5.008300000000000252e-02 5.008300000000000252e-02 1.279900692576797676e+10 7.015921971319838524e+09 5.783084954448138237e+09 4.110085680000429749e+08
1.528299999999999971e-02 5.008300000000000252e-02 5.508300000000000002e-02 1.268213420062461281e+10 6.899049246176474571e+09 5.783084954448138237e+09 4.531668719999819994e+08
1.528299999999999971e-02 5.008300000000000252e-02 6.007599999999999746e-02 1.401336534961445427e+10 8.230280395166316032e+09 5.783084954448138237e+09 4.831185740000280142e+08
1.528299999999999971e-02 5.008300000000000252e-02 6.506599999999999884e-02 1.172189901279490662e+10 5.938814058346768379e+09 5.783084954448138237e+09 2.808727580000290275e+08
1.528299999999999971e-02 5.008300000000000252e-02 7.006400000000000128e-02 7.615897037692957878e+09 1.832812083244819641e+09 5.783084954448138237e+09 1.354962199999600090e+07
1.528299999999999971e-02 5.508300000000000002e-02 5.508300000000000002e-02 1.132196614254718971e+10 5.538881188099051476e+09 5.783084954448138237e+09 4.996275359999330044e+08
1.528299999999999971e-02 5.508300000000000002e-02 6.007599999999999746e-02 1.207893297869878387e+10 6.295848024250645638e+09 5.783084954448138237e+09 5.422152000000729561e+08
1.528299999999999971e-02 5.508300000000000002e-02 6.506599999999999884e-02 1.222914209629647064e+10 6.446057141848332405e+09 5.783084954448138237e+09 5.789899339999610186e+08
1.528299999999999971e-02 5.508300000000000002e-02 7.006400000000000128e-02 1.184846899388138580e+10 6.065384039433247566e+09 5.783084954448138237e+09 3.336982100000000000e+08
1.528299999999999971e-02 5.508300000000000002e-02 7.506100000000000272e-02 1.807703409959728622e+10 1.229394914514914703e+10 5.783084954448138237e+09 1.613463799996400066e+07
1.528299999999999971e-02 6.007599999999999746e-02 6.007599999999999746e-02 1.027795090927119827e+10 4.494865954823060036e+09 5.783084954448138237e+09 5.884314720000410080e+08
1.528299999999999971e-02 6.007599999999999746e-02 6.506599999999999884e-02 1.211378845361453629e+10 6.330703499166398048e+09 5.783084954448138237e+09 6.395741760001449585e+08
1.528299999999999971e-02 6.007599999999999746e-02 7.006400000000000128e-02 1.167869939288266945e+10 5.895614438434531212e+09 5.783084954448138237e+09 6.766406299998970032e+08
1.528299999999999971e-02 6.007599999999999746e-02 7.506100000000000272e-02 1.512201097799742317e+10 9.338926023549285889e+09 5.783084954448138237e+09 3.874786819999790192e+08
1.528299999999999971e-02 6.007599999999999746e-02 8.005600000000000216e-02 9.553242912840730667e+09 3.770157958392592430e+09 5.783084954448138237e+09 1.846112599999300018e+07
1.528299999999999971e-02 6.506599999999999884e-02 6.506599999999999884e-02 1.062077285636423492e+10 4.837687901916096687e+09 5.783084954448138237e+09 6.951559439998660088e+08
1.528299999999999971e-02 6.506599999999999884e-02 7.006400000000000128e-02 1.095700949334615898e+10 5.173924538898020744e+09 5.783084954448138237e+09 7.485306000001039505e+08
1.528299999999999971e-02 6.506599999999999884e-02 7.506100000000000272e-02 1.360653816477861595e+10 7.823453210330477715e+09 5.783084954448138237e+09 7.873360579999539852e+08
1.528299999999999971e-02 6.506599999999999884e-02 8.005600000000000216e-02 1.253530151236770439e+10 6.752216557919566154e+09 5.783084954448138237e+09 4.484174300001000166e+08
1.528299999999999971e-02 7.006400000000000128e-02 7.006400000000000128e-02 1.226806379691165161e+10 6.484978842463513374e+09 5.783084954448138237e+09 8.059962720001720190e+08
1.528299999999999971e-02 7.006400000000000128e-02 7.506100000000000272e-02 1.215360784842914009e+10 6.370522893981001854e+09 5.783084954448138237e+09 8.630767439999560118e+08
1.528299999999999971e-02 7.006400000000000128e-02 8.005600000000000216e-02 1.004071515496565819e+10 4.257630200517519951e+09 5.783084954448138237e+09 9.037948160000009537e+08
1.528299999999999971e-02 7.506100000000000272e-02 7.506100000000000272e-02 8.549552373548706055e+09 2.766467419100567818e+09 5.783084954448138237e+09 9.242074559999109507e+08
1.528299999999999971e-02 7.506100000000000272e-02 8.005600000000000216e-02 1.096130357422768593e+10 5.178218619779547691e+09 5.783084954448138237e+09 9.851419200000649691e+08
1.528299999999999971e-02 8.005600000000000216e-02 8.005600000000000216e-02 5.935355913400671959e+09 1.522709589525337219e+08 5.783084954448138237e+09 1.050097031999827027e+09
2.021500000000000033e-02 2.021500000000000033e-02 2.021500000000000033e-02 1.826596607538828659e+10 1.248288112094014740e+10 5.783084954448138237e+09 8.946816000000000000e+07
2.021500000000000033e-02 2.021500000000000033e-02 2.516799999999999940e-02 9.547302543103509903e+09 3.764217588655371666e+09 5.783084954448138237e+09 1.107157680000199974e+08
2.021500000000000033e-02 2.021500000000000033e-02 3.012099999999999847e-02 1.227626832070885849e+10 6.493183366260720253e+09 5.783084954448138237e+09 1.331205599999980032e+08
2.021500000000000033e-02 2.021500000000000033e-02 3.511199999999999738e-02 2.198253093743311310e+10 1.619944598298497391e+10 5.783084954448138237e+09 1.539036559999980032e+08
2.021500000000000033e-02 2.021500000000000033e-02 4.010899999999999882e-02 1.757471441946660233e+10 1.179162946501846313e+10 5.783084954448138237e+09 9.373658800000099838e+07
2.021500000000000033e-02 2.021500000000000033e-02 4.509300000000000114e-02 -1.531694733636669636e+09 -7.314779688084808350e+09 5.783084954448138237e+09 4.930194000002999790e+06
2.021500000000000033e-02 2.516799999999999940e-02 2.516799999999999940e-02 1.595289850033159065e+10 1.016981354588345337e+10 5.783084954448138237e+09 1.369943040000079870e+08
2.021500000000000033e-02 2.516799999999999940e-02 3.012099999999999847e-02 1.315358097528776360e+10 7.370496020839625359e+09 5.783084954448138237e+09 1.647264959999980032e+08
2.021500000000000033e-02 2.516799999999999940e-02 3.511199999999999738e-02 1.683010551995113373e+10 1.104702056550299454e+10 5.783084954448138237e+09 1.939434479999780059e+08
2.021500000000000033e-02 2.516799999999999940e-02 4.010899999999999882e-02 1.785437342549731445e+10 1.207128847104917526e+10 5.783084954448138237e+09 2.161966560000070035e+08
2.021500000000000033e-02 2.516799999999999940e-02 4.509300000000000114e-02 9.406476176976696014e+09 3.623391222528557777e+09 5.783084954448138237e+09 1.299086219999810010e+08
2.021500000000000033e-02 2.516799999999999940e-02 5.008300000000000252e-02 4.580772476766689301e+09 -1.202312477681448936e+09 5.783084954448138237e+09 6.560309999987999909e+06
2.021500000000000033e-02 3.012099999999999847e-02 3.012099999999999847e-02 2.258148935667139435e+10 1.679840440222325516e+10 5.783084954448138237e+09 1.980705839999909997e+08
2.021500000000000033e-02 3.012099999999999847e-02 3.511199999999999738e-02 2.107861057943040085e+10 1.529552562498226166e+10 5.783084954448138237e+09 2.332023120000489950e+08
2.021500000000000033e-02 3.012099999999999847e-02 4.010899999999999882e-02 1.398714716630463791e+10 8.204062211856499672e+09 5.783084954448138237e+09 2.647410480001190007e+08
2.021500000000000033e-02 3.012099999999999847e-02 4.509300000000000114e-02 1.652929658942766571e+10 1.074621163497952652e+10 5.783084954448138237e+09 2.923412700000669956e+08
2.021500000000000033e-02 3.012099999999999847e-02 5.008300000000000252e-02 1.458885295305098915e+10 8.805767998602851868e+09 5.783084954448138237e+09 1.722659939999589920e+08
2.021500000000000033e-02 3.012099999999999847e-02 5.508300000000000002e-02 1.132749805429363060e+10 5.544413099845492363e+09 5.783084954448138237e+09 8.433221999981999397e+06
2.021500000000000033e-02 3.511199999999999738e-02 3.511199999999999738e-02 1.350303686796878433e+10 7.719951913520646095e+09 5.783084954448138237e+09 2.745634320000060201e+08
2.021500000000000033e-02 3.511199999999999738e-02 4.010899999999999882e-02 1.579763838124119949e+10 1.001455342679306030e+10 5.783084954448138237e+09 3.117131280000659823e+08
2.021500000000000033e-02 3.511199999999999738e-02 4.509300000000000114e-02 1.618163435259155273e+10 1.039854939814341354e+10 5.783084954448138237e+09 3.507453120000879765e+08
2.021500000000000033e-02 3.511199999999999738e-02 5.008300000000000252e-02 1.600965732711217880e+10 1.022657237266403961e+10 5.783084954448138237e+09 3.826776060000590086e+08
2.021500000000000033e-02 3.511199999999999738e-02 5.508300000000000002e-02 1.728673584476352692e+10 1.150365089031538773e+10 5.783084954448138237e+09 2.233216259999980032e+08
2.021500000000000033e-02 3.511199999999999738e-02 6.007599999999999746e-02 3.120729530520463943e+10 2.542421035075650024e+10 5.783084954448138237e+09 1.092523800002500042e+07
2.021500000000000033e-02 4.010899999999999882e-02 4.010899999999999882e-02 1.613674777196162415e+10 1.035366281751348495e+10 5.783084954448138237e+09 3.538537920000420213e+08
2.021500000000000033e-02 4.010899999999999882e-02 4.509300000000000114e-02 1.221706373710581207e+10 6.433978782657673836e+09 5.783084954448138237e+09 3.981920880000169873e+08
2.021500000000000033e-02 4.010899999999999882e-02 5.008300000000000252e-02 1.414300577405467606e+10 8.359920819606537819e+09 5.783084954448138237e+09 4.428294239999759793e+08
2.021500000000000033e-02 4.010899999999999882e-02 5.508300000000000002e-02 1.072074737899176216e+10 4.937662424543623924e+09 5.783084954448138237e+09 4.790925659999970198e+08
2.021500000000000033e-02 4.010899999999999882e-02 6.007599999999999746e-02 1.200104240216984749e+10 6.217957447721709251e+09 5.783084954448138237e+09 2.758248340000050068e+08
2.021500000000000033e-02 4.010899999999999882e-02 6.506599999999999884e-02 1.491152123613043404e+10 9.128436281682296753e+09 5.783084954448138237e+09 1.360998199998500012e+07
2.021500000000000033e-02 4.509300000000000114e-02 4.509300000000000114e-02 1.171004725545543480e+10 5.926962301007296562e+09 5.783084954448138237e+09 4.480681440000000000e+08
2.021500000000000033e-02 4.509300000000000114e-02 5.008300000000000252e-02 1.443061447679301834e+10 8.647529522344879150e+09 5.783084954448138237e+09 4.983078239999690056e+08
2.021500000000000033e-02 4.509300000000000114e-02 5.508300000000000002e-02 1.079164593710294914e+10 5.008560982654810905e+09 5.783084954448138237e+09 5.494044720000139475e+08
2.021500000000000033e-02 4.509300000000000114e-02 6.007599999999999746e-02 1.185513712398984718e+10 6.072052169541708946e+09 5.783084954448138237e+09 5.850916700000220537e+08
2.021500000000000033e-02 4.509300000000000114e-02 6.506599999999999884e-02 1.132712377601553154e+10 5.544038821567393303e+09 5.783084954448138237e+09 3.371007379999949932e+08
2.021500000000000033e-02 4.509300000000000114e-02 7.006400000000000128e-02 1.735093663248612404e+09 -4.047991291199525833e+09 5.783084954448138237e+09 1.631845399999500066e+07
2.021500000000000033e-02 5.008300000000000252e-02 5.008300000000000252e-02 1.215095564402591896e+10 6.367870689577780724e+09 5.783084954448138237e+09 5.541567599999339581e+08
2.021500000000000033e-02 5.008300000000000252e-02 5.508300000000000002e-02 1.223019656898939133e+10 6.447111614541253090e+09 5.783084954448138237e+09 6.109911839999109507e+08
2.021500000000000033e-02 5.008300000000000252e-02 6.007599999999999746e-02 1.182906201933542252e+10 6.045977064887284279e+09 5.783084954448138237e+09 6.630636480000690222e+08
2.021500000000000033e-02 5.008300000000000252e-02 6.506599999999999884e-02 1.160691407432228088e+10 5.823829119874142647e+09 5.783084954448138237e+09 7.071646940002189875e+08
2.021500000000000033e-02 5.008300000000000252e-02 7.006400000000000128e-02 1.163222585473658180e+10 5.849140900288443565e+09 5.783084954448138237e+09 4.029516260000230074e+08
2.021500000000000033e-02 5.008300000000000252e-02 7.506100000000000272e-02 1.808220260556527710e+10 1.229911765111713791e+10 5.783084954448138237e+09 1.934550199997900054e+07
2.021500000000000033e-02 5.508300000000000002e-02 5.508300000000000002e-02 1.014008391028315544e+10 4.356998955835017204e+09 5.783084954448138237e+09 6.736387920001929998e+08
2.021500000000000033e-02 5.508300000000000002e-02 6.007599999999999746e-02 9.492360471466798782e+09 3.709275517018660545e+09 5.783084954448138237e+09 7.310712480000580549e+08
2.021500000000000033e-02 5.508300000000000002e-02 6.506599999999999884e-02 1.111457220971063995e+10 5.331487255262501717e+09 5.783084954448138237e+09 7.945935840000230074e+08
2.021500000000000033e-02 5.508300000000000002e-02 7.006400000000000128e-02 1.178944597643854332e+10 6.006361021990405083e+09 5.783084954448138237e+09 8.395462700001369715e+08
2.021500000000000033e-02 5.508300000000000002e-02 7.506100000000000272e-02 1.696027757250826263e+10 1.117719261806012344e+10 5.783084954448138237e+09 4.763120420000270009e+08
2.021500000000000033e-02 5.508300000000000002e-02 8.005600000000000216e-02 2.349567269468570328e+10 1.771258774023756409e+10 5.783084954448138237e+09 2.300859800000400096e+07
2.021500000000000033e-02 6.007599999999999746e-02 6.007599999999999746e-02 1.338107457812668610e+10 7.597989623678547859e+09 5.783084954448138237e+09 7.933597200000360012e+08
2.021500000000000033e-02 6.007599999999999746e-02 6.506599999999999884e-02 1.114651291226441383e+10 5.363427957816275597e+09 5.783084954448138237e+09 8.623308959999079704e+08
2.021500000000000033e-02 6.007599999999999746e-02 7.006400000000000128e-02 9.952515685627962112e+09 4.169430731179823875e+09 5.783084954448138237e+09 9.285132959998530149e+08
2.021500000000000033e-02 6.007599999999999746e-02 7.506100000000000272e-02 1.242386471166696739e+10 6.640779757218829155e+09 5.783084954448138237e+09 9.757995500000900030e+08
2.021500000000000033e-02 6.007599999999999746e-02 8.005600000000000216e-02 9.847835325827905655e+09 4.064750371379767418e+09 5.783084954448138237e+09 5.509767499999070168e+08
2.021500000000000033e-02 6.506599999999999884e-02 6.506599999999999884e-02 1.238585171665149307e+10 6.602766762203354836e+09 5.783084954448138237e+09 9.372738720001130104e+08
2.021500000000000033e-02 6.506599999999999884e-02 7.006400000000000128e-02 1.235889750089729309e+10 6.575812546449154854e+09 5.783084954448138237e+09 1.009230047999750018e+09
2.021500000000000033e-02 6.506599999999999884e-02 7.506100000000000272e-02 1.440051494984254456e+10 8.617429995394405365e+09 5.783084954448138237e+09 1.080707735999989033e+09
2.021500000000000033e-02 6.506599999999999884e-02 8.005600000000000216e-02 1.158673180689913559e+10 5.803646852450997353e+09 5.783084954448138237e+09 1.130297672000221968e+09
2.021500000000000033e-02 7.006400000000000128e-02 7.006400000000000128e-02 1.357567986581649590e+10 7.792594911368357658e+09 5.783084954448138237e+09 1.086708311999789000e+09
2.021500000000000033e-02 7.006400000000000128e-02 7.506100000000000272e-02 1.308093518565695572e+10 7.297850231208817482e+09 5.783084954448138237e+09 1.163661311999969006e+09
2.021500000000000033e-02 7.006400000000000128e-02 8.005600000000000216e-02 1.273551914932569504e+10 6.952434194877556801e+09 5.783084954448138237e+09 1.240408559999593019e+09
2.021500000000000033e-02 7.506100000000000272e-02 7.506100000000000272e-02 1.258729620406365585e+10 6.804211249615517616e+09 5.783084954448138237e+09 1.246108271999783039e+09
2.021500000000000033e-02 7.506100000000000272e-02 8.005600000000000216e-02 1.095430683774037933e+10 5.171221883292241096e+09 5.783084954448138237e+09 1.328231088000202894e+09
2.021500000000000033e-02 8.005600000000000216e-02 8.005600000000000216e-02 7.934301724927280426e+09 2.151216770479142189e+09 5.783084954448138237e+09 1.415842176000122070e+09
2.516799999999999940e-02 2.516799999999999940e-02 2.516799999999999940e-02 2.056084319769337463e+10 1.477775824324523544e+10 5.783084954448138237e+09 1.695238080000000000e+08
2.516799999999999940e-02 2.516799999999999940e-02 3.012099999999999847e-02 1.744305709147710800e+10 1.165997213702896881e+10 5.783084954448138237e+09 2.038281120000079870e+08
2.516799999999999940e-02 2.516799999999999940e-02 3.511199999999999738e-02 2.511908897473968887e+10 1.933600402029154968e+10 5.783084954448138237e+09 2.399891999999749959e+08
2.516799999999999940e-02 2.516799999999999940e-02 4.010899999999999882e-02 2.586447243435666656e+10 2.008138747990852737e+10 5.783084954448138237e+09 2.724500159999330044e+08
2.516799999999999940e-02 2.516799999999999940e-02 4.509300000000000114e-02 2.146938128964899063e+10 1.568629633520085144e+10 5.783084954448138237e+09 3.010523040000110269e+08
2.516799999999999940e-02 2.516799999999999940e-02 5.008300000000000252e-02 1.908434958058154297e+10 1.330126462613340378e+10 5.783084954448138237e+09 1.776935159999850094e+08
2.516799999999999940e-02 2.516799999999999940e-02 5.508300000000000002e-02 1.650578683907431030e+10 1.072270188462617111e+10 5.783084954448138237e+09 8.578944000001000240e+06
2.516799999999999940e-02 3.012099999999999847e-02 3.012099999999999847e-02 1.754775553165855026e+10 1.176467057721041107e+10 5.783084954448138237e+09 2.450879039999679923e+08
2.516799999999999940e-02 3.012099999999999847e-02 3.511199999999999738e-02 1.778314809117356110e+10 1.200006313672542191e+10 5.783084954448138237e+09 2.885686799999780059e+08
2.516799999999999940e-02 3.012099999999999847e-02 4.010899999999999882e-02 1.025326524646775627e+10 4.470180292019618034e+09 5.783084954448138237e+09 3.275862720000169873e+08
2.516799999999999940e-02 3.012099999999999847e-02 4.509300000000000114e-02 1.554602574661333466e+10 9.762940792165195465e+09 5.783084954448138237e+09 3.686329920000590086e+08
2.516799999999999940e-02 3.012099999999999847e-02 5.008300000000000252e-02 1.505455361073824120e+10 9.271468656290103912e+09 5.783084954448138237e+09 4.022826779999539852e+08
2.516799999999999940e-02 3.012099999999999847e-02 5.508300000000000002e-02 1.094548646136992836e+10 5.162401506921790123e+09 5.783084954448138237e+09 2.329873499999920130e+08
2.516799999999999940e-02 3.012099999999999847e-02 6.007599999999999746e-02 5.223265813129153252e+09 -5.598191413189849854e+08 5.783084954448138237e+09 1.079580000000200048e+07
2.516799999999999940e-02 3.511199999999999738e-02 3.511199999999999738e-02 1.806757256097039795e+10 1.228448760652225876e+10 5.783084954448138237e+09 3.397486799999539852e+08
2.516799999999999940e-02 3.511199999999999738e-02 4.010899999999999882e-02 1.709050917585450554e+10 1.130742422140636826e+10 5.783084954448138237e+09 3.856995120000799894e+08
2.516799999999999940e-02 3.511199999999999738e-02 4.509300000000000114e-02 1.363461046677007866e+10 7.851525512321940422e+09 5.783084954448138237e+09 4.340179200001130104e+08
2.516799999999999940e-02 3.511199999999999738e-02 5.008300000000000252e-02 1.542177699356266975e+10 9.638692039114532471e+09 5.783084954448138237e+09 4.826822879999790192e+08
2.516799999999999940e-02 3.511199999999999738e-02 5.508300000000000002e-02 9.890485144220726013e+09 4.107400189772587776e+09 5.783084954448138237e+09 5.219289660000039935e+08
2.516799999999999940e-02 3.511199999999999738e-02 6.007599999999999746e-02 1.131635706811496925e+10 5.533272113666831017e+09 5.783084954448138237e+09 2.979672779999679923e+08
2.516799999999999940e-02 3.511199999999999738e-02 6.506599999999999884e-02 1.473560081064489555e+10 8.952515856196758270e+09 5.783084954448138237e+09 1.431710399995899945e+07
2.516799999999999940e-02 4.010899999999999882e-02 4.010899999999999882e-02 1.568830660487415123e+10 9.905221650426013947e+09 5.783084954448138237e+09 4.378649520002620220e+08
2.516799999999999940e-02 4.010899999999999882e-02 4.509300000000000114e-02 1.446915796610671616e+10 8.686073011658576965e+09 5.783084954448138237e+09 4.927325039999409914e+08
2.516799999999999940e-02 4.010899999999999882e-02 5.008300000000000252e-02 1.223150643038791275e+10 6.448421475939774513e+09 5.783084954448138237e+09 5.479370640001749992e+08
2.516799999999999940e-02 4.010899999999999882e-02 5.508300000000000002e-02 1.292390253773425293e+10 7.140817583286114693e+09 5.783084954448138237e+09 6.041496239999940395e+08
2.516799999999999940e-02 4.010899999999999882e-02 6.007599999999999746e-02 1.167595869421585083e+10 5.892873739767712593e+09 5.783084954448138237e+09 6.434728379999870062e+08
2.516799999999999940e-02 4.010899999999999882e-02 6.506599999999999884e-02 9.024000119813421249e+09 3.240915165365283012e+09 5.783084954448138237e+09 3.689244580000079870e+08
2.516799999999999940e-02 4.010899999999999882e-02 7.006400000000000128e-02 4.659704985772541046e+09 -1.123379968675597191e+09 5.783084954448138237e+09 1.737514399994900078e+07
2.516799999999999940e-02 4.509300000000000114e-02 4.509300000000000114e-02 1.067640673626534462e+10 4.893321781817206383e+09 5.783084954448138237e+09 5.544293280001289845e+08
2.516799999999999940e-02 4.509300000000000114e-02 5.008300000000000252e-02 1.434750716261004639e+10 8.564422208161908150e+09 5.783084954448138237e+09 6.166013040001599789e+08
2.516799999999999940e-02 4.509300000000000114e-02 5.508300000000000002e-02 1.043057597217951202e+10 4.647491017731373787e+09 5.783084954448138237e+09 6.798238559999699593e+08
2.516799999999999940e-02 4.509300000000000114e-02 6.007599999999999746e-02 1.286077928750837517e+10 7.077694333060236931e+09 5.783084954448138237e+09 7.377752159999769926e+08
2.516799999999999940e-02 4.509300000000000114e-02 6.506599999999999884e-02 1.283742440544129753e+10 7.054339450993159294e+09 5.783084954448138237e+09 7.868679259998999834e+08
2.516799999999999940e-02 4.509300000000000114e-02 7.006400000000000128e-02 1.073695240008629608e+10 4.953867445638157845e+09 5.783084954448138237e+09 4.456395020000939965e+08
2.516799999999999940e-02 4.509300000000000114e-02 7.506100000000000272e-02 1.601828812707605743e+10 1.023520317262791824e+10 5.783084954448138237e+09 2.073204799997700006e+07
2.516799999999999940e-02 5.008300000000000252e-02 5.008300000000000252e-02 1.133633869612337685e+10 5.553253741675238609e+09 5.783084954448138237e+09 6.857203439999660254e+08
2.516799999999999940e-02 5.008300000000000252e-02 5.508300000000000002e-02 1.203431175072142410e+10 6.251226796273285866e+09 5.783084954448138237e+09 7.560467040000209808e+08
2.516799999999999940e-02 5.008300000000000252e-02 6.007599999999999746e-02 1.236602410257508659e+10 6.582939148126948357e+09 5.783084954448138237e+09 8.204621999999279976e+08
2.516799999999999940e-02 5.008300000000000252e-02 6.506599999999999884e-02 1.024830328630534554e+10 4.465218331857207298e+09 5.783084954448138237e+09 8.917828799999209642e+08
2.516799999999999940e-02 5.008300000000000252e-02 7.006400000000000128e-02 1.224422336147418785e+10 6.461138407026049614e+09 5.783084954448138237e+09 9.421116380002559423e+08
2.516799999999999940e-02 5.008300000000000252e-02 7.506100000000000272e-02 1.308352668016279030e+10 7.300441725714652061e+09 5.783084954448138237e+09 5.299911859999009967e+08
2.516799999999999940e-02 5.008300000000000252e-02 8.005600000000000216e-02 1.372996922873859978e+10 7.946884274290461540e+09 5.783084954448138237e+09 2.454814399998499826e+07
2.516799999999999940e-02 5.508300000000000002e-02 5.508300000000000002e-02 1.227105338410057259e+10 6.487968429652434349e+09 5.783084954448138237e+09 8.335695120001519918e+08
2.516799999999999940e-02 5.508300000000000002e-02 6.007599999999999746e-02 1.422853522398949623e+10 8.445450269541357994e+09 5.783084954448138237e+09 9.046168319997630119e+08
2.516799999999999940e-02 5.508300000000000002e-02 6.506599999999999884e-02 1.217134826277812767e+10 6.388263308329989433e+09 5.783084954448138237e+09 9.832352160004739761e+08
2.516799999999999940e-02 5.508300000000000002e-02 7.006400000000000128e-02 1.129832844223347664e+10 5.515243487785338402e+09 5.783084954448138237e+09 1.058707920000007987e+09
2.516799999999999940e-02 5.508300000000000002e-02 7.506100000000000272e-02 1.307077367565354347e+10 7.287688721205405235e+09 5.783084954448138237e+09 1.112360438000166893e+09
2.516799999999999940e-02 5.508300000000000002e-02 8.005600000000000216e-02 1.351228040117980385e+10 7.729195446731665611e+09 5.783084954448138237e+09 6.241294159999090433e+08
2.516799999999999940e-02 6.007599999999999746e-02 6.007599999999999746e-02 1.279881920549208641e+10 7.015734251043948174e+09 5.783084954448138237e+09 9.817122000003590584e+08
2.516799999999999940e-02 6.007599999999999746e-02 6.506599999999999884e-02 1.220625294088003159e+10 6.423167986431893349e+09 5.783084954448138237e+09 1.067034288000008941e+09
2.516799999999999940e-02 6.007599999999999746e-02 7.006400000000000128e-02 1.054425856151819038e+10 4.761173607070052147e+09 5.783084954448138237e+09 1.148965080000135899e+09
2.516799999999999940e-02 6.007599999999999746e-02 7.506100000000000272e-02 1.073383938706545830e+10 4.950754432617320061e+09 5.783084954448138237e+09 1.230313775999922037e+09
2.516799999999999940e-02 6.007599999999999746e-02 8.005600000000000216e-02 1.143055009561325645e+10 5.647465141165118217e+09 5.783084954448138237e+09 1.287057631999783993e+09
2.516799999999999940e-02 6.506599999999999884e-02 6.506599999999999884e-02 1.200322414576645470e+10 6.220139191318316460e+09 5.783084954448138237e+09 1.159783176000173092e+09
2.516799999999999940e-02 6.506599999999999884e-02 7.006400000000000128e-02 1.046967718796171570e+10 4.686592233513577461e+09 5.783084954448138237e+09 1.248805824000147104e+09
2.516799999999999940e-02 6.506599999999999884e-02 7.506100000000000272e-02 1.202375030921363831e+10 6.240665354765500069e+09 5.783084954448138237e+09 1.337268648000113010e+09
2.516799999999999940e-02 6.506599999999999884e-02 8.005600000000000216e-02 1.100017941932210922e+10 5.217094464873970985e+09 5.783084954448138237e+09 1.425443568000150919e+09
2.516799999999999940e-02 7.006400000000000128e-02 7.006400000000000128e-02 8.258299326576185226e+09 2.475214372128046989e+09 5.783084954448138237e+09 1.344699287999989033e+09
2.516799999999999940e-02 7.006400000000000128e-02 7.506100000000000272e-02 1.091026577725009727e+10 5.127180822801959038e+09 5.783084954448138237e+09 1.439922792000097036e+09
2.516799999999999940e-02 7.006400000000000128e-02 8.005600000000000216e-02 1.171287621056695557e+10 5.929791256118817329e+09 5.783084954448138237e+09 1.534855920000111103e+09
2.516799999999999940e-02 7.506100000000000272e-02 7.506100000000000272e-02 1.075367949736957932e+10 4.970594542921441078e+09 5.783084954448138237e+09 1.541890536000085115e+09
2.516799999999999940e-02 7.506100000000000272e-02 8.005600000000000216e-02 9.877954168932144165e+09 4.094869214484005928e+09 5.783084954448138237e+09 1.643585520000130892e+09
2.516799999999999940e-02 8.005600000000000216e-02 8.005600000000000216e-02 1.075118063554350662e+10 4.968095681095368385e+09 5.783084954448138237e+09 1.751929224000683069e+09
3.012099999999999847e-02 3.012099999999999847e-02 3.012099999999999847e-02 5.878376781040787697e+09 9.529182659264945984e+07 5.783084954448138237e+09 2.947090799999880195e+08
3.012099999999999847e-02 3.012099999999999847e-02 3.511199999999999738e-02 1.199477205997206688e+10 6.211687105523928642e+09 5.783084954448138237e+09 3.469631280000029802e+08
3.012099999999999847e-02 3.012099999999999847e-02 4.010899999999999882e-02 1.121194486254521370e+10 5.428859908097075462e+09 5.783084954448138237e+09 3.939070079999210238e+08
3.012099999999999847e-02 3.012099999999999847e-02 4.509300000000000114e-02 8.186613499115290642e+09 2.403528544667152405e+09 5.783084954448138237e+09 4.432378320000730157e+08
3.012099999999999847e-02 3.012099999999999847e-02 5.008300000000000252e-02 1.408342766390797424e+10 8.300342709459836006e+09 5.783084954448138237e+09 4.929300239999930263e+08
3.012099999999999847e-02 3.012099999999999847e-02 5.508300000000000002e-02 1.925626646811790466e+10 1.347318151366976547e+10 5.783084954448138237e+09 5.327770500000280142e+08
3.012099999999999847e-02 3.012099999999999847e-02 6.007599999999999746e-02 1.773138889118601227e+10 1.194830393673787308e+10 5.783084954448138237e+09 3.013463399999690056e+08
3.012099999999999847e-02 3.012099999999999847e-02 6.506599999999999884e-02 1.288973405463515663e+10 7.106649100187018394e+09 5.783084954448138237e+09 1.390759200003200024e+07
3.012099999999999847e-02 3.511199999999999738e-02 3.511199999999999738e-02 1.148698955447577667e+10 5.703904600027638435e+09 5.783084954448138237e+09 4.085229359999790192e+08
3.012099999999999847e-02 3.511199999999999738e-02 4.010899999999999882e-02 1.276675232655353165e+10 6.983667372105393410e+09 5.783084954448138237e+09 4.637756159999309778e+08
3.012099999999999847e-02 3.511199999999999738e-02 4.509300000000000114e-02 1.215787636381124115e+10 6.374791409363102913e+09 5.783084954448138237e+09 5.218759920000020266e+08
3.012099999999999847e-02 3.511199999999999738e-02 5.008300000000000252e-02 1.099733421950938225e+10 5.214249265061244011e+09 5.783084954448138237e+09 5.803648559999179840e+08
3.012099999999999847e-02 3.511199999999999738e-02 5.508300000000000002e-02 9.803950976252929688e+09 4.020866021804791451e+09 5.783084954448138237e+09 6.398871600000300407e+08
3.012099999999999847e-02 3.511199999999999738e-02 6.007599999999999746e-02 1.266429536292034340e+10 6.881210408472205162e+09 5.783084954448138237e+09 6.806838659998669624e+08
3.012099999999999847e-02 3.511199999999999738e-02 6.506599999999999884e-02 1.096981205342710304e+10 5.186727098978964806e+09 5.783084954448138237e+09 3.863572919998919964e+08
3.012099999999999847e-02 3.511199999999999738e-02 7.006400000000000128e-02 -3.299309929908678532e+08 -6.113015947439005852e+09 5.783084954448138237e+09 1.796800800004199892e+07
3.012099999999999847e-02 4.010899999999999882e-02 4.010899999999999882e-02 1.495620508318100357e+10 9.173120128732864380e+09 5.783084954448138237e+09 5.265013679999579787e+08
3.012099999999999847e-02 4.010899999999999882e-02 4.509300000000000114e-02 1.093117045744990158e+10 5.148085503001763344e+09 5.783084954448138237e+09 5.924430239997940063e+08
3.012099999999999847e-02 4.010899999999999882e-02 5.008300000000000252e-02 1.102814513493062782e+10 5.245060180482489586e+09 5.783084954448138237e+09 6.588814559999489784e+08
3.012099999999999847e-02 4.010899999999999882e-02 5.508300000000000002e-02 9.697656128011642456e+09 3.914571173563504219e+09 5.783084954448138237e+09 7.264283279998790026e+08
3.012099999999999847e-02 4.010899999999999882e-02 6.007599999999999746e-02 1.494614689273542976e+10 9.163061938287292480e+09 5.783084954448138237e+09 7.883479919999910593e+08
3.012099999999999847e-02 4.010899999999999882e-02 6.506599999999999884e-02 1.143768011724281311e+10 5.654595162794674873e+09 5.783084954448138237e+09 8.402859780000089407e+08
3.012099999999999847e-02 4.010899999999999882e-02 7.006400000000000128e-02 1.210770220884683037e+10 6.324617254398692131e+09 5.783084954448138237e+09 4.727896600000659823e+08
3.012099999999999847e-02 4.010899999999999882e-02 7.506100000000000272e-02 -1.725606085752347946e+09 -7.508691040200486183e+09 5.783084954448138237e+09 2.170352000002500042e+07
3.012099999999999847e-02 4.509300000000000114e-02 4.509300000000000114e-02 1.257006887847694397e+10 6.786983924028805733e+09 5.783084954448138237e+09 6.666847920000250340e+08
3.012099999999999847e-02 4.509300000000000114e-02 5.008300000000000252e-02 1.180098345594604874e+10 6.017898501497910500e+09 5.783084954448138237e+09 7.413978719999680519e+08
3.012099999999999847e-02 4.509300000000000114e-02 5.508300000000000002e-02 1.125565022381369019e+10 5.472565269365551949e+09 5.783084954448138237e+09 8.174420880000120401e+08
3.012099999999999847e-02 4.509300000000000114e-02 6.007599999999999746e-02 1.239569814731752586e+10 6.612613192869387627e+09 5.783084954448138237e+09 8.870994479999669790e+08
3.012099999999999847e-02 4.509300000000000114e-02 6.506599999999999884e-02 1.195861967568073463e+10 6.175534721232596397e+09 5.783084954448138237e+09 9.642037920000790358e+08
3.012099999999999847e-02 4.509300000000000114e-02 7.006400000000000128e-02 1.130567582679865456e+10 5.522590872350516319e+09 5.783084954448138237e+09 1.017901970000023007e+09
3.012099999999999847e-02 4.509300000000000114e-02 7.506100000000000272e-02 1.148454727758950043e+10 5.701462323141362190e+09 5.783084954448138237e+09 5.682018439999099970e+08
3.012099999999999847e-02 4.509300000000000114e-02 8.005600000000000216e-02 1.750819046679997635e+10 1.172510551235183716e+10 5.783084954448138237e+09 2.586548000010100007e+07
3.012099999999999847e-02 5.008300000000000252e-02 5.008300000000000252e-02 1.371534737504746246e+10 7.932262420599324226e+09 5.783084954448138237e+09 8.245122719999300241e+08
3.012099999999999847e-02 5.008300000000000252e-02 5.508300000000000002e-02 1.221403927658405876e+10 6.430954322135920525e+09 5.783084954448138237e+09 9.090640799998250008e+08
3.012099999999999847e-02 5.008300000000000252e-02 6.007599999999999746e-02 1.443795389127012634e+10 8.654868936821987152e+09 5.783084954448138237e+09 9.865635840003989935e+08
3.012099999999999847e-02 5.008300000000000252e-02 6.506599999999999884e-02 1.450101781292918587e+10 8.717932858481048584e+09 5.783084954448138237e+09 1.072297224000110984e+09
3.012099999999999847e-02 5.008300000000000252e-02 7.006400000000000128e-02 1.095985248394793129e+10 5.176767529499793053e+09 5.783084954448138237e+09 1.154612039999792099e+09
3.012099999999999847e-02 5.008300000000000252e-02 7.506100000000000272e-02 1.119485070707277489e+10 5.411765752624636650e+09 5.783084954448138237e+09 1.212059281999834061e+09
3.012099999999999847e-02 5.008300000000000252e-02 8.005600000000000216e-02 1.099144028312063789e+10 5.208355328672499657e+09 5.783084954448138237e+09 6.731823980001889467e+08
3.012099999999999847e-02 5.508300000000000002e-02 5.508300000000000002e-02 1.170898694588579941e+10 5.925901991437661171e+09 5.783084954448138237e+09 1.002290543999941945e+09
3.012099999999999847e-02 5.508300000000000002e-02 6.007599999999999746e-02 1.261376060760571671e+10 6.830675653157578468e+09 5.783084954448138237e+09 1.087711895999567986e+09
3.012099999999999847e-02 5.508300000000000002e-02 6.506599999999999884e-02 1.373826481082425308e+10 7.955179856376114845e+09 5.783084954448138237e+09 1.182255095999840975e+09
3.012099999999999847e-02 5.508300000000000002e-02 7.006400000000000128e-02 1.223529984277872086e+10 6.452214888330582619e+09 5.783084954448138237e+09 1.273025496000252962e+09
3.012099999999999847e-02 5.508300000000000002e-02 7.506100000000000272e-02 1.330359166060474396e+10 7.520506706156605721e+09 5.783084954448138237e+09 1.363173287999840975e+09
3.012099999999999847e-02 5.508300000000000002e-02 8.005600000000000216e-02 1.278841673682084465e+10 7.005331782372706413e+09 5.783084954448138237e+09 1.424671357999644995e+09
3.012099999999999847e-02 6.007599999999999746e-02 6.007599999999999746e-02 1.111998296973270988e+10 5.336898015284571648e+09 5.783084954448138237e+09 1.180426583999636889e+09
3.012099999999999847e-02 6.007599999999999746e-02 6.506599999999999884e-02 1.088185045554418564e+10 5.098765501096047401e+09 5.783084954448138237e+09 1.283029439999939919e+09
3.012099999999999847e-02 6.007599999999999746e-02 7.006400000000000128e-02 1.117838537788125801e+10 5.395300423433119774e+09 5.783084954448138237e+09 1.381512095999505043e+09
3.012099999999999847e-02 6.007599999999999746e-02 7.506100000000000272e-02 1.148976306243521881e+10 5.706678107987080574e+09 5.783084954448138237e+09 1.479365256000217915e+09
3.012099999999999847e-02 6.007599999999999746e-02 8.005600000000000216e-02 1.253529948314787483e+10 6.752214528699736595e+09 5.783084954448138237e+09 1.576906631999913931e+09
3.012099999999999847e-02 6.506599999999999884e-02 6.506599999999999884e-02 9.718933716377380371e+09 3.935848761929242134e+09 5.783084954448138237e+09 1.394526263999820948e+09
3.012099999999999847e-02 6.506599999999999884e-02 7.006400000000000128e-02 1.034150921197376251e+10 4.558424257525624275e+09 5.783084954448138237e+09 1.501601351999922991e+09
3.012099999999999847e-02 6.506599999999999884e-02 7.506100000000000272e-02 1.105196108791933441e+10 5.268876133471196175e+09 5.783084954448138237e+09 1.607935992000066042e+09
3.012099999999999847e-02 6.506599999999999884e-02 8.005600000000000216e-02 1.072006882319644737e+10 4.936983868748309135e+09 5.783084954448138237e+09 1.713952104000595093e+09
3.012099999999999847e-02 7.006400000000000128e-02 7.006400000000000128e-02 1.119047480064242363e+10 5.407389846194285393e+09 5.783084954448138237e+09 1.616850455999978065e+09
3.012099999999999847e-02 7.006400000000000128e-02 7.506100000000000272e-02 1.030722128595008278e+10 4.524136331501944542e+09 5.783084954448138237e+09 1.731383519999686956e+09
3.012099999999999847e-02 7.006400000000000128e-02 8.005600000000000216e-02 1.068695743514101028e+10 4.903872480692872047e+09 5.783084954448138237e+09 1.845559128000013113e+09
3.012099999999999847e-02 7.506100000000000272e-02 7.506100000000000272e-02 1.049084913340919304e+10 4.707764178961054802e+09 5.783084954448138237e+09 1.854020567999960899e+09
3.012099999999999847e-02 7.506100000000000272e-02 8.005600000000000216e-02 1.022286310532522392e+10 4.439778150877085686e+09 5.783084954448138237e+09 1.976242224000430107e+09
3.012099999999999847e-02 8.005600000000000216e-02 8.005600000000000216e-02 1.098397664649410248e+10 5.200891692045964241e+09 5.783084954448138237e+09 2.106581423999783039e+09
3.511199999999999738e-02 3.511199999999999738e-02 3.511199999999999738e-02 1.157938861588243484e+10 5.796303661434296608e+09 5.783084954448138237e+09 4.809980639999409914e+08
3.511199999999999738e-02 3.511199999999999738e-02 4.010899999999999882e-02 1.217548072384529305e+10 6.392395769397154808e+09 5.783084954448138237e+09 5.460310080000790358e+08
3.511199999999999738e-02 3.511199999999999738e-02 4.509300000000000114e-02 1.146828338638324547e+10 5.685198431935107231e+09 5.783084954448138237e+09 6.144387119998910427e+08
3.511199999999999738e-02 3.511199999999999738e-02 5.008300000000000252e-02 1.061192365182941246e+10 4.828838697381274223e+09 5.783084954448138237e+09 6.833183999999610186e+08
3.511199999999999738e-02 3.511199999999999738e-02 5.508300000000000002e-02 1.327863708222430611e+10 7.495552127776167870e+09 5.783084954448138237e+09 7.533994080000419617e+08
3.511199999999999738e-02 3.511199999999999738e-02 6.007599999999999746e-02 1.109147677984950638e+10 5.308391825401368141e+09 5.783084954448138237e+09 8.176031999999350309e+08
3.511199999999999738e-02 3.511199999999999738e-02 6.506599999999999884e-02 1.197754051228467941e+10 6.194455557836541176e+09 5.783084954448138237e+09 8.708081460000170469e+08
3.511199999999999738e-02 3.511199999999999738e-02 7.006400000000000128e-02 1.450002260611449242e+10 8.716937651666355133e+09 5.783084954448138237e+09 4.895532840002179742e+08
3.511199999999999738e-02 3.511199999999999738e-02 7.506100000000000272e-02 4.506612085783334732e+09 -1.276472868664803505e+09 5.783084954448138237e+09 2.310775199999099970e+07
3.511199999999999738e-02 4.010899999999999882e-02 4.010899999999999882e-02 1.412945788910064888e+10 8.346372934652510643e+09 5.783084954448138237e+09 6.198752399999829531e+08
3.511199999999999738e-02 4.010899999999999882e-02 4.509300000000000114e-02 1.418433944998886299e+10 8.401254495540724754e+09 5.783084954448138237e+09 6.975613679999380112e+08
3.511199999999999738e-02 4.010899999999999882e-02 5.008300000000000252e-02 1.282771654822713852e+10 7.044631593779000282e+09 5.783084954448138237e+09 7.757357519997450113e+08
3.511199999999999738e-02 4.010899999999999882e-02 5.508300000000000002e-02 1.396384086303962898e+10 8.180755908591490746e+09 5.783084954448138237e+09 8.552986559998300076e+08
3.511199999999999738e-02 4.010899999999999882e-02 6.007599999999999746e-02 1.286521591043094254e+10 7.082130955982804298e+09 5.783084954448138237e+09 9.281873519998409748e+08
3.511199999999999738e-02 4.010899999999999882e-02 6.506599999999999884e-02 1.091336474470710182e+10 5.130279790258963585e+09 5.783084954448138237e+09 1.008854448000193000e+09
3.511199999999999738e-02 4.010899999999999882e-02 7.006400000000000128e-02 9.118845137974990845e+09 3.335760183526852608e+09 5.783084954448138237e+09 1.064904858000458002e+09
3.511199999999999738e-02 4.010899999999999882e-02 7.506100000000000272e-02 7.845654985585469246e+09 2.062570031137331009e+09 5.783084954448138237e+09 5.960382759998739958e+08
3.511199999999999738e-02 4.010899999999999882e-02 8.005600000000000216e-02 6.098663165717670441e+09 3.155782112695322037e+08 5.783084954448138237e+09 2.787835999990700185e+07
3.511199999999999738e-02 4.509300000000000114e-02 4.509300000000000114e-02 1.204852575441597939e+10 6.265440799967841148e+09 5.783084954448138237e+09 7.849133759998879433e+08
3.511199999999999738e-02 4.509300000000000114e-02 5.008300000000000252e-02 1.434037345284457207e+10 8.557288498396433830e+09 5.783084954448138237e+09 8.729166959997789860e+08
3.511199999999999738e-02 4.509300000000000114e-02 5.508300000000000002e-02 1.277333333631428909e+10 6.990248381866150856e+09 5.783084954448138237e+09 9.624263280002139807e+08
3.511199999999999738e-02 4.509300000000000114e-02 6.007599999999999746e-02 1.140575878935978508e+10 5.622673834911646843e+09 5.783084954448138237e+09 1.044466176000094056e+09
3.511199999999999738e-02 4.509300000000000114e-02 6.506599999999999884e-02 1.074791856626110458e+10 4.964833611812966347e+09 5.783084954448138237e+09 1.135242624000075102e+09
3.511199999999999738e-02 4.509300000000000114e-02 7.006400000000000128e-02 1.338438334721015930e+10 7.601298392762021065e+09 5.783084954448138237e+09 1.222403735999954939e+09
3.511199999999999738e-02 4.509300000000000114e-02 7.506100000000000272e-02 1.203887040574772453e+10 6.255785451299586296e+09 5.783084954448138237e+09 1.282935098000253916e+09
3.511199999999999738e-02 4.509300000000000114e-02 8.005600000000000216e-02 1.252848705662055969e+10 6.745402102172421455e+09 5.783084954448138237e+09 7.136387420000959635e+08
3.511199999999999738e-02 5.008300000000000252e-02 5.008300000000000252e-02 1.088599680201815033e+10 5.102911847570012093e+09 5.783084954448138237e+09 9.707815919998799562e+08
3.511199999999999738e-02 5.008300000000000252e-02 5.508300000000000002e-02 1.165815262855308342e+10 5.875067674104945183e+09 5.783084954448138237e+09 1.070323583999833941e+09
3.511199999999999738e-02 5.008300000000000252e-02 6.007599999999999746e-02 1.031079812503731537e+10 4.527713170589177132e+09 5.783084954448138237e+09 1.161540576000207901e+09
3.511199999999999738e-02 5.008300000000000252e-02 6.506599999999999884e-02 1.174534434375262833e+10 5.962259389304490089e+09 5.783084954448138237e+09 1.262499048000092030e+09
3.511199999999999738e-02 5.008300000000000252e-02 7.006400000000000128e-02 1.076817760799721718e+10 4.985092653549078941e+09 5.783084954448138237e+09 1.359419495999816895e+09
3.511199999999999738e-02 5.008300000000000252e-02 7.506100000000000272e-02 1.148475921987319946e+10 5.701674265425061226e+09 5.783084954448138237e+09 1.455715295999771118e+09
3.511199999999999738e-02 5.008300000000000252e-02 8.005600000000000216e-02 1.198949694669596291e+10 6.206411992247824669e+09 5.783084954448138237e+09 1.520794262000191927e+09
3.511199999999999738e-02 5.508300000000000002e-02 5.508300000000000002e-02 1.048798256738522720e+10 4.704897612937088966e+09 5.783084954448138237e+09 1.180087896000222921e+09
3.511199999999999738e-02 5.508300000000000002e-02 6.007599999999999746e-02 1.209219283363616371e+10 6.309107879188025475e+09 5.783084954448138237e+09 1.280657591999604940e+09
3.511199999999999738e-02 5.508300000000000002e-02 6.506599999999999884e-02 9.729599171824411392e+09 3.946514217376273155e+09 5.783084954448138237e+09 1.391970767999846935e+09
3.511199999999999738e-02 5.508300000000000002e-02 7.006400000000000128e-02 1.150937803594879913e+10 5.726293081500660896e+09 5.783084954448138237e+09 1.498833287999986887e+09
3.511199999999999738e-02 5.508300000000000002e-02 7.506100000000000272e-02 1.052030347136800575e+10 4.737218516919867516e+09 5.783084954448138237e+09 1.604989223999564886e+09
3.511199999999999738e-02 5.508300000000000002e-02 8.005600000000000216e-02 1.272663291021845627e+10 6.943547955770318031e+09 5.783084954448138237e+09 1.710787608000283003e+09
3.511199999999999738e-02 6.007599999999999746e-02 6.007599999999999746e-02 1.419011087500764465e+10 8.407025920559506416e+09 5.783084954448138237e+09 1.389817176000174999e+09
3.511199999999999738e-02 6.007599999999999746e-02 6.506599999999999884e-02 1.130060873603148460e+10 5.517523781583346367e+09 5.783084954448138237e+09 1.510603320000408888e+09
3.511199999999999738e-02 6.007599999999999746e-02 7.006400000000000128e-02 1.071068695945361137e+10 4.927602005005473137e+09 5.783084954448138237e+09 1.626589103999927998e+09
3.511199999999999738e-02 6.007599999999999746e-02 7.506100000000000272e-02 1.043898175761312675e+10 4.655896803164988518e+09 5.783084954448138237e+09 1.741771920000066996e+09
3.511199999999999738e-02 6.007599999999999746e-02 8.005600000000000216e-02 1.173516845863647842e+10 5.952083504188340187e+09 5.783084954448138237e+09 1.856631503999974966e+09
3.511199999999999738e-02 6.506599999999999884e-02 6.506599999999999884e-02 1.258272721324658394e+10 6.799642258798445702e+09 5.783084954448138237e+09 1.641907752000044107e+09
3.511199999999999738e-02 6.506599999999999884e-02 7.006400000000000128e-02 1.182356156841752434e+10 6.040476613969386101e+09 5.783084954448138237e+09 1.767936551999764919e+09
3.511199999999999738e-02 6.506599999999999884e-02 7.506100000000000272e-02 1.040308273867374039e+10 4.619997784225602150e+09 5.783084954448138237e+09 1.893170904000262976e+09
3.511199999999999738e-02 6.506599999999999884e-02 8.005600000000000216e-02 1.032241361937696648e+10 4.539328664928828239e+09 5.783084954448138237e+09 2.018002152000442028e+09
3.511199999999999738e-02 7.006400000000000128e-02 7.006400000000000128e-02 1.222613722463824272e+10 6.443052270190104485e+09 5.783084954448138237e+09 1.903671407999524117e+09
3.511199999999999738e-02 7.006400000000000128e-02 7.506100000000000272e-02 1.102737225355282784e+10 5.244287299104689598e+09 5.783084954448138237e+09 2.038497695999475956e+09
3.511199999999999738e-02 7.006400000000000128e-02 8.005600000000000216e-02 1.052595924058994484e+10 4.742874286141806602e+09 5.783084954448138237e+09 2.172919752000479221e+09
3.511199999999999738e-02 7.506100000000000272e-02 7.506100000000000272e-02 1.284602946131313515e+10 7.062944506864996910e+09 5.783084954448138237e+09 2.182853424000125885e+09
3.511199999999999738e-02 7.506100000000000272e-02 8.005600000000000216e-02 1.054522891188798714e+10 4.762143957439848900e+09 5.783084954448138237e+09 2.326808711999476910e+09
3.511199999999999738e-02 8.005600000000000216e-02 8.005600000000000216e-02 9.062187759568761826e+09 3.279102805120623589e+09 5.783084954448138237e+09 2.480234544000798225e+09
4.010899999999999882e-02 4.010899999999999882e-02 4.010899999999999882e-02 1.345141976303055382e+10 7.668334808582415581e+09 5.783084954448138237e+09 7.037536799999090433e+08
4.010899999999999882e-02 4.010899999999999882e-02 4.509300000000000114e-02 1.461390898666280937e+10 8.830824032214672089e+09 5.783084954448138237e+09 7.918711920000779629e+08
4.010899999999999882e-02 4.010899999999999882e-02 5.008300000000000252e-02 1.203498327044987488e+10 6.251898316001736641e+09 5.783084954448138237e+09 8.806674239999200106e+08
4.010899999999999882e-02 4.010899999999999882e-02 5.508300000000000002e-02 1.271105310524740219e+10 6.927968150799263954e+09 5.783084954448138237e+09 9.709639439999599457e+08
4.010899999999999882e-02 4.010899999999999882e-02 6.007599999999999746e-02 1.151173311020215034e+10 5.728648155754012108e+09 5.783084954448138237e+09 1.053715031999914050e+09
4.010899999999999882e-02 4.010899999999999882e-02 6.506599999999999884e-02 1.339651986852030373e+10 7.613434914072165489e+09 5.783084954448138237e+09 1.145308991999968052e+09
4.010899999999999882e-02 4.010899999999999882e-02 7.006400000000000128e-02 1.009710261926350784e+10 4.314017664815369606e+09 5.783084954448138237e+09 1.233229943999800920e+09
4.010899999999999882e-02 4.010899999999999882e-02 7.506100000000000272e-02 1.278414277640662384e+10 7.001057821958485603e+09 5.783084954448138237e+09 1.295165502000149965e+09
4.010899999999999882e-02 4.010899999999999882e-02 8.005600000000000216e-02 1.378204957966794014e+10 7.998964625219801903e+09 5.783084954448138237e+09 7.229445260000369549e+08
4.010899999999999882e-02 4.509300000000000114e-02 4.509300000000000114e-02 1.132204719708660507e+10 5.538962242638466835e+09 5.783084954448138237e+09 8.910929279999810457e+08
4.010899999999999882e-02 4.509300000000000114e-02 5.008300000000000252e-02 1.341539120871785927e+10 7.632306254269721031e+09 5.783084954448138237e+09 9.909806880000000000e+08
4.010899999999999882e-02 4.509300000000000114e-02 5.508300000000000002e-02 1.322136576171286964e+10 7.438280807264731407e+09 5.783084954448138237e+09 1.092598055999803066e+09
4.010899999999999882e-02 4.509300000000000114e-02 6.007599999999999746e-02 1.179820901537107849e+10 6.015124060922940254e+09 5.783084954448138237e+09 1.185725447999821901e+09
4.010899999999999882e-02 4.509300000000000114e-02 6.506599999999999884e-02 1.280058321726873016e+10 7.017498262820591927e+09 5.783084954448138237e+09 1.288787880000207901e+09
4.010899999999999882e-02 4.509300000000000114e-02 7.006400000000000128e-02 1.181373106060881424e+10 6.030646106160676003e+09 5.783084954448138237e+09 1.387714271999805927e+09
4.010899999999999882e-02 4.509300000000000114e-02 7.506100000000000272e-02 9.768605129630840302e+09 3.985520175182702065e+09 5.783084954448138237e+09 1.486016615999804974e+09
4.010899999999999882e-02 4.509300000000000114e-02 8.005600000000000216e-02 1.032489606086095619e+10 4.541811106412817955e+09 5.783084954448138237e+09 1.553319301999833107e+09
4.010899999999999882e-02 5.008300000000000252e-02 5.008300000000000252e-02 9.075456371870317459e+09 3.292371417422179222e+09 5.783084954448138237e+09 1.102054607999923944e+09
4.010899999999999882e-02 5.008300000000000252e-02 5.508300000000000002e-02 1.039916414806302261e+10 4.616079193614884377e+09 5.783084954448138237e+09 1.215082127999757051e+09
4.010899999999999882e-02 5.008300000000000252e-02 6.007599999999999746e-02 9.504589476775581360e+09 3.721504522327443123e+09 5.783084954448138237e+09 1.318655256000094891e+09
4.010899999999999882e-02 5.008300000000000252e-02 6.506599999999999884e-02 1.303459911531752396e+10 7.251514160869385719e+09 5.783084954448138237e+09 1.433254296000278950e+09
4.010899999999999882e-02 5.008300000000000252e-02 7.006400000000000128e-02 1.154368151836250305e+10 5.760596563914364815e+09 5.783084954448138237e+09 1.543296480000036955e+09
4.010899999999999882e-02 5.008300000000000252e-02 7.506100000000000272e-02 9.325030693197828293e+09 3.541945738749690056e+09 5.783084954448138237e+09 1.652574336000521898e+09
4.010899999999999882e-02 5.008300000000000252e-02 8.005600000000000216e-02 1.087073777813294601e+10 5.087652823684807777e+09 5.783084954448138237e+09 1.761552984000108004e+09
4.010899999999999882e-02 5.508300000000000002e-02 5.508300000000000002e-02 9.058104420751977921e+09 3.275019466303839684e+09 5.783084954448138237e+09 1.339683167999993086e+09
4.010899999999999882e-02 5.508300000000000002e-02 6.007599999999999746e-02 1.085448005132421112e+10 5.071395096876072884e+09 5.783084954448138237e+09 1.453871712000089884e+09
4.010899999999999882e-02 5.508300000000000002e-02 6.506599999999999884e-02 1.036749393934319115e+10 4.584408984895052910e+09 5.783084954448138237e+09 1.580236535999690056e+09
4.010899999999999882e-02 5.508300000000000002e-02 7.006400000000000128e-02 9.843443860056818008e+09 4.060358905608679771e+09 5.783084954448138237e+09 1.701546384000812054e+09
4.010899999999999882e-02 5.508300000000000002e-02 7.506100000000000272e-02 9.890099561460067749e+09 4.107014607011929512e+09 5.783084954448138237e+09 1.822047911999840975e+09
4.010899999999999882e-02 5.508300000000000002e-02 8.005600000000000216e-02 1.135307362079657745e+10 5.569988666348439217e+09 5.783084954448138237e+09 1.942230648000492096e+09
4.010899999999999882e-02 6.007599999999999746e-02 6.007599999999999746e-02 9.687979196712171555e+09 3.904894242264033318e+09 5.783084954448138237e+09 1.577776992000231028e+09
4.010899999999999882e-02 6.007599999999999746e-02 6.506599999999999884e-02 1.021333970811613655e+10 4.430254753667998314e+09 5.783084954448138237e+09 1.714916568000026941e+09
4.010899999999999882e-02 6.007599999999999746e-02 7.006400000000000128e-02 1.051943678430012512e+10 4.736351829851986885e+09 5.783084954448138237e+09 1.846565880000608921e+09
4.010899999999999882e-02 6.007599999999999746e-02 7.506100000000000272e-02 1.150033300691553497e+10 5.717248052467396736e+09 5.783084954448138237e+09 1.977356592000386000e+09
4.010899999999999882e-02 6.007599999999999746e-02 8.005600000000000216e-02 1.210163964460252571e+10 6.318554690154387474e+09 5.783084954448138237e+09 2.107724448000237942e+09
4.010899999999999882e-02 6.506599999999999884e-02 6.506599999999999884e-02 9.091533938156070709e+09 3.308448983707932472e+09 5.783084954448138237e+09 1.863973704000200987e+09
4.010899999999999882e-02 6.506599999999999884e-02 7.006400000000000128e-02 1.100619082837981796e+10 5.223105873931679726e+09 5.783084954448138237e+09 2.007059567999722958e+09
4.010899999999999882e-02 6.506599999999999884e-02 7.506100000000000272e-02 9.405918211259727478e+09 3.622833256811589241e+09 5.783084954448138237e+09 2.149225056000750065e+09
4.010899999999999882e-02 6.506599999999999884e-02 8.005600000000000216e-02 1.056474466426036835e+10 4.781659709812230110e+09 5.783084954448138237e+09 2.290907304000213146e+09
4.010899999999999882e-02 7.006400000000000128e-02 7.006400000000000128e-02 9.535038793358837128e+09 3.751953838910698891e+09 5.783084954448138237e+09 2.161148879999289036e+09
4.010899999999999882e-02 7.006400000000000128e-02 7.506100000000000272e-02 1.018448741619427490e+10 4.401402461746136665e+09 5.783084954448138237e+09 2.314211543999931812e+09
4.010899999999999882e-02 7.006400000000000128e-02 8.005600000000000216e-02 9.559234285568925858e+09 3.776149331120787621e+09 5.783084954448138237e+09 2.466786720000296116e+09
4.010899999999999882e-02 7.506100000000000272e-02 7.506100000000000272e-02 9.662824871110343933e+09 3.879739916662205696e+09 5.783084954448138237e+09 2.478094920000260830e+09
4.010899999999999882e-02 7.506100000000000272e-02 8.005600000000000216e-02 1.011927041377973366e+10 4.336185459331595421e+09 5.783084954448138237e+09 2.641521648000395775e+09
4.010899999999999882e-02 8.005600000000000216e-02 8.005600000000000216e-02 1.035087511904092216e+10 4.567790164592783928e+09 5.783084954448138237e+09 2.815685975999960899e+09
4.509300000000000114e-02 4.509300000000000114e-02 4.509300000000000114e-02 1.264652012273873520e+10 6.863435168290596962e+09 5.783084954448138237e+09 1.002707808000141978e+09
4.509300000000000114e-02 4.509300000000000114e-02 5.008300000000000252e-02 1.247524210324936104e+10 6.692157148801222801e+09 5.783084954448138237e+09 1.115126904000085115e+09
4.509300000000000114e-02 4.509300000000000114e-02 5.508300000000000002e-02 1.174272484402442551e+10 5.959639889576287270e+09 5.783084954448138237e+09 1.229480039999752998e+09
4.509300000000000114e-02 4.509300000000000114e-02 6.007599999999999746e-02 1.177650162423411369e+10 5.993416669785975456e+09 5.783084954448138237e+09 1.334258927999818087e+09
4.509300000000000114e-02 4.509300000000000114e-02 6.506599999999999884e-02 1.079353745437093544e+10 5.010452499922797203e+09 5.783084954448138237e+09 1.450232424000523090e+09
4.509300000000000114e-02 4.509300000000000114e-02 7.006400000000000128e-02 1.197840394575567245e+10 6.195318991307534218e+09 5.783084954448138237e+09 1.561561920000185013e+09
4.509300000000000114e-02 4.509300000000000114e-02 7.506100000000000272e-02 9.080680572194673538e+09 3.297595617746535301e+09 5.783084954448138237e+09 1.672156967999783993e+09
4.509300000000000114e-02 4.509300000000000114e-02 8.005600000000000216e-02 1.116079699595729065e+10 5.377712041509152412e+09 5.783084954448138237e+09 1.782437327999660015e+09
4.509300000000000114e-02 5.008300000000000252e-02 5.008300000000000252e-02 1.007747316063821030e+10 4.294388206190072060e+09 5.783084954448138237e+09 1.240133759999655008e+09
4.509300000000000114e-02 5.008300000000000252e-02 5.508300000000000002e-02 1.068588945143470764e+10 4.902804496986569405e+09 5.783084954448138237e+09 1.367292959999702930e+09
4.509300000000000114e-02 5.008300000000000252e-02 6.007599999999999746e-02 9.985441654880826950e+09 4.202356700432688713e+09 5.783084954448138237e+09 1.483831751999891043e+09
4.509300000000000114e-02 5.008300000000000252e-02 6.506599999999999884e-02 1.036246414265001106e+10 4.579379188201872826e+09 5.783084954448138237e+09 1.612797768000097036e+09
4.509300000000000114e-02 5.008300000000000252e-02 7.006400000000000128e-02 1.144578179105220985e+10 5.662696836604071617e+09 5.783084954448138237e+09 1.736615976000226021e+09
4.509300000000000114e-02 5.008300000000000252e-02 7.506100000000000272e-02 9.204514419377130508e+09 3.421429464928992271e+09 5.783084954448138237e+09 1.859610888000274897e+09
4.509300000000000114e-02 5.008300000000000252e-02 8.005600000000000216e-02 1.060130044804890633e+10 4.818215493600768089e+09 5.783084954448138237e+09 1.982214599999979019e+09
4.509300000000000114e-02 5.508300000000000002e-02 5.508300000000000002e-02 1.029327326016663170e+10 4.510188305718493462e+09 5.783084954448138237e+09 1.507522104000252008e+09
4.509300000000000114e-02 5.508300000000000002e-02 6.007599999999999746e-02 1.003324109452656555e+10 4.250156140078427315e+09 5.783084954448138237e+09 1.636010016000526905e+09
4.509300000000000114e-02 5.508300000000000002e-02 6.506599999999999884e-02 1.020108753034773827e+10 4.418002575899600029e+09 5.783084954448138237e+09 1.778181647999797106e+09
4.509300000000000114e-02 5.508300000000000002e-02 7.006400000000000128e-02 9.606434771262262344e+09 3.823349816814124107e+09 5.783084954448138237e+09 1.914701423999351978e+09
4.509300000000000114e-02 5.508300000000000002e-02 7.506100000000000272e-02 1.007262873573151398e+10 4.289543781283375740e+09 5.783084954448138237e+09 2.050305456000248909e+09
4.509300000000000114e-02 5.508300000000000002e-02 8.005600000000000216e-02 9.679777948990081787e+09 3.896692994541943550e+09 5.783084954448138237e+09 2.185496904000318050e+09
4.509300000000000114e-02 6.007599999999999746e-02 6.007599999999999746e-02 1.065933470317503166e+10 4.876249748726893425e+09 5.783084954448138237e+09 1.775440247999507904e+09
4.509300000000000114e-02 6.007599999999999746e-02 6.506599999999999884e-02 9.589352221650035858e+09 3.806267267201897621e+09 5.783084954448138237e+09 1.929747072000055075e+09
4.509300000000000114e-02 6.007599999999999746e-02 7.006400000000000128e-02 1.070935323174504662e+10 4.926268277296908379e+09 5.783084954448138237e+09 2.077887144000257015e+09
4.509300000000000114e-02 6.007599999999999746e-02 7.506100000000000272e-02 1.063459928282545471e+10 4.851514328377316475e+09 5.783084954448138237e+09 2.225053295999935150e+09
4.509300000000000114e-02 6.007599999999999746e-02 8.005600000000000216e-02 9.357988320289566040e+09 3.574903365841427803e+09 5.783084954448138237e+09 2.371773576000422001e+09
4.509300000000000114e-02 6.506599999999999884e-02 6.506599999999999884e-02 8.064543727258338928e+09 2.281458772810200691e+09 5.783084954448138237e+09 2.097451320000488043e+09
4.509300000000000114e-02 6.506599999999999884e-02 7.006400000000000128e-02 8.331836619838475227e+09 2.548751665390336990e+09 5.783084954448138237e+09 2.258509344000032902e+09
4.509300000000000114e-02 6.506599999999999884e-02 7.506100000000000272e-02 9.548165073424858093e+09 3.765080118976719856e+09 5.783084954448138237e+09 2.418441624000247002e+09
4.509300000000000114e-02 6.506599999999999884e-02 8.005600000000000216e-02 1.048387891719028091e+10 4.700793962742142677e+09 5.783084954448138237e+09 2.577924480000165939e+09
4.509300000000000114e-02 7.006400000000000128e-02 7.006400000000000128e-02 7.543737527669544220e+09 1.760652573221405983e+09 5.783084954448138237e+09 2.431846416000337124e+09
4.509300000000000114e-02 7.006400000000000128e-02 7.506100000000000272e-02 8.565503625024046898e+09 2.782418670575908661e+09 5.783084954448138237e+09 2.604101544000430107e+09
4.509300000000000114e-02 7.006400000000000128e-02 8.005600000000000216e-02 9.673438490669624329e+09 3.890353536221486092e+09 5.783084954448138237e+09 2.775842400000185013e+09
4.509300000000000114e-02 7.506100000000000272e-02 7.506100000000000272e-02 7.685998843943716049e+09 1.902913889495577812e+09 5.783084954448138237e+09 2.788576991999866962e+09
4.509300000000000114e-02 7.506100000000000272e-02 8.005600000000000216e-02 1.013348002898002625e+10 4.350395074531888008e+09 5.783084954448138237e+09 2.972395799999821186e+09
4.509300000000000114e-02 8.005600000000000216e-02 8.005600000000000216e-02 1.094241635244868469e+10 5.159331398000546455e+09 5.783084954448138237e+09 3.168415080000481129e+09
5.008300000000000252e-02 5.008300000000000252e-02 5.008300000000000252e-02 7.004883842395899773e+09 1.221798887947761536e+09 5.783084954448138237e+09 1.379143632000067949e+09
5.008300000000000252e-02 5.008300000000000252e-02 5.508300000000000002e-02 9.973734998073387146e+09 4.190650043625248909e+09 5.783084954448138237e+09 1.520585111999793053e+09
5.008300000000000252e-02 5.008300000000000252e-02 6.007599999999999746e-02 7.702064163228507996e+09 1.918979208780369759e+09 5.783084954448138237e+09 1.650153792000601053e+09
5.008300000000000252e-02 5.008300000000000252e-02 6.506599999999999884e-02 1.158932067968668938e+10 5.806235725238551140e+09 5.783084954448138237e+09 1.793611799999449015e+09
5.008300000000000252e-02 5.008300000000000252e-02 7.006400000000000128e-02 1.031664568390152168e+10 4.533560729453383446e+09 5.783084954448138237e+09 1.931278272000597954e+09
5.008300000000000252e-02 5.008300000000000252e-02 7.506100000000000272e-02 9.120303250651918411e+09 3.337218296203780174e+09 5.783084954448138237e+09 2.068074143999654055e+09
5.008300000000000252e-02 5.008300000000000252e-02 8.005600000000000216e-02 9.834601839866390228e+09 4.051516885418251991e+09 5.783084954448138237e+09 2.204467800000607967e+09
5.008300000000000252e-02 5.508300000000000002e-02 5.508300000000000002e-02 1.188258947770573807e+10 6.099504523257599831e+09 5.783084954448138237e+09 1.676495999999943972e+09
5.008300000000000252e-02 5.508300000000000002e-02 6.007599999999999746e-02 9.255844938606437683e+09 3.472759984158299446e+09 5.783084954448138237e+09 1.819397111999933004e+09
5.008300000000000252e-02 5.508300000000000002e-02 6.506599999999999884e-02 1.028877859875514793e+10 4.505693644307009697e+09 5.783084954448138237e+09 1.977526511999537945e+09
5.008300000000000252e-02 5.508300000000000002e-02 7.006400000000000128e-02 9.713094296620651245e+09 3.930009342172513008e+09 5.783084954448138237e+09 2.129338415999819994e+09
5.008300000000000252e-02 5.508300000000000002e-02 7.506100000000000272e-02 1.011920668099063873e+10 4.336121726542500496e+09 5.783084954448138237e+09 2.280162936000104904e+09
5.008300000000000252e-02 5.508300000000000002e-02 8.005600000000000216e-02 8.646948333838550568e+09 2.863863379390412331e+09 5.783084954448138237e+09 2.430472440001151085e+09
5.008300000000000252e-02 6.007599999999999746e-02 6.007599999999999746e-02 1.254137959866247749e+10 6.758294644214339256e+09 5.783084954448138237e+09 1.974476567999562979e+09
5.008300000000000252e-02 6.007599999999999746e-02 6.506599999999999884e-02 1.087730731530271339e+10 5.094222360854575157e+09 5.783084954448138237e+09 2.146071239999629974e+09
5.008300000000000252e-02 6.007599999999999746e-02 7.006400000000000128e-02 1.147542857663168526e+10 5.692343622183547020e+09 5.783084954448138237e+09 2.310833328000039101e+09
5.008300000000000252e-02 6.007599999999999746e-02 7.506100000000000272e-02 1.031331999549630547e+10 4.530235041048167229e+09 5.783084954448138237e+09 2.474476440000135899e+09
5.008300000000000252e-02 6.007599999999999746e-02 8.005600000000000216e-02 8.536040721238605499e+09 2.752955766790467262e+09 5.783084954448138237e+09 2.637648599999910831e+09
5.008300000000000252e-02 6.506599999999999884e-02 6.506599999999999884e-02 1.020450162496932602e+10 4.421416670521187782e+09 5.783084954448138237e+09 2.332610736000195980e+09
5.008300000000000252e-02 6.506599999999999884e-02 7.006400000000000128e-02 9.101695639318029404e+09 3.318610684869891167e+09 5.783084954448138237e+09 2.511643799999482155e+09
5.008300000000000252e-02 6.506599999999999884e-02 7.506100000000000272e-02 1.026904038779628563e+10 4.485955433348147392e+09 5.783084954448138237e+09 2.689550352000373840e+09
5.008300000000000252e-02 6.506599999999999884e-02 8.005600000000000216e-02 9.530968488770233154e+09 3.747883534322094917e+09 5.783084954448138237e+09 2.866918703999880791e+09
5.008300000000000252e-02 7.006400000000000128e-02 7.006400000000000128e-02 9.454715062036973953e+09 3.671630107588835716e+09 5.783084954448138237e+09 2.704515552000179768e+09
5.008300000000000252e-02 7.006400000000000128e-02 7.506100000000000272e-02 8.938854236229572296e+09 3.155769281781434059e+09 5.783084954448138237e+09 2.896025376000222206e+09
5.008300000000000252e-02 7.006400000000000128e-02 8.005600000000000216e-02 1.008708752492643356e+10 4.304002570478295326e+09 5.783084954448138237e+09 3.086985407999888897e+09
5.008300000000000252e-02 7.506100000000000272e-02 7.506100000000000272e-02 8.170006291431374550e+09 2.386921336983236313e+09 5.783084954448138237e+09 3.101154552000078201e+09
5.008300000000000252e-02 7.506100000000000272e-02 8.005600000000000216e-02 8.671799461888046265e+09 2.888714507439908028e+09 5.783084954448138237e+09 3.305620823999589920e+09
5.008300000000000252e-02 8.005600000000000216e-02 8.005600000000000216e-02 8.173372316153104782e+09 2.390287361704966545e+09 5.783084954448138237e+09 3.523569456000442982e+09
5.508300000000000002e-02 5.508300000000000002e-02 5.508300000000000002e-02 1.305071635031969833e+10 7.267631395871560097e+09 5.783084954448138237e+09 1.848432480000415087e+09
5.508300000000000002e-02 5.508300000000000002e-02 6.007599999999999746e-02 1.214657197621906281e+10 6.363487021770924568e+09 5.783084954448138237e+09 2.005971048000431061e+09
5.508300000000000002e-02 5.508300000000000002e-02 6.506599999999999884e-02 9.867456747870487213e+09 4.084371793422348976e+09 5.783084954448138237e+09 2.180332224000329018e+09
5.508300000000000002e-02 5.508300000000000002e-02 7.006400000000000128e-02 9.478047136662534714e+09 3.694962182214396477e+09 5.783084954448138237e+09 2.347701096000585079e+09
5.508300000000000002e-02 5.508300000000000002e-02 7.506100000000000272e-02 9.775197322048313141e+09 3.992112367600174904e+09 5.783084954448138237e+09 2.513959919999996185e+09
5.508300000000000002e-02 5.508300000000000002e-02 8.005600000000000216e-02 1.062404803010552025e+10 4.840963075657382011e+09 5.783084954448138237e+09 2.679744263999795914e+09
5.508300000000000002e-02 6.007599999999999746e-02 6.007599999999999746e-02 1.183252008193385506e+10 6.049435127485716820e+09 5.783084954448138237e+09 2.176922063999815941e+09
5.508300000000000002e-02 6.007599999999999746e-02 6.506599999999999884e-02 1.166371873555228996e+10 5.880633781104151726e+09 5.783084954448138237e+09 2.366144016000247002e+09
5.508300000000000002e-02 6.007599999999999746e-02 7.006400000000000128e-02 1.120543159275855255e+10 5.422346638310414314e+09 5.783084954448138237e+09 2.547811632000614166e+09
5.508300000000000002e-02 6.007599999999999746e-02 7.506100000000000272e-02 1.026424827574429512e+10 4.481163321296156883e+09 5.783084954448138237e+09 2.728265423999761105e+09
5.508300000000000002e-02 6.007599999999999746e-02 8.005600000000000216e-02 9.702470272691205978e+09 3.919385318243067741e+09 5.783084954448138237e+09 2.908124664000181198e+09
5.508300000000000002e-02 6.506599999999999884e-02 6.506599999999999884e-02 9.875214790989500046e+09 4.092129836541361809e+09 5.783084954448138237e+09 2.571808080000429153e+09
5.508300000000000002e-02 6.506599999999999884e-02 7.006400000000000128e-02 9.456329060802234650e+09 3.673244106354096413e+09 5.783084954448138237e+09 2.769211176000380993e+09
5.508300000000000002e-02 6.506599999999999884e-02 7.506100000000000272e-02 9.990053481286211014e+09 4.206968526838072777e+09 5.783084954448138237e+09 2.965355111999226093e+09
5.508300000000000002e-02 6.506599999999999884e-02 8.005600000000000216e-02 1.001335931536987305e+10 4.230274360921734810e+09 5.783084954448138237e+09 3.160915560000873089e+09
5.508300000000000002e-02 7.006400000000000128e-02 7.006400000000000128e-02 1.053597083056041908e+10 4.752885876112280846e+09 5.783084954448138237e+09 2.981826912000259876e+09
5.508300000000000002e-02 7.006400000000000128e-02 7.506100000000000272e-02 8.911168252362100601e+09 3.128083297913962364e+09 5.783084954448138237e+09 3.193030584000269890e+09
5.508300000000000002e-02 7.006400000000000128e-02 8.005600000000000216e-02 9.232825981581319809e+09 3.449741027133181572e+09 5.783084954448138237e+09 3.403536743998960018e+09
5.508300000000000002e-02 7.506100000000000272e-02 7.506100000000000272e-02 9.760856155215324402e+09 3.977771200767186165e+09 5.783084954448138237e+09 3.419121191999732971e+09
5.508300000000000002e-02 7.506100000000000272e-02 8.005600000000000216e-02 8.132756259900619507e+09 2.349671305452481270e+09 5.783084954448138237e+09 3.644625767999223232e+09
5.508300000000000002e-02 8.005600000000000216e-02 8.005600000000000216e-02 7.877613055572509766e+09 2.094528101124371529e+09 5.783084954448138237e+09 3.884933999999989986e+09
6.007599999999999746e-02 6.007599999999999746e-02 6.007599999999999746e-02 1.150094815188000679e+10 5.717863197431868553e+09 5.783084954448138237e+09 2.362498776000067234e+09
6.007599999999999746e-02 6.007599999999999746e-02 6.506599999999999884e-02 1.007051632433774948e+10 4.287431369889611244e+09 5.783084954448138237e+09 2.567827584000504971e+09
6.007599999999999746e-02 6.007599999999999746e-02 7.006400000000000128e-02 1.097063184179533386e+10 5.187546887347195625e+09 5.783084954448138237e+09 2.764912007999930859e+09
6.007599999999999746e-02 6.007599999999999746e-02 7.506100000000000272e-02 1.037764131398685646e+10 4.594556359538718224e+09 5.783084954448138237e+09 2.960786447999465942e+09
6.007599999999999746e-02 6.007599999999999746e-02 8.005600000000000216e-02 9.623056730298921585e+09 3.839971775850783348e+09 5.783084954448138237e+09 3.156024503999999046e+09
6.007599999999999746e-02 6.506599999999999884e-02 6.506599999999999884e-02 9.878266656196556091e+09 4.095181701748417854e+09 5.783084954448138237e+09 2.790970055999565125e+09
6.007599999999999746e-02 6.506599999999999884e-02 7.006400000000000128e-02 9.658944632643205643e+09 3.875859678195067406e+09 5.783084954448138237e+09 3.005296943999360085e+09
6.007599999999999746e-02 6.506599999999999884e-02 7.506100000000000272e-02 1.024840600789922905e+10 4.465321053451090813e+09 5.783084954448138237e+09 3.218097671999801159e+09
6.007599999999999746e-02 6.506599999999999884e-02 8.005600000000000216e-02 1.042484748119506264e+10 4.641762526746924400e+09 5.783084954448138237e+09 3.430287143999515057e+09
6.007599999999999746e-02 7.006400000000000128e-02 7.006400000000000128e-02 9.806671908560426712e+09 4.023586954112288475e+09 5.783084954448138237e+09 3.235936128000957012e+09
6.007599999999999746e-02 7.006400000000000128e-02 7.506100000000000272e-02 9.827357578179088593e+09 4.044272623730950356e+09 5.783084954448138237e+09 3.465141431999557018e+09
6.007599999999999746e-02 7.006400000000000128e-02 8.005600000000000216e-02 1.088545836758466530e+10 5.102373413136527061e+09 5.783084954448138237e+09 3.693661032000047207e+09
6.007599999999999746e-02 7.506100000000000272e-02 7.506100000000000272e-02 1.020127288097389793e+10 4.418187926525759697e+09 5.783084954448138237e+09 3.710591832001441002e+09
6.007599999999999746e-02 7.506100000000000272e-02 8.005600000000000216e-02 1.032869292734342766e+10 4.545607972895289421e+09 5.783084954448138237e+09 3.955231536001070976e+09
6.007599999999999746e-02 8.005600000000000216e-02 8.005600000000000216e-02 9.912241138688606262e+09 4.129156184240468025e+09 5.783084954448138237e+09 4.216024584001142979e+09
6.506599999999999884e-02 6.506599999999999884e-02 6.506599999999999884e-02 8.509701819121144295e+09 2.726616864673006058e+09 5.783084954448138237e+09 3.033603576001870155e+09
6.506599999999999884e-02 6.506599999999999884e-02 7.006400000000000128e-02 1.104565007090769577e+10 5.262565116459557533e+09 5.783084954448138237e+09 3.266442191999406815e+09
6.506599999999999884e-02 6.506599999999999884e-02 7.506100000000000272e-02 1.016739034012296486e+10 4.384305385674826622e+09 5.783084954448138237e+09 3.497796504001791000e+09
6.506599999999999884e-02 6.506599999999999884e-02 8.005600000000000216e-02 9.226627623519762039e+09 3.443542669071623802e+09 5.783084954448138237e+09 3.728430191999540806e+09
6.506599999999999884e-02 7.006400000000000128e-02 7.006400000000000128e-02 9.102545961111156464e+09 3.319461006663018227e+09 5.783084954448138237e+09 3.517243391999395847e+09
6.506599999999999884e-02 7.006400000000000128e-02 7.506100000000000272e-02 9.372693546638868332e+09 3.589608592190730095e+09 5.783084954448138237e+09 3.766335431999287128e+09
6.506599999999999884e-02 7.006400000000000128e-02 8.005600000000000216e-02 9.638539967061950684e+09 3.855455012613812447e+09 5.783084954448138237e+09 4.014655751999550819e+09
6.506599999999999884e-02 7.506100000000000272e-02 7.506100000000000272e-02 8.691141633234933853e+09 2.908056678786795616e+09 5.783084954448138237e+09 4.033074191998886108e+09
6.506599999999999884e-02 7.506100000000000272e-02 8.005600000000000216e-02 8.021769266370117188e+09 2.238684311921978951e+09 5.783084954448138237e+09 4.299018552001343727e+09
6.506599999999999884e-02 8.005600000000000216e-02 8.005600000000000216e-02 7.557585258748902321e+09 1.774500304300764084e+09 5.783084954448138237e+09 4.582502208000207901e+09
7.006400000000000128e-02 7.006400000000000128e-02 7.006400000000000128e-02 7.588800635016785622e+09 1.805715680568647385e+09 5.783084954448138237e+09 3.787218264000455856e+09
7.006400000000000128e-02 7.006400000000000128e-02 7.506100000000000272e-02 9.372418324742910385e+09 3.589333370294772148e+09 5.783084954448138237e+09 4.055474519999331951e+09
7.006400000000000128e-02 7.006400000000000128e-02 8.005600000000000216e-02 9.401871346727348328e+09 3.618786392279210091e+09 5.783084954448138237e+09 4.322853096000617981e+09
7.006400000000000128e-02 7.506100000000000272e-02 7.506100000000000272e-02 8.553887780523382187e+09 2.770802826075243950e+09 5.783084954448138237e+09 4.342661063999525070e+09
7.006400000000000128e-02 7.506100000000000272e-02 8.005600000000000216e-02 9.014410810237592697e+09 3.231325855789454460e+09 5.783084954448138237e+09 4.629062592000294685e+09
7.006400000000000128e-02 8.005600000000000216e-02 8.005600000000000216e-02 8.914226799831266403e+09 3.131141845383128166e+09 5.783084954448138237e+09 4.934246663999345779e+09
7.506100000000000272e-02 7.506100000000000272e-02 7.506100000000000272e-02 8.487411261888338089e+09 2.704326307440199852e+09 5.783084954448138237e+09 4.650291959999633789e+09
7.506100000000000272e-02 7.506100000000000272e-02 8.005600000000000216e-02 9.444369995544427872e+09 3.661285041096289635e+09 5.783084954448138237e+09 4.956845088000323296e+09
7.506100000000000272e-02 8.005600000000000216e-02 8.005600000000000216e-02 1.020002515989644814e+10 4.416940205448309898e+09 5.783084954448138237e+09 5.283774911999811172e+09
8.005600000000000216e-02 8.005600000000000216e-02 8.005600000000000216e-02 1.023883391517004585e+10 4.455748960721907616e+09 5.783084954448138237e+09 5.632068719998867989e+09
