# Rustico's bk normalizations for shuffled mocks from 1 to 1000 of SGC
1.109870e-05
1.102658e-05
1.107603e-05
1.109666e-05
1.102336e-05
1.107784e-05
1.107623e-05
1.105104e-05
1.108639e-05
1.111026e-05
1.108601e-05
1.107538e-05
1.107338e-05
1.112946e-05
1.110098e-05
1.106532e-05
1.110908e-05
1.106352e-05
1.107359e-05
1.106611e-05
1.110671e-05
1.107622e-05
1.104693e-05
1.107276e-05
1.102467e-05
1.106489e-05
1.108169e-05
1.110091e-05
1.114171e-05
1.108122e-05
1.112356e-05
1.107061e-05
1.110813e-05
1.104068e-05
1.108921e-05
1.104503e-05
1.101354e-05
1.112586e-05
1.109752e-05
1.110798e-05
1.107824e-05
1.108748e-05
1.105253e-05
1.107129e-05
1.108510e-05
1.112030e-05
1.113713e-05
1.107615e-05
1.107802e-05
1.105765e-05
1.112965e-05
1.107072e-05
1.110167e-05
1.112528e-05
1.108763e-05
1.107954e-05
1.109798e-05
1.105424e-05
1.105685e-05
1.103079e-05
1.108166e-05
1.112370e-05
1.109681e-05
1.111485e-05
1.102164e-05
1.105110e-05
1.102892e-05
1.108615e-05
1.111086e-05
1.105021e-05
1.108521e-05
1.108748e-05
1.107937e-05
1.113242e-05
1.114248e-05
1.106343e-05
1.107576e-05
1.108884e-05
1.109409e-05
1.109831e-05
1.113363e-05
1.110111e-05
1.106163e-05
1.103337e-05
1.111092e-05
1.104032e-05
1.107869e-05
1.108764e-05
1.106435e-05
1.104713e-05
1.105216e-05
1.105921e-05
1.107349e-05
1.110045e-05
1.102949e-05
1.104092e-05
1.112371e-05
1.111633e-05
1.106520e-05
1.105845e-05
1.108608e-05
1.108182e-05
1.108007e-05
1.109213e-05
1.105105e-05
1.107437e-05
1.104571e-05
1.108500e-05
1.105840e-05
1.109938e-05
1.104412e-05
1.111303e-05
1.106516e-05
1.104237e-05
1.107584e-05
1.106960e-05
1.106531e-05
1.104342e-05
1.112422e-05
1.112104e-05
1.110150e-05
1.107610e-05
1.108562e-05
1.108511e-05
1.103781e-05
1.106041e-05
1.107543e-05
1.107188e-05
1.107589e-05
1.110101e-05
1.115543e-05
1.106024e-05
1.106329e-05
1.105941e-05
1.102417e-05
1.104739e-05
1.106546e-05
1.109624e-05
1.112376e-05
1.102805e-05
1.104511e-05
1.107661e-05
1.106679e-05
1.108983e-05
1.111284e-05
1.108044e-05
1.107126e-05
1.112648e-05
1.115638e-05
1.104316e-05
1.105180e-05
1.109773e-05
1.101996e-05
1.105904e-05
1.106660e-05
1.107792e-05
1.108572e-05
1.104600e-05
1.109662e-05
1.110097e-05
1.110374e-05
1.111674e-05
1.104318e-05
1.102475e-05
1.105301e-05
1.109211e-05
1.106632e-05
1.108741e-05
1.108299e-05
1.106397e-05
1.108492e-05
1.108752e-05
1.106696e-05
1.103959e-05
1.110832e-05
1.103169e-05
1.106811e-05
1.108958e-05
1.106829e-05
1.108549e-05
1.104980e-05
1.109182e-05
1.114319e-05
1.109799e-05
1.115422e-05
1.112434e-05
1.110910e-05
1.102250e-05
1.111322e-05
1.105579e-05
1.110396e-05
1.112483e-05
1.112768e-05
1.108021e-05
1.112283e-05
1.104301e-05
1.104955e-05
1.105806e-05
1.105657e-05
1.106955e-05
1.105685e-05
1.110629e-05
1.108544e-05
1.111291e-05
1.106291e-05
1.115409e-05
1.107564e-05
1.108828e-05
1.109150e-05
1.109442e-05
1.103164e-05
1.108031e-05
1.105210e-05
1.106677e-05
1.106205e-05
1.108833e-05
1.103172e-05
1.108257e-05
1.108602e-05
1.109622e-05
1.109693e-05
1.107325e-05
1.114002e-05
1.108655e-05
1.111753e-05
1.107459e-05
1.111419e-05
1.107677e-05
1.103429e-05
1.111317e-05
1.107109e-05
1.104695e-05
1.106971e-05
1.107896e-05
1.104449e-05
1.104738e-05
1.107005e-05
1.107583e-05
1.112193e-05
1.110775e-05
1.109914e-05
1.102967e-05
1.105161e-05
1.104457e-05
1.108475e-05
1.108058e-05
1.109635e-05
1.105632e-05
1.110872e-05
1.114378e-05
1.109909e-05
1.111438e-05
1.109947e-05
1.109964e-05
1.104257e-05
1.110523e-05
1.106109e-05
1.105382e-05
1.105328e-05
1.107521e-05
1.106542e-05
1.111362e-05
1.105642e-05
1.107414e-05
1.105252e-05
1.108780e-05
1.108720e-05
1.103822e-05
1.106054e-05
1.107590e-05
1.103757e-05
1.103210e-05
1.112580e-05
1.107594e-05
1.105151e-05
1.105586e-05
1.108868e-05
1.104826e-05
1.108120e-05
1.106027e-05
1.107629e-05
1.112462e-05
1.109834e-05
1.105334e-05
1.111101e-05
1.109000e-05
1.103911e-05
1.108034e-05
1.109092e-05
1.106962e-05
1.106691e-05
1.106602e-05
1.109066e-05
1.113107e-05
1.106674e-05
1.110377e-05
1.108978e-05
1.109083e-05
1.107603e-05
1.109254e-05
1.103196e-05
1.110342e-05
1.108802e-05
1.109500e-05
1.114854e-05
1.102562e-05
1.107248e-05
1.106107e-05
1.103214e-05
1.103298e-05
1.109985e-05
1.103852e-05
1.108570e-05
1.108965e-05
1.110438e-05
1.111981e-05
1.104546e-05
1.106518e-05
1.107353e-05
1.108349e-05
1.107020e-05
1.108680e-05
1.104195e-05
1.109592e-05
1.111945e-05
1.112817e-05
1.106993e-05
1.107128e-05
1.108511e-05
1.107990e-05
1.108099e-05
1.109950e-05
1.107042e-05
1.109645e-05
1.107703e-05
1.106938e-05
1.101936e-05
1.110054e-05
1.106120e-05
1.108518e-05
1.108733e-05
1.112624e-05
1.107786e-05
1.116115e-05
1.108653e-05
1.106217e-05
1.115434e-05
1.105093e-05
1.103969e-05
1.113570e-05
1.114851e-05
1.104341e-05
1.105742e-05
1.111009e-05
1.102855e-05
1.110914e-05
1.104810e-05
1.102033e-05
1.107439e-05
1.104456e-05
1.111201e-05
1.105817e-05
1.108909e-05
1.111103e-05
1.103188e-05
1.110481e-05
1.104190e-05
1.106925e-05
1.108943e-05
1.105823e-05
1.112807e-05
1.111171e-05
1.111104e-05
1.109117e-05
1.107500e-05
1.108526e-05
1.108157e-05
1.108251e-05
1.109568e-05
1.102947e-05
1.107905e-05
1.112276e-05
1.110415e-05
1.108162e-05
1.105743e-05
1.106023e-05
1.114387e-05
1.107248e-05
1.107135e-05
1.108187e-05
1.110641e-05
1.108732e-05
1.110646e-05
1.106462e-05
1.106486e-05
1.111747e-05
1.104470e-05
1.111312e-05
1.105562e-05
1.108075e-05
1.106681e-05
1.103896e-05
1.108640e-05
1.107532e-05
1.109987e-05
1.108840e-05
1.107363e-05
1.106987e-05
1.107749e-05
1.108866e-05
1.105294e-05
1.112295e-05
1.106242e-05
1.108009e-05
1.108059e-05
1.108468e-05
1.109987e-05
1.110767e-05
1.110890e-05
1.106182e-05
1.107599e-05
1.108763e-05
1.105520e-05
1.113164e-05
1.104207e-05
1.114756e-05
1.106093e-05
1.105816e-05
1.111120e-05
1.105547e-05
1.106409e-05
1.109896e-05
1.111093e-05
1.107320e-05
1.105937e-05
1.107766e-05
1.110376e-05
1.104961e-05
1.109162e-05
1.108227e-05
1.106749e-05
1.111174e-05
1.110888e-05
1.108151e-05
1.105332e-05
1.110316e-05
1.106786e-05
1.108274e-05
1.107679e-05
1.109886e-05
1.109020e-05
1.108040e-05
1.105599e-05
1.106877e-05
1.115009e-05
1.104553e-05
1.105023e-05
1.105256e-05
1.102202e-05
1.111525e-05
1.106178e-05
1.107305e-05
1.107620e-05
1.104077e-05
1.107410e-05
1.108792e-05
1.110650e-05
1.111911e-05
1.107502e-05
1.108440e-05
1.106423e-05
1.105861e-05
1.111493e-05
1.107508e-05
1.109585e-05
1.114052e-05
1.116530e-05
1.105932e-05
1.114390e-05
1.106821e-05
1.109801e-05
1.109295e-05
1.106021e-05
1.101976e-05
1.108543e-05
1.109325e-05
1.106350e-05
1.106316e-05
1.109696e-05
1.112260e-05
1.110444e-05
1.106876e-05
1.108639e-05
1.108422e-05
1.106007e-05
1.112993e-05
1.111426e-05
1.107633e-05
1.110077e-05
1.108713e-05
1.107463e-05
1.105386e-05
1.112671e-05
1.105531e-05
1.110088e-05
1.107815e-05
1.109546e-05
1.105743e-05
1.103763e-05
1.113658e-05
1.109885e-05
1.106463e-05
1.106323e-05
1.110894e-05
1.109413e-05
1.114059e-05
1.110908e-05
1.109961e-05
1.111080e-05
1.106669e-05
1.104246e-05
1.107466e-05
1.108785e-05
1.109497e-05
1.104263e-05
1.108236e-05
1.103384e-05
1.104874e-05
1.107404e-05
1.107448e-05
1.109402e-05
1.109781e-05
1.109880e-05
1.109424e-05
1.107639e-05
1.106320e-05
1.105552e-05
1.108017e-05
1.110046e-05
1.110247e-05
1.101097e-05
1.106979e-05
1.109048e-05
1.107837e-05
1.106680e-05
1.109800e-05
1.107148e-05
1.102400e-05
1.108812e-05
1.103670e-05
1.102893e-05
1.101942e-05
1.111138e-05
1.107047e-05
1.113226e-05
1.109300e-05
1.105784e-05
1.111830e-05
1.104806e-05
1.108605e-05
1.106541e-05
1.104626e-05
1.110099e-05
1.104292e-05
1.108427e-05
1.112595e-05
1.104098e-05
1.109891e-05
1.104886e-05
1.107247e-05
1.108313e-05
1.108807e-05
1.111757e-05
1.107427e-05
1.104890e-05
1.110261e-05
1.109280e-05
1.106137e-05
1.100322e-05
1.112677e-05
1.112256e-05
1.108272e-05
1.107772e-05
1.111957e-05
1.107901e-05
1.111732e-05
1.104092e-05
1.108160e-05
1.107359e-05
1.103687e-05
1.104997e-05
1.105056e-05
1.104164e-05
1.109909e-05
1.110585e-05
1.105138e-05
1.108369e-05
1.104542e-05
1.108540e-05
1.107864e-05
1.106452e-05
1.102078e-05
1.107573e-05
1.110253e-05
1.105352e-05
1.105355e-05
1.106392e-05
1.109935e-05
1.108506e-05
1.105407e-05
1.110764e-05
1.115784e-05
1.113827e-05
1.108729e-05
1.104912e-05
1.113198e-05
1.103193e-05
1.109454e-05
1.107357e-05
1.111180e-05
1.106037e-05
1.104772e-05
1.110841e-05
1.107415e-05
1.108440e-05
1.105956e-05
1.107398e-05
1.109955e-05
1.107907e-05
1.104112e-05
1.107224e-05
1.110229e-05
1.111494e-05
1.106541e-05
1.106585e-05
1.112289e-05
1.107838e-05
1.107125e-05
1.102080e-05
1.104601e-05
1.104467e-05
1.109272e-05
1.105496e-05
1.111650e-05
1.108787e-05
1.108783e-05
1.111158e-05
1.108513e-05
1.106557e-05
1.108216e-05
1.115675e-05
1.108286e-05
1.106033e-05
1.107353e-05
1.107982e-05
1.110819e-05
1.101171e-05
1.102487e-05
1.107555e-05
1.110094e-05
1.112258e-05
1.110307e-05
1.111060e-05
1.105386e-05
1.102866e-05
1.111105e-05
1.108246e-05
1.107778e-05
1.109013e-05
1.109043e-05
1.107851e-05
1.104248e-05
1.105174e-05
1.107948e-05
1.109843e-05
1.109847e-05
1.111236e-05
1.110124e-05
1.108753e-05
1.108502e-05
1.108003e-05
1.107409e-05
1.110131e-05
1.104869e-05
1.108362e-05
1.111829e-05
1.104754e-05
1.106903e-05
1.106522e-05
1.108936e-05
1.106634e-05
1.113279e-05
1.103510e-05
1.108494e-05
1.105224e-05
1.108229e-05
1.107943e-05
1.103009e-05
1.112584e-05
1.107584e-05
1.106520e-05
1.108936e-05
1.103585e-05
1.108297e-05
1.110966e-05
1.105481e-05
1.111577e-05
1.109672e-05
1.102873e-05
1.106654e-05
1.107089e-05
1.104604e-05
1.103916e-05
1.110388e-05
1.111754e-05
1.106435e-05
1.111388e-05
1.101471e-05
1.103913e-05
1.106486e-05
1.107043e-05
1.110779e-05
1.105660e-05
1.102155e-05
1.108208e-05
1.104978e-05
1.109853e-05
1.112816e-05
1.108200e-05
1.104170e-05
1.107564e-05
1.107995e-05
1.109192e-05
1.110147e-05
1.101232e-05
1.109210e-05
1.106100e-05
1.103407e-05
1.101832e-05
1.113917e-05
1.107808e-05
1.104580e-05
1.109324e-05
1.108890e-05
1.107205e-05
1.108121e-05
1.110385e-05
1.111633e-05
1.111354e-05
1.107421e-05
1.104770e-05
1.107886e-05
1.107860e-05
1.108691e-05
1.110858e-05
1.102996e-05
1.109413e-05
1.103554e-05
1.106604e-05
1.105979e-05
1.106732e-05
1.106159e-05
1.105425e-05
1.106891e-05
1.107621e-05
1.109475e-05
1.104092e-05
1.103828e-05
1.110892e-05
1.115071e-05
1.110414e-05
1.105127e-05
1.106394e-05
1.107947e-05
1.102615e-05
1.109003e-05
1.108637e-05
1.105110e-05
1.110757e-05
1.104581e-05
1.113179e-05
1.108478e-05
1.107164e-05
1.109367e-05
1.107183e-05
1.105661e-05
1.107300e-05
1.112028e-05
1.111589e-05
1.110932e-05
1.108594e-05
1.106347e-05
1.106019e-05
1.109384e-05
1.113076e-05
1.101835e-05
1.106470e-05
1.107963e-05
1.106031e-05
1.106503e-05
1.106130e-05
1.104406e-05
1.107142e-05
1.104103e-05
1.102911e-05
1.104126e-05
1.111420e-05
1.107831e-05
1.106203e-05
1.109044e-05
1.103064e-05
1.112414e-05
1.103289e-05
1.107406e-05
1.107341e-05
1.109091e-05
1.109611e-05
1.105220e-05
1.110270e-05
1.107885e-05
1.108035e-05
1.099790e-05
1.101808e-05
1.109209e-05
1.108880e-05
1.109331e-05
1.109586e-05
1.106598e-05
1.106217e-05
1.105543e-05
1.110204e-05
1.108130e-05
1.106407e-05
1.105560e-05
1.106234e-05
1.104733e-05
1.107692e-05
1.107341e-05
1.110062e-05
1.108500e-05
1.109863e-05
1.111280e-05
1.108151e-05
1.110218e-05
1.104741e-05
1.107933e-05
1.110799e-05
1.108948e-05
1.106452e-05
1.107563e-05
1.105490e-05
1.104150e-05
1.110503e-05
1.104520e-05
1.108237e-05
1.113586e-05
1.105259e-05
1.104944e-05
1.105747e-05
1.108263e-05
1.110596e-05
1.109297e-05
1.108674e-05
1.108101e-05
1.106922e-05
1.110686e-05
1.105409e-05
1.112539e-05
1.105351e-05
1.111959e-05
1.106313e-05
1.103414e-05
1.113253e-05
1.105571e-05
1.106487e-05
1.105035e-05
1.103764e-05
1.104316e-05
1.111680e-05
1.110809e-05
1.110667e-05
1.110098e-05
1.109865e-05
1.109163e-05
1.108804e-05
1.103292e-05
1.108370e-05
1.104836e-05
1.106068e-05
1.110005e-05
1.110083e-05
1.109689e-05
1.109156e-05
1.107917e-05
1.108072e-05
1.105600e-05
1.114254e-05
1.106000e-05
1.115028e-05
1.106254e-05
1.108493e-05
1.111170e-05
1.105803e-05
1.109086e-05
1.106089e-05
1.105966e-05
1.105200e-05
1.105354e-05
1.107004e-05
1.103974e-05
1.111238e-05
1.105857e-05
1.107098e-05
1.103310e-05
1.102539e-05
1.110592e-05
1.105896e-05
1.104808e-05
1.109119e-05
1.108126e-05
1.110811e-05
1.105169e-05
1.107022e-05
1.104401e-05
1.111382e-05
1.104443e-05
1.103581e-05
1.105719e-05
1.108713e-05
1.112374e-05
1.106688e-05
1.105816e-05
1.105678e-05
1.108530e-05
1.109168e-05
1.112592e-05
1.111438e-05
1.104541e-05
1.103357e-05
1.104933e-05
1.105643e-05
1.108255e-05
1.107565e-05
1.110595e-05
1.103367e-05
1.108528e-05
1.104510e-05
1.108027e-05
1.110069e-05
1.105299e-05
1.113771e-05
1.110768e-05
1.107342e-05
1.113630e-05
1.106114e-05
1.108929e-05
1.104707e-05
1.107256e-05
1.104922e-05
1.109267e-05
1.112628e-05
1.108736e-05
1.105946e-05
1.107747e-05
1.104660e-05
1.112270e-05
1.107996e-05
1.104765e-05
1.106955e-05
1.106196e-05
1.106511e-05
1.103492e-05
1.101960e-05
1.109348e-05
1.104957e-05
1.105065e-05
1.103716e-05
1.112870e-05
1.109286e-05
1.111477e-05
1.109488e-05
1.101967e-05
1.103561e-05
1.105053e-05
1.100974e-05
1.117049e-05
1.102369e-05
1.107757e-05
1.105877e-05
1.104963e-05
1.108624e-05
1.109392e-05
1.107658e-05
1.107627e-05
1.102545e-05
1.105309e-05
1.108076e-05
1.102864e-05
1.106850e-05
1.104087e-05
