# Rustico's bk normalizations for shuffled mocks from 1 to 1000 of NGC
2.081110e-05
2.077415e-05
2.078391e-05
2.086121e-05
2.072520e-05
2.086617e-05
2.083242e-05
2.085497e-05
2.084758e-05
2.080333e-05
2.080546e-05
2.078421e-05
2.075982e-05
2.079201e-05
2.079241e-05
2.078716e-05
2.081223e-05
2.079445e-05
2.080448e-05
2.080063e-05
2.082800e-05
2.084753e-05
2.076477e-05
2.076575e-05
2.087635e-05
2.081315e-05
2.079543e-05
2.075857e-05
2.088455e-05
2.084164e-05
2.081641e-05
2.086087e-05
2.083933e-05
2.080045e-05
2.076698e-05
2.078320e-05
2.080328e-05
2.085458e-05
2.072867e-05
2.068713e-05
2.075918e-05
2.085125e-05
2.086200e-05
2.086428e-05
2.079722e-05
2.088147e-05
2.084784e-05
2.081358e-05
2.078403e-05
2.081038e-05
2.072634e-05
2.078449e-05
2.084361e-05
2.076943e-05
2.077877e-05
2.083719e-05
2.083236e-05
2.078949e-05
2.080677e-05
2.082497e-05
2.090710e-05
2.078530e-05
2.089308e-05
2.085672e-05
2.075432e-05
2.077022e-05
2.081263e-05
2.075263e-05
2.079987e-05
2.072461e-05
2.078659e-05
2.081802e-05
2.085084e-05
2.084516e-05
2.086182e-05
2.077717e-05
2.079265e-05
2.083057e-05
2.078158e-05
2.084046e-05
2.088695e-05
2.082524e-05
2.083731e-05
2.083740e-05
2.080742e-05
2.076987e-05
2.078700e-05
2.081643e-05
2.073200e-05
2.077917e-05
2.078654e-05
2.085530e-05
2.077201e-05
2.079649e-05
2.079683e-05
2.079729e-05
2.081861e-05
2.080667e-05
2.076933e-05
2.084950e-05
2.080181e-05
2.086102e-05
2.077870e-05
2.075489e-05
2.084079e-05
2.086786e-05
2.078713e-05
2.084339e-05
2.086378e-05
2.079548e-05
2.079529e-05
2.083580e-05
2.088958e-05
2.083273e-05
2.074723e-05
2.083085e-05
2.080620e-05
2.087395e-05
2.080015e-05
2.082463e-05
2.077904e-05
2.070281e-05
2.084828e-05
2.081388e-05
2.077590e-05
2.080661e-05
2.076371e-05
2.081481e-05
2.075593e-05
2.075498e-05
2.081190e-05
2.078326e-05
2.080136e-05
2.083251e-05
2.085526e-05
2.079913e-05
2.071820e-05
2.088999e-05
2.073864e-05
2.077536e-05
2.081099e-05
2.081503e-05
2.082078e-05
2.079497e-05
2.076162e-05
2.078983e-05
2.085663e-05
2.088649e-05
2.086109e-05
2.085289e-05
2.082009e-05
2.074594e-05
2.071308e-05
2.090031e-05
2.081722e-05
2.075593e-05
2.079414e-05
2.088739e-05
2.083609e-05
2.075792e-05
2.077939e-05
2.081375e-05
2.075316e-05
2.080473e-05
2.081479e-05
2.079867e-05
2.093110e-05
2.081605e-05
2.086437e-05
2.079589e-05
2.082217e-05
2.074935e-05
2.076460e-05
2.081872e-05
2.082693e-05
2.075740e-05
2.083449e-05
2.074017e-05
2.080765e-05
2.084117e-05
2.092226e-05
2.085741e-05
2.088031e-05
2.082763e-05
2.080658e-05
2.074507e-05
2.081502e-05
2.082883e-05
2.083743e-05
2.075278e-05
2.081710e-05
2.083745e-05
2.077154e-05
2.077008e-05
2.072563e-05
2.080678e-05
2.087622e-05
2.077306e-05
2.078228e-05
2.079559e-05
2.084593e-05
2.074694e-05
2.077208e-05
2.084339e-05
2.083375e-05
2.079170e-05
2.084539e-05
2.078001e-05
2.080998e-05
2.082077e-05
2.091173e-05
2.076127e-05
2.080749e-05
2.088760e-05
2.082106e-05
2.065990e-05
2.084665e-05
2.073664e-05
2.081811e-05
2.089598e-05
2.077402e-05
2.080610e-05
2.084659e-05
2.085672e-05
2.079254e-05
2.087488e-05
2.075440e-05
2.079233e-05
2.079354e-05
2.078979e-05
2.083802e-05
2.080272e-05
2.076620e-05
2.081651e-05
2.079067e-05
2.070962e-05
2.079995e-05
2.089217e-05
2.086148e-05
2.084800e-05
2.084232e-05
2.081566e-05
2.084000e-05
2.080685e-05
2.081441e-05
2.075092e-05
2.079880e-05
2.075844e-05
2.084151e-05
2.073376e-05
2.090277e-05
2.084641e-05
2.083531e-05
2.076622e-05
2.082025e-05
2.078252e-05
2.078913e-05
2.081062e-05
2.080341e-05
2.080637e-05
2.082642e-05
2.088843e-05
2.082334e-05
2.086876e-05
2.076945e-05
2.084948e-05
2.081251e-05
2.084169e-05
2.084255e-05
2.085742e-05
2.078705e-05
2.084043e-05
2.081472e-05
2.075383e-05
2.075904e-05
2.078669e-05
2.082512e-05
2.077452e-05
2.075089e-05
2.079204e-05
2.077844e-05
2.077585e-05
2.085377e-05
2.079746e-05
2.087812e-05
2.086238e-05
2.075758e-05
2.080284e-05
2.077537e-05
2.084408e-05
2.086488e-05
2.083262e-05
2.081220e-05
2.083491e-05
2.081181e-05
2.081964e-05
2.077176e-05
2.081781e-05
2.085096e-05
2.077132e-05
2.081825e-05
2.079764e-05
2.075193e-05
2.083094e-05
2.084653e-05
2.079158e-05
2.077950e-05
2.080803e-05
2.078502e-05
2.084996e-05
2.072488e-05
2.085436e-05
2.075235e-05
2.083298e-05
2.075882e-05
2.090475e-05
2.080441e-05
2.078455e-05
2.079327e-05
2.082461e-05
2.081062e-05
2.089575e-05
2.083699e-05
2.080469e-05
2.078273e-05
2.088038e-05
2.082559e-05
2.085158e-05
2.078822e-05
2.078063e-05
2.083290e-05
2.079574e-05
2.083041e-05
2.079209e-05
2.085312e-05
2.080347e-05
2.088988e-05
2.084012e-05
2.076338e-05
2.078904e-05
2.074010e-05
2.087402e-05
2.080434e-05
2.078724e-05
2.084416e-05
2.083912e-05
2.070187e-05
2.075343e-05
2.079107e-05
2.079493e-05
2.081949e-05
2.083267e-05
2.086836e-05
2.079750e-05
2.077406e-05
2.074918e-05
2.076627e-05
2.086878e-05
2.075624e-05
2.080185e-05
2.080273e-05
2.075643e-05
2.084336e-05
2.078693e-05
2.084764e-05
2.084750e-05
2.076054e-05
2.085808e-05
2.076786e-05
2.078014e-05
2.072604e-05
2.080468e-05
2.078843e-05
2.082129e-05
2.076373e-05
2.087133e-05
2.092021e-05
2.079638e-05
2.080744e-05
2.075047e-05
2.085284e-05
2.078635e-05
2.085211e-05
2.085911e-05
2.082274e-05
2.075587e-05
2.082606e-05
2.078327e-05
2.088982e-05
2.081077e-05
2.079594e-05
2.084819e-05
2.087177e-05
2.085840e-05
2.080769e-05
2.076014e-05
2.078511e-05
2.082334e-05
2.086646e-05
2.077163e-05
2.081982e-05
2.079099e-05
2.081195e-05
2.082685e-05
2.087008e-05
2.079403e-05
2.081831e-05
2.081958e-05
2.086537e-05
2.081675e-05
2.083047e-05
2.081649e-05
2.071582e-05
2.085150e-05
2.084810e-05
2.087152e-05
2.070808e-05
2.074757e-05
2.077903e-05
2.079314e-05
2.082677e-05
2.076244e-05
2.078345e-05
2.073031e-05
2.071301e-05
2.080497e-05
2.083295e-05
2.079212e-05
2.080007e-05
2.085062e-05
2.085928e-05
2.077746e-05
2.085178e-05
2.083942e-05
2.088271e-05
2.079270e-05
2.083542e-05
2.080473e-05
2.075308e-05
2.078926e-05
2.078509e-05
2.083480e-05
2.083224e-05
2.081265e-05
2.077962e-05
2.080535e-05
2.075616e-05
2.084618e-05
2.071758e-05
2.083282e-05
2.079744e-05
2.084309e-05
2.081317e-05
2.080525e-05
2.087146e-05
2.082366e-05
2.077534e-05
2.075397e-05
2.087420e-05
2.081156e-05
2.081381e-05
2.078309e-05
2.088987e-05
2.086061e-05
2.082983e-05
2.078322e-05
2.083503e-05
2.079512e-05
2.082650e-05
2.080911e-05
2.074274e-05
2.078663e-05
2.088243e-05
2.076554e-05
2.080820e-05
2.076656e-05
2.085040e-05
2.076200e-05
2.083910e-05
2.079954e-05
2.077566e-05
2.080487e-05
2.071435e-05
2.082455e-05
2.076723e-05
2.088061e-05
2.080745e-05
2.075215e-05
2.077554e-05
2.079186e-05
2.073367e-05
2.086583e-05
2.082808e-05
2.075078e-05
2.075330e-05
2.076159e-05
2.075978e-05
2.074703e-05
2.080787e-05
2.091312e-05
2.081415e-05
2.090572e-05
2.074305e-05
2.084424e-05
2.077538e-05
2.073559e-05
2.082430e-05
2.079652e-05
2.079344e-05
2.081534e-05
2.086733e-05
2.079148e-05
2.091117e-05
2.072152e-05
2.081553e-05
2.086118e-05
2.081878e-05
2.084346e-05
2.083879e-05
2.086107e-05
2.079457e-05
2.081560e-05
2.078673e-05
2.077249e-05
2.079626e-05
2.080600e-05
2.087042e-05
2.077622e-05
2.079754e-05
2.073813e-05
2.084681e-05
2.076018e-05
2.079266e-05
2.083281e-05
2.080930e-05
2.076840e-05
2.081024e-05
2.088271e-05
2.076087e-05
2.084773e-05
2.081162e-05
2.081201e-05
2.078517e-05
2.081445e-05
2.077845e-05
2.086042e-05
2.077746e-05
2.080723e-05
2.084863e-05
2.083481e-05
2.087143e-05
2.086668e-05
2.079143e-05
2.081735e-05
2.087381e-05
2.075021e-05
2.071631e-05
2.091961e-05
2.074707e-05
2.085149e-05
2.083537e-05
2.083467e-05
2.085082e-05
2.092635e-05
2.089261e-05
2.080816e-05
2.088296e-05
2.083531e-05
2.077668e-05
2.074043e-05
2.083231e-05
2.078336e-05
2.081450e-05
2.088134e-05
2.083839e-05
2.081654e-05
2.074261e-05
2.080460e-05
2.083525e-05
2.081390e-05
2.086860e-05
2.082440e-05
2.085965e-05
2.079603e-05
2.082393e-05
2.084712e-05
2.083734e-05
2.083549e-05
2.086489e-05
2.078427e-05
2.076693e-05
2.075850e-05
2.077738e-05
2.081836e-05
2.073512e-05
2.072412e-05
2.078661e-05
2.083565e-05
2.083157e-05
2.082791e-05
2.081706e-05
2.079950e-05
2.084802e-05
2.071391e-05
2.080358e-05
2.085794e-05
2.078946e-05
2.073175e-05
2.073719e-05
2.080371e-05
2.084561e-05
2.082760e-05
2.086061e-05
2.079501e-05
2.081360e-05
2.085408e-05
2.086268e-05
2.085602e-05
2.081718e-05
2.076150e-05
2.077411e-05
2.080240e-05
2.081951e-05
2.086385e-05
2.079025e-05
2.092789e-05
2.082173e-05
2.078205e-05
2.083889e-05
2.086456e-05
2.079292e-05
2.078834e-05
2.085614e-05
2.073723e-05
2.085140e-05
2.081091e-05
2.080938e-05
2.081536e-05
2.075704e-05
2.076708e-05
2.077656e-05
2.079877e-05
2.077825e-05
2.080885e-05
2.085069e-05
2.082149e-05
2.079968e-05
2.078873e-05
2.082208e-05
2.084378e-05
2.081972e-05
2.073031e-05
2.087987e-05
2.082910e-05
2.077622e-05
2.089717e-05
2.086618e-05
2.070213e-05
2.077784e-05
2.077376e-05
2.083414e-05
2.085668e-05
2.071185e-05
2.085089e-05
2.081361e-05
2.084092e-05
2.081411e-05
2.081182e-05
2.078738e-05
2.079676e-05
2.082697e-05
2.095107e-05
2.081364e-05
2.083495e-05
2.080566e-05
2.074363e-05
2.083108e-05
2.086690e-05
2.080712e-05
2.080601e-05
2.085160e-05
2.079707e-05
2.081848e-05
2.081523e-05
2.084835e-05
2.071908e-05
2.081878e-05
2.075794e-05
2.079583e-05
2.080957e-05
2.074065e-05
2.080622e-05
2.077291e-05
2.083603e-05
2.088062e-05
2.071594e-05
2.073715e-05
2.083359e-05
2.083393e-05
2.079863e-05
2.083380e-05
2.088722e-05
2.079926e-05
2.084721e-05
2.077753e-05
2.085877e-05
2.081382e-05
2.085325e-05
2.085890e-05
2.077135e-05
2.079098e-05
2.078181e-05
2.087447e-05
2.084123e-05
2.079277e-05
2.080755e-05
2.080472e-05
2.081391e-05
2.077940e-05
2.081516e-05
2.082878e-05
2.079774e-05
2.095139e-05
2.082860e-05
2.076877e-05
2.088780e-05
2.088804e-05
2.073868e-05
2.078738e-05
2.076081e-05
2.084177e-05
2.087557e-05
2.076236e-05
2.078291e-05
2.087344e-05
2.080454e-05
2.085505e-05
2.071546e-05
2.080231e-05
2.080174e-05
2.080670e-05
2.074979e-05
2.087188e-05
2.082959e-05
2.084711e-05
2.084906e-05
2.089124e-05
2.088436e-05
2.085562e-05
2.077000e-05
2.075284e-05
2.083679e-05
2.079000e-05
2.086848e-05
2.084507e-05
2.072587e-05
2.080943e-05
2.071749e-05
2.083137e-05
2.078456e-05
2.085282e-05
2.078903e-05
2.085988e-05
2.083546e-05
2.083666e-05
2.087075e-05
2.082012e-05
2.076378e-05
2.072260e-05
2.078895e-05
2.079727e-05
2.080255e-05
2.076204e-05
2.085347e-05
2.081512e-05
2.081185e-05
2.087603e-05
2.086898e-05
2.082763e-05
2.085948e-05
2.075851e-05
2.084514e-05
2.074560e-05
2.079493e-05
2.084848e-05
2.079417e-05
2.085005e-05
2.082263e-05
2.080054e-05
2.079607e-05
2.078483e-05
2.078187e-05
2.079201e-05
2.083874e-05
2.081892e-05
2.080187e-05
2.074972e-05
2.083350e-05
2.081141e-05
2.074357e-05
2.086589e-05
2.075807e-05
2.083311e-05
2.081753e-05
2.083872e-05
2.086292e-05
2.076875e-05
2.078688e-05
2.079337e-05
2.076988e-05
2.085418e-05
2.079279e-05
2.081018e-05
2.076458e-05
2.087070e-05
2.083698e-05
2.081595e-05
2.080711e-05
2.079141e-05
2.086098e-05
2.087384e-05
2.088944e-05
2.081502e-05
2.079393e-05
2.085754e-05
2.081234e-05
2.078423e-05
2.083172e-05
2.081630e-05
2.073225e-05
2.085628e-05
2.075287e-05
2.079773e-05
2.077384e-05
2.077153e-05
2.088383e-05
2.079975e-05
2.086354e-05
2.083707e-05
2.082409e-05
2.076807e-05
2.084392e-05
2.080408e-05
2.085707e-05
2.085423e-05
2.082807e-05
2.081545e-05
2.073744e-05
2.079745e-05
2.085972e-05
2.088707e-05
2.078817e-05
2.083660e-05
2.077270e-05
2.071853e-05
2.078532e-05
2.080751e-05
2.080988e-05
2.081203e-05
2.078214e-05
2.091686e-05
2.074331e-05
2.089628e-05
2.074691e-05
2.083229e-05
2.074482e-05
2.084352e-05
2.079462e-05
2.086480e-05
2.078668e-05
2.082806e-05
2.083775e-05
2.081255e-05
2.085600e-05
2.085557e-05
2.077473e-05
2.077286e-05
2.088678e-05
2.085873e-05
2.077325e-05
2.083722e-05
2.076088e-05
2.083316e-05
2.077493e-05
2.074491e-05
2.081144e-05
2.089650e-05
2.085993e-05
2.084908e-05
2.079729e-05
2.080795e-05
2.077348e-05
2.085317e-05
2.076776e-05
2.082576e-05
2.077631e-05
2.083254e-05
2.080837e-05
2.088244e-05
2.084675e-05
2.077710e-05
2.078154e-05
2.077273e-05
2.084370e-05
2.081534e-05
2.073657e-05
2.072481e-05
2.081448e-05
2.083084e-05
2.083396e-05
2.080421e-05
2.079232e-05
2.077772e-05
2.080043e-05
2.082615e-05
2.083167e-05
2.084705e-05
2.082140e-05
2.083848e-05
2.082893e-05
2.078047e-05
2.078608e-05
2.078913e-05
2.083130e-05
2.078959e-05
2.087488e-05
2.079533e-05
2.084355e-05
2.079062e-05
2.079449e-05
2.080485e-05
2.079455e-05
2.077708e-05
2.078529e-05
2.073107e-05
2.082851e-05
2.089455e-05
2.078001e-05
2.072510e-05
2.077670e-05
2.084498e-05
2.075857e-05
2.082575e-05
2.080368e-05
2.085388e-05
2.075614e-05
2.080033e-05
2.078346e-05
2.081967e-05
2.071606e-05
2.088373e-05
2.080999e-05
2.076937e-05
2.080035e-05
2.090532e-05
2.082712e-05
2.082030e-05
2.084059e-05
2.076414e-05
2.074400e-05
2.083589e-05
2.071512e-05
2.084170e-05
2.078682e-05
2.085237e-05
2.076176e-05
2.077058e-05
2.079685e-05
2.080779e-05
2.080502e-05
2.081920e-05
2.087242e-05
2.078496e-05
2.078816e-05
2.076154e-05
2.088944e-05
2.080941e-05
2.073785e-05
2.088117e-05
2.081930e-05
2.084162e-05
2.083224e-05
2.075945e-05
2.080504e-05
2.081817e-05
2.081581e-05
2.083739e-05
2.081908e-05
2.075006e-05
2.075710e-05
2.085621e-05
2.081871e-05
2.087941e-05
2.080585e-05
2.082653e-05
2.088808e-05
2.080197e-05
2.081552e-05
2.086083e-05
2.079370e-05
