# Rustico's bk normalizations for realistic mocks from 1 to 1000 of NGC
1.983447e-05
1.989360e-05
1.986057e-05
1.987278e-05
1.983383e-05
1.976020e-05
1.991636e-05
1.997684e-05
1.992275e-05
1.986111e-05
1.995651e-05
2.001515e-05
2.001556e-05
2.006588e-05
1.994888e-05
1.984269e-05
1.994735e-05
1.994815e-05
1.987451e-05
1.986363e-05
1.993811e-05
1.995129e-05
1.981574e-05
1.984911e-05
2.002854e-05
1.979087e-05
1.978742e-05
1.990565e-05
1.980220e-05
1.991930e-05
2.000490e-05
1.994153e-05
1.994080e-05
1.990790e-05
2.002366e-05
1.996153e-05
1.982188e-05
1.987786e-05
1.998392e-05
1.974664e-05
1.981012e-05
1.989669e-05
2.001220e-05
2.006481e-05
1.991149e-05
1.989601e-05
1.996337e-05
1.994575e-05
1.991942e-05
2.008977e-05
1.984637e-05
1.993856e-05
1.989436e-05
1.990213e-05
1.998166e-05
2.002387e-05
1.999455e-05
1.988500e-05
1.998985e-05
1.982650e-05
1.973753e-05
1.978444e-05
1.993476e-05
2.002980e-05
1.984826e-05
1.990050e-05
1.999163e-05
1.990257e-05
1.975265e-05
1.994442e-05
1.987067e-05
1.981854e-05
1.993043e-05
1.990822e-05
1.995397e-05
1.991022e-05
1.992212e-05
1.983356e-05
1.982803e-05
2.003702e-05
1.992628e-05
2.010008e-05
2.012144e-05
1.998474e-05
1.994541e-05
1.986698e-05
1.990694e-05
1.986785e-05
1.990616e-05
1.986260e-05
1.981620e-05
1.992477e-05
2.009255e-05
1.985569e-05
1.990891e-05
1.995856e-05
1.999830e-05
1.991375e-05
1.979322e-05
1.978892e-05
1.980340e-05
1.992296e-05
1.996424e-05
1.979781e-05
1.986138e-05
1.995903e-05
1.992883e-05
1.991267e-05
1.989713e-05
1.998415e-05
1.984292e-05
1.987667e-05
1.989491e-05
1.991923e-05
1.984047e-05
1.976388e-05
1.996454e-05
1.984589e-05
1.992860e-05
2.004632e-05
1.982619e-05
1.993621e-05
1.982220e-05
1.997178e-05
2.000543e-05
1.977700e-05
1.978037e-05
1.993719e-05
1.994629e-05
1.983741e-05
1.988201e-05
1.987670e-05
2.000534e-05
1.990730e-05
1.987731e-05
1.993301e-05
1.990800e-05
1.991164e-05
1.975383e-05
2.000671e-05
2.007750e-05
1.987792e-05
1.991255e-05
2.000181e-05
2.002474e-05
1.990786e-05
1.999941e-05
1.984496e-05
2.003788e-05
1.998972e-05
2.010299e-05
1.978367e-05
1.990883e-05
1.988233e-05
1.991080e-05
2.001171e-05
1.986478e-05
1.991838e-05
1.986544e-05
1.992383e-05
1.996322e-05
1.984884e-05
1.985622e-05
1.990980e-05
2.000933e-05
1.998466e-05
1.994743e-05
1.989539e-05
1.997493e-05
1.990399e-05
1.984006e-05
1.992114e-05
1.998338e-05
1.998025e-05
1.994548e-05
1.988211e-05
1.988340e-05
1.999883e-05
1.987780e-05
1.994778e-05
1.985317e-05
1.992087e-05
2.003775e-05
1.985761e-05
1.992953e-05
2.005334e-05
1.985274e-05
1.991409e-05
1.971187e-05
1.987882e-05
1.979588e-05
1.997712e-05
1.985137e-05
1.989790e-05
1.996899e-05
1.990630e-05
2.009009e-05
1.994390e-05
1.984588e-05
1.995044e-05
1.985789e-05
1.999886e-05
2.018279e-05
1.981859e-05
1.977286e-05
1.989794e-05
1.988609e-05
1.983600e-05
1.997724e-05
1.986234e-05
1.991917e-05
1.999674e-05
1.976454e-05
2.008017e-05
1.998403e-05
1.987287e-05
2.001916e-05
1.996952e-05
1.996811e-05
1.985415e-05
1.987490e-05
1.984990e-05
1.996129e-05
1.973121e-05
1.976296e-05
2.003445e-05
1.997536e-05
1.998173e-05
1.987662e-05
1.993864e-05
1.993056e-05
2.001146e-05
1.997476e-05
1.990351e-05
2.001852e-05
1.984244e-05
1.987917e-05
1.991869e-05
1.997005e-05
1.995879e-05
1.989216e-05
2.010751e-05
1.993386e-05
1.990448e-05
1.997452e-05
1.977834e-05
2.001390e-05
1.993424e-05
1.989513e-05
1.991197e-05
2.008030e-05
1.996934e-05
1.996509e-05
1.995554e-05
1.990550e-05
1.998950e-05
1.992269e-05
1.988545e-05
1.988705e-05
1.975328e-05
1.982746e-05
2.001658e-05
1.996001e-05
2.003172e-05
1.980163e-05
1.993606e-05
1.987242e-05
1.992267e-05
1.995411e-05
2.009403e-05
2.000614e-05
1.988526e-05
1.999247e-05
1.986926e-05
2.004679e-05
1.996892e-05
2.000554e-05
1.987696e-05
1.980302e-05
1.993095e-05
1.986970e-05
2.001558e-05
1.982723e-05
2.000320e-05
1.979990e-05
1.995777e-05
1.998593e-05
1.989620e-05
1.988083e-05
1.989383e-05
1.988440e-05
1.985814e-05
1.996771e-05
1.976149e-05
1.992644e-05
1.997182e-05
1.993179e-05
1.984030e-05
1.983446e-05
1.992662e-05
1.996978e-05
1.983337e-05
1.997282e-05
1.992964e-05
1.981364e-05
1.994095e-05
1.990010e-05
2.010498e-05
1.989721e-05
2.003965e-05
1.970907e-05
2.003991e-05
1.990791e-05
1.985903e-05
1.992156e-05
1.986965e-05
1.989562e-05
1.994737e-05
1.986881e-05
1.997794e-05
2.002801e-05
1.991361e-05
2.011911e-05
1.998606e-05
1.983286e-05
1.993531e-05
1.988822e-05
1.986949e-05
2.002097e-05
2.000663e-05
2.012412e-05
1.995311e-05
1.984195e-05
1.985727e-05
1.997380e-05
1.997826e-05
1.991272e-05
1.983942e-05
2.000753e-05
1.997188e-05
1.981208e-05
1.995854e-05
2.001804e-05
1.986790e-05
2.004052e-05
1.979266e-05
1.994298e-05
1.994426e-05
1.984777e-05
1.993267e-05
1.974286e-05
1.986104e-05
1.996960e-05
1.990944e-05
1.992346e-05
1.995192e-05
1.990503e-05
1.998193e-05
1.992089e-05
1.975632e-05
2.002798e-05
1.995914e-05
2.011078e-05
1.999882e-05
1.993106e-05
1.994986e-05
1.989541e-05
1.999242e-05
1.986910e-05
1.995785e-05
1.979926e-05
1.971569e-05
2.009636e-05
1.984700e-05
1.977388e-05
2.002677e-05
1.986309e-05
2.001619e-05
1.988352e-05
1.989592e-05
1.986668e-05
2.005451e-05
1.990718e-05
1.989934e-05
2.002520e-05
1.985254e-05
1.994177e-05
1.996894e-05
1.999404e-05
1.987195e-05
2.002107e-05
1.984186e-05
1.997133e-05
2.017676e-05
1.995896e-05
1.984034e-05
1.985177e-05
2.002906e-05
1.982901e-05
1.998428e-05
1.980425e-05
1.977291e-05
2.003442e-05
2.000851e-05
1.997578e-05
1.990329e-05
1.996486e-05
2.001530e-05
1.972784e-05
1.992263e-05
1.996397e-05
1.987250e-05
1.991096e-05
1.989187e-05
1.986897e-05
1.998920e-05
1.991102e-05
1.991230e-05
1.998070e-05
1.991992e-05
2.006058e-05
1.981783e-05
1.995013e-05
1.985764e-05
1.984996e-05
1.991943e-05
1.996178e-05
1.997374e-05
1.976264e-05
2.008950e-05
1.996918e-05
1.992870e-05
1.992704e-05
1.998227e-05
1.983403e-05
1.985612e-05
2.002579e-05
1.999238e-05
1.987248e-05
1.984254e-05
1.993034e-05
1.997885e-05
1.983945e-05
1.977040e-05
1.986719e-05
1.986534e-05
1.994352e-05
2.000402e-05
1.994567e-05
1.993193e-05
2.002275e-05
1.997225e-05
1.980403e-05
1.984937e-05
1.997926e-05
1.993262e-05
1.989290e-05
2.011374e-05
1.973424e-05
1.981701e-05
1.986582e-05
2.012146e-05
1.982612e-05
1.995695e-05
1.995660e-05
1.983975e-05
1.990807e-05
1.983203e-05
1.984223e-05
1.999939e-05
1.987152e-05
1.983889e-05
1.993868e-05
1.983665e-05
1.997466e-05
1.992439e-05
1.990221e-05
1.976210e-05
1.986350e-05
1.975056e-05
1.999460e-05
2.002984e-05
1.991515e-05
2.004434e-05
1.982183e-05
1.978879e-05
1.999865e-05
1.989843e-05
1.975402e-05
1.987557e-05
1.988206e-05
1.993687e-05
1.987355e-05
1.980369e-05
1.998147e-05
1.973020e-05
1.992939e-05
1.995071e-05
1.999372e-05
1.989542e-05
1.989748e-05
1.989704e-05
1.976613e-05
1.991888e-05
1.987519e-05
1.982723e-05
1.995078e-05
2.002544e-05
1.987281e-05
1.993957e-05
1.982669e-05
1.993289e-05
1.989826e-05
1.984063e-05
1.992001e-05
1.981815e-05
1.999560e-05
1.987449e-05
1.989669e-05
1.998161e-05
1.985912e-05
1.992551e-05
1.987293e-05
1.980191e-05
1.995947e-05
1.989495e-05
1.981862e-05
1.997262e-05
1.987853e-05
1.987458e-05
1.986598e-05
1.998462e-05
1.995447e-05
2.004603e-05
1.995996e-05
1.998462e-05
1.999072e-05
1.985708e-05
1.977044e-05
1.999962e-05
1.996287e-05
1.994956e-05
1.984825e-05
1.987439e-05
1.983896e-05
1.987720e-05
1.992437e-05
2.001921e-05
1.995530e-05
2.000220e-05
1.990212e-05
1.994013e-05
1.984612e-05
1.980941e-05
1.993389e-05
1.983740e-05
1.990004e-05
1.997240e-05
1.992313e-05
1.991082e-05
1.997344e-05
1.989493e-05
2.007624e-05
1.996047e-05
1.991462e-05
1.990796e-05
1.996803e-05
1.989570e-05
1.986138e-05
1.996175e-05
1.987068e-05
1.986831e-05
1.991306e-05
1.990154e-05
1.996753e-05
1.988051e-05
1.993885e-05
1.996707e-05
1.989651e-05
1.999106e-05
1.991761e-05
1.996443e-05
2.004475e-05
1.997692e-05
2.002049e-05
1.991078e-05
1.974972e-05
1.978838e-05
2.007935e-05
2.002490e-05
2.000012e-05
1.999039e-05
1.985223e-05
2.000872e-05
1.987886e-05
1.994459e-05
2.000691e-05
1.982208e-05
1.978997e-05
1.988997e-05
1.993195e-05
1.996673e-05
1.978113e-05
1.988998e-05
1.997293e-05
1.992666e-05
2.000694e-05
1.995300e-05
2.006332e-05
1.985575e-05
1.984699e-05
2.014137e-05
1.990999e-05
1.984584e-05
1.990143e-05
1.994149e-05
1.993892e-05
2.000026e-05
1.997231e-05
1.983021e-05
1.980520e-05
1.987359e-05
1.991925e-05
1.987541e-05
1.990524e-05
1.988497e-05
1.984677e-05
2.003260e-05
1.992983e-05
1.990882e-05
1.988485e-05
1.970588e-05
2.001444e-05
1.986966e-05
1.989583e-05
1.996228e-05
1.997139e-05
1.995022e-05
1.991086e-05
1.993335e-05
2.000890e-05
1.995894e-05
1.983141e-05
1.985718e-05
1.999358e-05
1.986939e-05
2.000382e-05
1.982081e-05
1.996068e-05
1.981236e-05
1.986909e-05
1.990652e-05
2.006111e-05
1.987538e-05
1.982662e-05
2.003303e-05
1.982644e-05
1.985932e-05
1.983147e-05
1.989706e-05
1.984572e-05
1.988951e-05
1.996819e-05
1.990301e-05
1.994302e-05
1.990638e-05
1.990194e-05
1.987580e-05
1.992062e-05
1.994090e-05
1.988738e-05
1.988298e-05
1.987614e-05
1.984833e-05
1.995099e-05
1.984942e-05
2.009308e-05
2.007119e-05
1.992839e-05
2.006496e-05
1.997910e-05
1.979568e-05
1.997625e-05
1.986141e-05
1.987685e-05
1.980631e-05
2.001247e-05
1.996395e-05
2.001296e-05
1.990502e-05
1.995793e-05
2.001456e-05
1.994489e-05
1.985777e-05
1.992626e-05
1.992432e-05
1.979044e-05
1.988290e-05
1.981964e-05
2.014627e-05
1.987458e-05
1.982323e-05
1.991168e-05
1.989013e-05
1.998914e-05
1.995822e-05
1.999819e-05
1.999943e-05
1.997912e-05
1.971124e-05
2.002051e-05
2.001601e-05
1.979424e-05
1.988491e-05
2.001699e-05
1.994401e-05
1.993361e-05
1.991821e-05
1.987858e-05
1.992675e-05
1.983029e-05
1.979892e-05
2.000512e-05
1.984370e-05
1.989239e-05
1.981617e-05
1.994377e-05
1.993741e-05
1.990388e-05
1.985346e-05
1.998849e-05
1.998709e-05
1.989909e-05
1.984692e-05
1.975866e-05
1.985577e-05
1.996924e-05
1.984564e-05
1.998111e-05
1.983013e-05
2.001121e-05
1.976512e-05
1.979481e-05
2.009368e-05
1.988994e-05
1.990523e-05
1.997268e-05
1.997534e-05
1.980237e-05
1.985985e-05
1.977041e-05
1.994993e-05
1.980838e-05
2.004119e-05
2.000200e-05
1.995975e-05
1.977437e-05
1.982946e-05
1.998244e-05
1.985707e-05
1.980884e-05
1.985918e-05
1.991659e-05
1.994630e-05
1.993248e-05
1.989653e-05
1.986167e-05
1.997855e-05
1.983132e-05
1.992331e-05
1.988782e-05
1.989518e-05
1.997325e-05
1.984801e-05
1.980334e-05
1.983567e-05
1.994769e-05
2.009443e-05
2.000678e-05
1.997836e-05
1.985269e-05
2.005814e-05
1.997582e-05
1.976724e-05
1.998169e-05
1.985688e-05
1.995271e-05
1.987760e-05
1.993643e-05
1.973081e-05
1.985873e-05
1.994704e-05
1.987387e-05
1.985645e-05
1.990918e-05
1.984890e-05
1.989655e-05
1.997074e-05
2.001370e-05
1.991005e-05
1.996999e-05
1.999352e-05
1.984592e-05
1.974061e-05
1.990306e-05
2.001320e-05
1.982443e-05
1.993497e-05
1.980029e-05
1.983117e-05
1.977387e-05
1.994096e-05
2.001821e-05
2.001335e-05
1.989349e-05
1.989920e-05
1.974644e-05
1.995229e-05
2.000408e-05
1.998447e-05
1.998070e-05
1.996598e-05
1.994244e-05
1.993776e-05
1.997180e-05
1.989910e-05
1.982349e-05
1.987860e-05
1.982333e-05
1.986088e-05
1.976209e-05
1.996117e-05
1.994483e-05
1.980361e-05
1.993416e-05
1.992942e-05
1.997386e-05
2.001161e-05
1.995557e-05
1.991784e-05
2.000837e-05
1.990687e-05
1.983316e-05
1.981670e-05
1.986299e-05
1.995342e-05
1.994712e-05
1.985198e-05
1.981075e-05
1.992676e-05
1.995092e-05
1.987180e-05
1.988089e-05
1.993260e-05
1.994782e-05
1.985328e-05
1.997678e-05
1.988647e-05
1.994968e-05
1.983849e-05
1.989568e-05
1.996355e-05
1.986120e-05
1.998761e-05
1.991116e-05
1.990877e-05
1.994276e-05
2.004262e-05
1.987059e-05
2.010006e-05
1.990837e-05
1.981084e-05
1.993003e-05
1.990670e-05
1.993742e-05
1.996275e-05
1.997804e-05
2.003645e-05
1.990266e-05
1.993401e-05
1.994896e-05
1.994671e-05
1.996534e-05
1.989650e-05
1.988336e-05
1.983250e-05
1.991082e-05
2.009211e-05
1.996819e-05
1.997154e-05
1.987407e-05
1.971958e-05
1.986732e-05
1.991356e-05
1.994322e-05
1.979815e-05
1.999186e-05
1.984298e-05
1.981888e-05
1.997831e-05
1.985802e-05
1.994409e-05
1.995103e-05
1.993998e-05
1.992308e-05
1.995433e-05
1.996001e-05
1.992175e-05
2.000354e-05
1.980537e-05
1.998880e-05
1.987178e-05
2.003889e-05
1.998720e-05
1.998120e-05
1.986733e-05
2.004172e-05
1.990447e-05
2.001256e-05
1.980957e-05
1.986301e-05
1.975201e-05
1.977461e-05
1.998116e-05
1.988857e-05
1.989574e-05
1.982344e-05
1.987821e-05
1.989346e-05
1.984484e-05
2.001916e-05
1.979201e-05
1.999672e-05
1.991256e-05
1.990309e-05
1.997281e-05
1.985988e-05
1.990984e-05
1.981757e-05
1.997469e-05
1.992002e-05
1.992235e-05
1.999150e-05
1.983110e-05
1.994803e-05
1.975247e-05
2.001275e-05
1.998217e-05
1.998339e-05
1.993451e-05
1.991166e-05
1.979990e-05
1.983919e-05
1.981007e-05
2.000691e-05
2.003925e-05
1.996344e-05
1.989278e-05
1.995232e-05
1.997689e-05
1.989434e-05
1.984546e-05
1.993865e-05
1.995362e-05
1.987518e-05
1.990013e-05
1.991894e-05
1.989553e-05
1.990561e-05
1.988285e-05
1.991006e-05
2.001078e-05
2.006097e-05
1.988317e-05
1.986753e-05
2.003097e-05
1.993237e-05
1.988442e-05
1.986659e-05
1.991942e-05
1.992227e-05
1.984824e-05
2.005520e-05
1.991628e-05
1.999721e-05
1.995870e-05
1.986003e-05
1.987619e-05
1.984226e-05
1.981092e-05
1.998461e-05
1.992300e-05
2.019699e-05
1.991731e-05
1.980385e-05
2.008351e-05
1.991863e-05
2.005482e-05
1.991776e-05
1.989663e-05
