# Rustico's bk normalizations for complete mocks from 1 to 1000 of NGC
2.079976e-05
2.075462e-05
2.075396e-05
2.085409e-05
2.070769e-05
2.084727e-05
2.080768e-05
2.082000e-05
2.084132e-05
2.078757e-05
2.078726e-05
2.076821e-05
2.072055e-05
2.076518e-05
2.077057e-05
2.077746e-05
2.079051e-05
2.077414e-05
2.079852e-05
2.079272e-05
2.081224e-05
2.079878e-05
2.074738e-05
2.076655e-05
2.087839e-05
2.080537e-05
2.077704e-05
2.073362e-05
2.087611e-05
2.082363e-05
2.078225e-05
2.083843e-05
2.081331e-05
2.079699e-05
2.074696e-05
2.076397e-05
2.078822e-05
2.083445e-05
2.071979e-05
2.068351e-05
2.075404e-05
2.084281e-05
2.083905e-05
2.084860e-05
2.078363e-05
2.086750e-05
2.082653e-05
2.079976e-05
2.078612e-05
2.078939e-05
2.071557e-05
2.077343e-05
2.081203e-05
2.074821e-05
2.076468e-05
2.080861e-05
2.080425e-05
2.076747e-05
2.079414e-05
2.080991e-05
2.090254e-05
2.078886e-05
2.087166e-05
2.084266e-05
2.073090e-05
2.074976e-05
2.079734e-05
2.073800e-05
2.079045e-05
2.071935e-05
2.075257e-05
2.081102e-05
2.083936e-05
2.081910e-05
2.084792e-05
2.076529e-05
2.078539e-05
2.079857e-05
2.078269e-05
2.081686e-05
2.086356e-05
2.080235e-05
2.082250e-05
2.083388e-05
2.078573e-05
2.074439e-05
2.076965e-05
2.081512e-05
2.070800e-05
2.078097e-05
2.077404e-05
2.082336e-05
2.074433e-05
2.078804e-05
2.077891e-05
2.078637e-05
2.081066e-05
2.080567e-05
2.076524e-05
2.082721e-05
2.080034e-05
2.084056e-05
2.075742e-05
2.074849e-05
2.083031e-05
2.084814e-05
2.077127e-05
2.083902e-05
2.085979e-05
2.079145e-05
2.077593e-05
2.082264e-05
2.088528e-05
2.083376e-05
2.072696e-05
2.081753e-05
2.077768e-05
2.085031e-05
2.079493e-05
2.080558e-05
2.076854e-05
2.069953e-05
2.082541e-05
2.080287e-05
2.076170e-05
2.080000e-05
2.077258e-05
2.078807e-05
2.075256e-05
2.074914e-05
2.078654e-05
2.077009e-05
2.077400e-05
2.081918e-05
2.084126e-05
2.078586e-05
2.070740e-05
2.086960e-05
2.075073e-05
2.076019e-05
2.078906e-05
2.080866e-05
2.081145e-05
2.078544e-05
2.075743e-05
2.078369e-05
2.085376e-05
2.088208e-05
2.082815e-05
2.083494e-05
2.081325e-05
2.073847e-05
2.070013e-05
2.087535e-05
2.080715e-05
2.075286e-05
2.077821e-05
2.086357e-05
2.082766e-05
2.074399e-05
2.078267e-05
2.079446e-05
2.073691e-05
2.079400e-05
2.081497e-05
2.076651e-05
2.089968e-05
2.080598e-05
2.084364e-05
2.078208e-05
2.078819e-05
2.073739e-05
2.076897e-05
2.080798e-05
2.081393e-05
2.075679e-05
2.084041e-05
2.073556e-05
2.080584e-05
2.084575e-05
2.088397e-05
2.082383e-05
2.085465e-05
2.082116e-05
2.077998e-05
2.072333e-05
2.081188e-05
2.081844e-05
2.082693e-05
2.073074e-05
2.079184e-05
2.080779e-05
2.076973e-05
2.076551e-05
2.070706e-05
2.077682e-05
2.084482e-05
2.075749e-05
2.075490e-05
2.077818e-05
2.082967e-05
2.073126e-05
2.073596e-05
2.084142e-05
2.080032e-05
2.077891e-05
2.083148e-05
2.076282e-05
2.080215e-05
2.078682e-05
2.088771e-05
2.075533e-05
2.078449e-05
2.085613e-05
2.081117e-05
2.065251e-05
2.081009e-05
2.071846e-05
2.081683e-05
2.086747e-05
2.074512e-05
2.081193e-05
2.082271e-05
2.084243e-05
2.078548e-05
2.085637e-05
2.073859e-05
2.077921e-05
2.078267e-05
2.078537e-05
2.083022e-05
2.078653e-05
2.072700e-05
2.080839e-05
2.078665e-05
2.071400e-05
2.077814e-05
2.089081e-05
2.082926e-05
2.081978e-05
2.083590e-05
2.077386e-05
2.083791e-05
2.079456e-05
2.079727e-05
2.074585e-05
2.077488e-05
2.074153e-05
2.081925e-05
2.072082e-05
2.087814e-05
2.082076e-05
2.081819e-05
2.076425e-05
2.080398e-05
2.076015e-05
2.077095e-05
2.079262e-05
2.078365e-05
2.077762e-05
2.082241e-05
2.085796e-05
2.083218e-05
2.085557e-05
2.074729e-05
2.084461e-05
2.078939e-05
2.081682e-05
2.083537e-05
2.083419e-05
2.075737e-05
2.083918e-05
2.079703e-05
2.075998e-05
2.074579e-05
2.075692e-05
2.082052e-05
2.076771e-05
2.074935e-05
2.077101e-05
2.076368e-05
2.075817e-05
2.083436e-05
2.077272e-05
2.085339e-05
2.084114e-05
2.074875e-05
2.079567e-05
2.075683e-05
2.082269e-05
2.084626e-05
2.081813e-05
2.079825e-05
2.084046e-05
2.078761e-05
2.080274e-05
2.075188e-05
2.079894e-05
2.083875e-05
2.076873e-05
2.079484e-05
2.079489e-05
2.073290e-05
2.080328e-05
2.081254e-05
2.078526e-05
2.076433e-05
2.078481e-05
2.077759e-05
2.080417e-05
2.071919e-05
2.082221e-05
2.074051e-05
2.081104e-05
2.074270e-05
2.088420e-05
2.077647e-05
2.077888e-05
2.077313e-05
2.081297e-05
2.080705e-05
2.088643e-05
2.082122e-05
2.077397e-05
2.077753e-05
2.084798e-05
2.080380e-05
2.083559e-05
2.077580e-05
2.074899e-05
2.081676e-05
2.076563e-05
2.081544e-05
2.077579e-05
2.082914e-05
2.079211e-05
2.088881e-05
2.083076e-05
2.073240e-05
2.076181e-05
2.071951e-05
2.085075e-05
2.079710e-05
2.077788e-05
2.082182e-05
2.082852e-05
2.070228e-05
2.073596e-05
2.076409e-05
2.077288e-05
2.082581e-05
2.080429e-05
2.084552e-05
2.078763e-05
2.076563e-05
2.076117e-05
2.074632e-05
2.084145e-05
2.075351e-05
2.077728e-05
2.080421e-05
2.073962e-05
2.083189e-05
2.076916e-05
2.083028e-05
2.083137e-05
2.074182e-05
2.083198e-05
2.074639e-05
2.075834e-05
2.070837e-05
2.079818e-05
2.076100e-05
2.078745e-05
2.075365e-05
2.083764e-05
2.089136e-05
2.076356e-05
2.079387e-05
2.073706e-05
2.082721e-05
2.075538e-05
2.082391e-05
2.084103e-05
2.081731e-05
2.072870e-05
2.080037e-05
2.076240e-05
2.086674e-05
2.079437e-05
2.076881e-05
2.082637e-05
2.085062e-05
2.083533e-05
2.079926e-05
2.074008e-05
2.076256e-05
2.080086e-05
2.084267e-05
2.075256e-05
2.079139e-05
2.077665e-05
2.077726e-05
2.080010e-05
2.084313e-05
2.079096e-05
2.079643e-05
2.082122e-05
2.084235e-05
2.080052e-05
2.079591e-05
2.080299e-05
2.070295e-05
2.082940e-05
2.083582e-05
2.085063e-05
2.070949e-05
2.073641e-05
2.077303e-05
2.077030e-05
2.079783e-05
2.075924e-05
2.077819e-05
2.071644e-05
2.069640e-05
2.079075e-05
2.081264e-05
2.078771e-05
2.079085e-05
2.081553e-05
2.083166e-05
2.075114e-05
2.083054e-05
2.080940e-05
2.085920e-05
2.077797e-05
2.082247e-05
2.079039e-05
2.073953e-05
2.078829e-05
2.075243e-05
2.080160e-05
2.082377e-05
2.080229e-05
2.076094e-05
2.079684e-05
2.074432e-05
2.082528e-05
2.070854e-05
2.082004e-05
2.078951e-05
2.082575e-05
2.080049e-05
2.078892e-05
2.085273e-05
2.081744e-05
2.076535e-05
2.073389e-05
2.084786e-05
2.079367e-05
2.079599e-05
2.076810e-05
2.087268e-05
2.083296e-05
2.081197e-05
2.076754e-05
2.080910e-05
2.077585e-05
2.082468e-05
2.078872e-05
2.072245e-05
2.077343e-05
2.086442e-05
2.075949e-05
2.079534e-05
2.073592e-05
2.083358e-05
2.075148e-05
2.081999e-05
2.078378e-05
2.074253e-05
2.078916e-05
2.070434e-05
2.081355e-05
2.076292e-05
2.087205e-05
2.079221e-05
2.072319e-05
2.076473e-05
2.077188e-05
2.072428e-05
2.084426e-05
2.079897e-05
2.074036e-05
2.074358e-05
2.076036e-05
2.075721e-05
2.071636e-05
2.079674e-05
2.091244e-05
2.078652e-05
2.087367e-05
2.073316e-05
2.083191e-05
2.076762e-05
2.071343e-05
2.081419e-05
2.078439e-05
2.077121e-05
2.078775e-05
2.083777e-05
2.077482e-05
2.088545e-05
2.070906e-05
2.080265e-05
2.084778e-05
2.079874e-05
2.083550e-05
2.081613e-05
2.084494e-05
2.078599e-05
2.079586e-05
2.077739e-05
2.075847e-05
2.077695e-05
2.077486e-05
2.085773e-05
2.076501e-05
2.078117e-05
2.072694e-05
2.081840e-05
2.074835e-05
2.076363e-05
2.078212e-05
2.079118e-05
2.074472e-05
2.079219e-05
2.086511e-05
2.075912e-05
2.082275e-05
2.078084e-05
2.079991e-05
2.078367e-05
2.081706e-05
2.076722e-05
2.085124e-05
2.075340e-05
2.078087e-05
2.084408e-05
2.082255e-05
2.083741e-05
2.085466e-05
2.077701e-05
2.080037e-05
2.085565e-05
2.074119e-05
2.070773e-05
2.088362e-05
2.073972e-05
2.083193e-05
2.080881e-05
2.082848e-05
2.082656e-05
2.089427e-05
2.087045e-05
2.078745e-05
2.085575e-05
2.080879e-05
2.077432e-05
2.073766e-05
2.079589e-05
2.075923e-05
2.078766e-05
2.087582e-05
2.080285e-05
2.080103e-05
2.071467e-05
2.078919e-05
2.080265e-05
2.080097e-05
2.084928e-05
2.079536e-05
2.083585e-05
2.078997e-05
2.079723e-05
2.081873e-05
2.081793e-05
2.082979e-05
2.084263e-05
2.077425e-05
2.075349e-05
2.073975e-05
2.076798e-05
2.079383e-05
2.071704e-05
2.071978e-05
2.077080e-05
2.081648e-05
2.081672e-05
2.080483e-05
2.080397e-05
2.075696e-05
2.083474e-05
2.069741e-05
2.078610e-05
2.083598e-05
2.076788e-05
2.069760e-05
2.071665e-05
2.077950e-05
2.083417e-05
2.080979e-05
2.085158e-05
2.077844e-05
2.080272e-05
2.084100e-05
2.084363e-05
2.084135e-05
2.080719e-05
2.074648e-05
2.074661e-05
2.079622e-05
2.080702e-05
2.082552e-05
2.076848e-05
2.089230e-05
2.080809e-05
2.075946e-05
2.078945e-05
2.085599e-05
2.079515e-05
2.078114e-05
2.082821e-05
2.072692e-05
2.083369e-05
2.079798e-05
2.078641e-05
2.080985e-05
2.075104e-05
2.074108e-05
2.078713e-05
2.078540e-05
2.075351e-05
2.079755e-05
2.084577e-05
2.080766e-05
2.079421e-05
2.077542e-05
2.080136e-05
2.082165e-05
2.078434e-05
2.071003e-05
2.085103e-05
2.080692e-05
2.075726e-05
2.088796e-05
2.085696e-05
2.069654e-05
2.075604e-05
2.076511e-05
2.083463e-05
2.084487e-05
2.070597e-05
2.082184e-05
2.079710e-05
2.082973e-05
2.080564e-05
2.080610e-05
2.078216e-05
2.078103e-05
2.080631e-05
2.094598e-05
2.079701e-05
2.082942e-05
2.079318e-05
2.073487e-05
2.081067e-05
2.083772e-05
2.077792e-05
2.079275e-05
2.084143e-05
2.078296e-05
2.079866e-05
2.080267e-05
2.082600e-05
2.070159e-05
2.079967e-05
2.076531e-05
2.078198e-05
2.078955e-05
2.073249e-05
2.079052e-05
2.074824e-05
2.081135e-05
2.085873e-05
2.070136e-05
2.071393e-05
2.081972e-05
2.082235e-05
2.078032e-05
2.082368e-05
2.086462e-05
2.076505e-05
2.082995e-05
2.075871e-05
2.084024e-05
2.078666e-05
2.082403e-05
2.084582e-05
2.076300e-05
2.076134e-05
2.077745e-05
2.086452e-05
2.081384e-05
2.077132e-05
2.080004e-05
2.078059e-05
2.078501e-05
2.077501e-05
2.081020e-05
2.081327e-05
2.079099e-05
2.091544e-05
2.081017e-05
2.075682e-05
2.086501e-05
2.088105e-05
2.073143e-05
2.077721e-05
2.075107e-05
2.082814e-05
2.084435e-05
2.073828e-05
2.074702e-05
2.086823e-05
2.079407e-05
2.083528e-05
2.071548e-05
2.078815e-05
2.080370e-05
2.078715e-05
2.074239e-05
2.086121e-05
2.080572e-05
2.082319e-05
2.082682e-05
2.085278e-05
2.085384e-05
2.084647e-05
2.076168e-05
2.074591e-05
2.081859e-05
2.076705e-05
2.084928e-05
2.084416e-05
2.070091e-05
2.080843e-05
2.070699e-05
2.081526e-05
2.077604e-05
2.083697e-05
2.077780e-05
2.084236e-05
2.083115e-05
2.083577e-05
2.085971e-05
2.080516e-05
2.076476e-05
2.072015e-05
2.077324e-05
2.078695e-05
2.078809e-05
2.074307e-05
2.082390e-05
2.079292e-05
2.079079e-05
2.085865e-05
2.084552e-05
2.080039e-05
2.084344e-05
2.075539e-05
2.081304e-05
2.072349e-05
2.077249e-05
2.081881e-05
2.077013e-05
2.084399e-05
2.079963e-05
2.076637e-05
2.078834e-05
2.076000e-05
2.075225e-05
2.077483e-05
2.082674e-05
2.079932e-05
2.079295e-05
2.073805e-05
2.082098e-05
2.080191e-05
2.073037e-05
2.084916e-05
2.073832e-05
2.082230e-05
2.081142e-05
2.082782e-05
2.084660e-05
2.074570e-05
2.075679e-05
2.076350e-05
2.076275e-05
2.084315e-05
2.075939e-05
2.079236e-05
2.074938e-05
2.085704e-05
2.083787e-05
2.081673e-05
2.077980e-05
2.077025e-05
2.081658e-05
2.084919e-05
2.088575e-05
2.079734e-05
2.078015e-05
2.083848e-05
2.079934e-05
2.078348e-05
2.081053e-05
2.080454e-05
2.071456e-05
2.083246e-05
2.074378e-05
2.079713e-05
2.076364e-05
2.075834e-05
2.085627e-05
2.079895e-05
2.084897e-05
2.079635e-05
2.081360e-05
2.075695e-05
2.083634e-05
2.080591e-05
2.084554e-05
2.083112e-05
2.083581e-05
2.080357e-05
2.074700e-05
2.079344e-05
2.082539e-05
2.087686e-05
2.077062e-05
2.081560e-05
2.075807e-05
2.069230e-05
2.076953e-05
2.078177e-05
2.080470e-05
2.078442e-05
2.078069e-05
2.088482e-05
2.072486e-05
2.088178e-05
2.071689e-05
2.080922e-05
2.073359e-05
2.082842e-05
2.076502e-05
2.085908e-05
2.077439e-05
2.081781e-05
2.083376e-05
2.078502e-05
2.083466e-05
2.083367e-05
2.075326e-05
2.076018e-05
2.084987e-05
2.081924e-05
2.076376e-05
2.080858e-05
2.074402e-05
2.083066e-05
2.077436e-05
2.072163e-05
2.078855e-05
2.085118e-05
2.082415e-05
2.081712e-05
2.076030e-05
2.079046e-05
2.076494e-05
2.084865e-05
2.076385e-05
2.080315e-05
2.076696e-05
2.081670e-05
2.079066e-05
2.085786e-05
2.084658e-05
2.077090e-05
2.077047e-05
2.075878e-05
2.083447e-05
2.080060e-05
2.071709e-05
2.071392e-05
2.079178e-05
2.081227e-05
2.082690e-05
2.078688e-05
2.076618e-05
2.075310e-05
2.077549e-05
2.078359e-05
2.081793e-05
2.082947e-05
2.079897e-05
2.082918e-05
2.081243e-05
2.075824e-05
2.079271e-05
2.078366e-05
2.080234e-05
2.077559e-05
2.085582e-05
2.078328e-05
2.082615e-05
2.076848e-05
2.079185e-05
2.078376e-05
2.079260e-05
2.075597e-05
2.075589e-05
2.071335e-05
2.079619e-05
2.089067e-05
2.076853e-05
2.070218e-05
2.077346e-05
2.081782e-05
2.075335e-05
2.080510e-05
2.078226e-05
2.084852e-05
2.074549e-05
2.078103e-05
2.075544e-05
2.080894e-05
2.069092e-05
2.086948e-05
2.080602e-05
2.075665e-05
2.078336e-05
2.088332e-05
2.080736e-05
2.077928e-05
2.080085e-05
2.073720e-05
2.072644e-05
2.081908e-05
2.070220e-05
2.081789e-05
2.076168e-05
2.082539e-05
2.075632e-05
2.075061e-05
2.077995e-05
2.079145e-05
2.078632e-05
2.079950e-05
2.085005e-05
2.076163e-05
2.076589e-05
2.073841e-05
2.087103e-05
2.078335e-05
2.074426e-05
2.085526e-05
2.079672e-05
2.082696e-05
2.081356e-05
2.073963e-05
2.080087e-05
2.078092e-05
2.079285e-05
2.082296e-05
2.081244e-05
2.075007e-05
2.074492e-05
2.083200e-05
2.081424e-05
2.084664e-05
2.079419e-05
2.082152e-05
2.087208e-05
2.076233e-05
2.079020e-05
2.083802e-05
2.078775e-05
