# Rustico's bk normalizations for realistic mocks from 1 to 1000 of SGC
1.056770e-05
1.050455e-05
1.049556e-05
1.047210e-05
1.050109e-05
1.047644e-05
1.043359e-05
1.058701e-05
1.048975e-05
1.054395e-05
1.052509e-05
1.055010e-05
1.053847e-05
1.044406e-05
1.070116e-05
1.058214e-05
1.050157e-05
1.050861e-05
1.054193e-05
1.055893e-05
1.058008e-05
1.042936e-05
1.052353e-05
1.052720e-05
1.051046e-05
1.054307e-05
1.049087e-05
1.059671e-05
1.050385e-05
1.051017e-05
1.055018e-05
1.050697e-05
1.056431e-05
1.056785e-05
1.055879e-05
1.060352e-05
1.050184e-05
1.050961e-05
1.050349e-05
1.057842e-05
1.057947e-05
1.054349e-05
1.064660e-05
1.053794e-05
1.054068e-05
1.055195e-05
1.049813e-05
1.046708e-05
1.051812e-05
1.052618e-05
1.049696e-05
1.052458e-05
1.051267e-05
1.065750e-05
1.050123e-05
1.055470e-05
1.057094e-05
1.052560e-05
1.054052e-05
1.050737e-05
1.058451e-05
1.044264e-05
1.054679e-05
1.047765e-05
1.066411e-05
1.050059e-05
1.049916e-05
1.043066e-05
1.052778e-05
1.052190e-05
1.059796e-05
1.044186e-05
1.055944e-05
1.060983e-05
1.052862e-05
1.061077e-05
1.053301e-05
1.050967e-05
1.045654e-05
1.058935e-05
1.049999e-05
1.063540e-05
1.049913e-05
1.046476e-05
1.049655e-05
1.055088e-05
1.048938e-05
1.044887e-05
1.053787e-05
1.064466e-05
1.048357e-05
1.052396e-05
1.051631e-05
1.059038e-05
1.048167e-05
1.052281e-05
1.063563e-05
1.051319e-05
1.050031e-05
1.049797e-05
1.058377e-05
1.061535e-05
1.046760e-05
1.054312e-05
1.047604e-05
1.059362e-05
1.041078e-05
1.053420e-05
1.059248e-05
1.052103e-05
1.054711e-05
1.050039e-05
1.054695e-05
1.041563e-05
1.047536e-05
1.046853e-05
1.056656e-05
1.044399e-05
1.052357e-05
1.052207e-05
1.057179e-05
1.060513e-05
1.049846e-05
1.060326e-05
1.047952e-05
1.053226e-05
1.053168e-05
1.051463e-05
1.051101e-05
1.051364e-05
1.059418e-05
1.052606e-05
1.055960e-05
1.052631e-05
1.055651e-05
1.051115e-05
1.054797e-05
1.057316e-05
1.050667e-05
1.052983e-05
1.056629e-05
1.054984e-05
1.047050e-05
1.043673e-05
1.055985e-05
1.053195e-05
1.048742e-05
1.054709e-05
1.052861e-05
1.049980e-05
1.049053e-05
1.039492e-05
1.062785e-05
1.051297e-05
1.051965e-05
1.061824e-05
1.053193e-05
1.045554e-05
1.051179e-05
1.051841e-05
1.052181e-05
1.049811e-05
1.042506e-05
1.049261e-05
1.049111e-05
1.059514e-05
1.050977e-05
1.062839e-05
1.046908e-05
1.057806e-05
1.051968e-05
1.051200e-05
1.051412e-05
1.054364e-05
1.056761e-05
1.049382e-05
1.052253e-05
1.053177e-05
1.053471e-05
1.055568e-05
1.051095e-05
1.048611e-05
1.057182e-05
1.058006e-05
1.056818e-05
1.056873e-05
1.046604e-05
1.056742e-05
1.042083e-05
1.046814e-05
1.052976e-05
1.057818e-05
1.050942e-05
1.053665e-05
1.061215e-05
1.057155e-05
1.066366e-05
1.067227e-05
1.053153e-05
1.048631e-05
1.052557e-05
1.051292e-05
1.053370e-05
1.051397e-05
1.056568e-05
1.058573e-05
1.057298e-05
1.044952e-05
1.063667e-05
1.050976e-05
1.064319e-05
1.052770e-05
1.049794e-05
1.050981e-05
1.045341e-05
1.050507e-05
1.051510e-05
1.045470e-05
1.060433e-05
1.049250e-05
1.047082e-05
1.050200e-05
1.056620e-05
1.052394e-05
1.053270e-05
1.059655e-05
1.053671e-05
1.044466e-05
1.047401e-05
1.047715e-05
1.049629e-05
1.044432e-05
1.054999e-05
1.059046e-05
1.045269e-05
1.050617e-05
1.051107e-05
1.044937e-05
1.056020e-05
1.054800e-05
1.054231e-05
1.058317e-05
1.050857e-05
1.046986e-05
1.043085e-05
1.061635e-05
1.043512e-05
1.053824e-05
1.047506e-05
1.059315e-05
1.052156e-05
1.057405e-05
1.053660e-05
1.056822e-05
1.056632e-05
1.057907e-05
1.052290e-05
1.059062e-05
1.043500e-05
1.056085e-05
1.055105e-05
1.056687e-05
1.054635e-05
1.054228e-05
1.057986e-05
1.061496e-05
1.061055e-05
1.050944e-05
1.057936e-05
1.046703e-05
1.057712e-05
1.047504e-05
1.053267e-05
1.052566e-05
1.052444e-05
1.051165e-05
1.045446e-05
1.052256e-05
1.052826e-05
1.051274e-05
1.046869e-05
1.053889e-05
1.049613e-05
1.050597e-05
1.049897e-05
1.052010e-05
1.044940e-05
1.059170e-05
1.051118e-05
1.046662e-05
1.048390e-05
1.040521e-05
1.041105e-05
1.044764e-05
1.050811e-05
1.054462e-05
1.061494e-05
1.040889e-05
1.054532e-05
1.052430e-05
1.052456e-05
1.050168e-05
1.053361e-05
1.049304e-05
1.060238e-05
1.058601e-05
1.050375e-05
1.046080e-05
1.065358e-05
1.053327e-05
1.047131e-05
1.048782e-05
1.057925e-05
1.061381e-05
1.039798e-05
1.041973e-05
1.041354e-05
1.057692e-05
1.060977e-05
1.043392e-05
1.053162e-05
1.057414e-05
1.049745e-05
1.047361e-05
1.043725e-05
1.054001e-05
1.048901e-05
1.047440e-05
1.044081e-05
1.056833e-05
1.053117e-05
1.049444e-05
1.042553e-05
1.056817e-05
1.050744e-05
1.056465e-05
1.044850e-05
1.056621e-05
1.053081e-05
1.056382e-05
1.052056e-05
1.058388e-05
1.053478e-05
1.045174e-05
1.051828e-05
1.054752e-05
1.052615e-05
1.047038e-05
1.053689e-05
1.047621e-05
1.062638e-05
1.067194e-05
1.060020e-05
1.064941e-05
1.046077e-05
1.064703e-05
1.045762e-05
1.058615e-05
1.051322e-05
1.053455e-05
1.053867e-05
1.050027e-05
1.048231e-05
1.050183e-05
1.055407e-05
1.057356e-05
1.046308e-05
1.045135e-05
1.061210e-05
1.053896e-05
1.057007e-05
1.053769e-05
1.068186e-05
1.059739e-05
1.052319e-05
1.048337e-05
1.053816e-05
1.044247e-05
1.060657e-05
1.047487e-05
1.056577e-05
1.050002e-05
1.055091e-05
1.047864e-05
1.062181e-05
1.058863e-05
1.049549e-05
1.046335e-05
1.048429e-05
1.058087e-05
1.060960e-05
1.053358e-05
1.065510e-05
1.055979e-05
1.046410e-05
1.050927e-05
1.052579e-05
1.053000e-05
1.051428e-05
1.048837e-05
1.057465e-05
1.044129e-05
1.049392e-05
1.053914e-05
1.059934e-05
1.049471e-05
1.051775e-05
1.047226e-05
1.056107e-05
1.046553e-05
1.056520e-05
1.048356e-05
1.047708e-05
1.045779e-05
1.058461e-05
1.046587e-05
1.056640e-05
1.039872e-05
1.049658e-05
1.051641e-05
1.060793e-05
1.049974e-05
1.062385e-05
1.053261e-05
1.054062e-05
1.047289e-05
1.051376e-05
1.052283e-05
1.049956e-05
1.060924e-05
1.060172e-05
1.048245e-05
1.059336e-05
1.052661e-05
1.052979e-05
1.043225e-05
1.047877e-05
1.049094e-05
1.062545e-05
1.059245e-05
1.046600e-05
1.058293e-05
1.060384e-05
1.042446e-05
1.048854e-05
1.050591e-05
1.051373e-05
1.050271e-05
1.057264e-05
1.057756e-05
1.057992e-05
1.050204e-05
1.045983e-05
1.055211e-05
1.056319e-05
1.039196e-05
1.046809e-05
1.058940e-05
1.051647e-05
1.050502e-05
1.051443e-05
1.055606e-05
1.041228e-05
1.057313e-05
1.057895e-05
1.054547e-05
1.050646e-05
1.060084e-05
1.045192e-05
1.043308e-05
1.047936e-05
1.047365e-05
1.049855e-05
1.056633e-05
1.050881e-05
1.051333e-05
1.060409e-05
1.060856e-05
1.054202e-05
1.058961e-05
1.052784e-05
1.046724e-05
1.050036e-05
1.055656e-05
1.051266e-05
1.052429e-05
1.052858e-05
1.052950e-05
1.050531e-05
1.056183e-05
1.051646e-05
1.041037e-05
1.054817e-05
1.053246e-05
1.046777e-05
1.056664e-05
1.049402e-05
1.049512e-05
1.050019e-05
1.047334e-05
1.056711e-05
1.054324e-05
1.056306e-05
1.050007e-05
1.051558e-05
1.045309e-05
1.047579e-05
1.052349e-05
1.049671e-05
1.059398e-05
1.053369e-05
1.058400e-05
1.039073e-05
1.048621e-05
1.044579e-05
1.050790e-05
1.048878e-05
1.055657e-05
1.065682e-05
1.051489e-05
1.055784e-05
1.060739e-05
1.050447e-05
1.044274e-05
1.050953e-05
1.051874e-05
1.043864e-05
1.060824e-05
1.060974e-05
1.052161e-05
1.058709e-05
1.046817e-05
1.044031e-05
1.056469e-05
1.048735e-05
1.036018e-05
1.054808e-05
1.054452e-05
1.047269e-05
1.050482e-05
1.059432e-05
1.046610e-05
1.052174e-05
1.047680e-05
1.050272e-05
1.057232e-05
1.046480e-05
1.058935e-05
1.052497e-05
1.050948e-05
1.059539e-05
1.053953e-05
1.045795e-05
1.051915e-05
1.046044e-05
1.049034e-05
1.058943e-05
1.054995e-05
1.051783e-05
1.063743e-05
1.058675e-05
1.057137e-05
1.060259e-05
1.054396e-05
1.051383e-05
1.066316e-05
1.047929e-05
1.061558e-05
1.049203e-05
1.044248e-05
1.052135e-05
1.052871e-05
1.058640e-05
1.045419e-05
1.058297e-05
1.049144e-05
1.057510e-05
1.048695e-05
1.051158e-05
1.062467e-05
1.050105e-05
1.041500e-05
1.058008e-05
1.059874e-05
1.053838e-05
1.048228e-05
1.050196e-05
1.048703e-05
1.058333e-05
1.049240e-05
1.060764e-05
1.051421e-05
1.050129e-05
1.050311e-05
1.056823e-05
1.059482e-05
1.052216e-05
1.053374e-05
1.054597e-05
1.046684e-05
1.049188e-05
1.056743e-05
1.043417e-05
1.053258e-05
1.045182e-05
1.052598e-05
1.052569e-05
1.056281e-05
1.054924e-05
1.047920e-05
1.055052e-05
1.059556e-05
1.053673e-05
1.048880e-05
1.050635e-05
1.054457e-05
1.051195e-05
1.049903e-05
1.049101e-05
1.054784e-05
1.053662e-05
1.037732e-05
1.051615e-05
1.058850e-05
1.053708e-05
1.058612e-05
1.056965e-05
1.058103e-05
1.055298e-05
1.050015e-05
1.050996e-05
1.048713e-05
1.037508e-05
1.056934e-05
1.046170e-05
1.051487e-05
1.052838e-05
1.054446e-05
1.051349e-05
1.047165e-05
1.048638e-05
1.051140e-05
1.046252e-05
1.062800e-05
1.056736e-05
1.048025e-05
1.058160e-05
1.050924e-05
1.051750e-05
1.050337e-05
1.050967e-05
1.053237e-05
1.056745e-05
1.044523e-05
1.053242e-05
1.051600e-05
1.038558e-05
1.050826e-05
1.046637e-05
1.053716e-05
1.049118e-05
1.047409e-05
1.048234e-05
1.048088e-05
1.052156e-05
1.050115e-05
1.052672e-05
1.050034e-05
1.051013e-05
1.052312e-05
1.050475e-05
1.054323e-05
1.054507e-05
1.047110e-05
1.062186e-05
1.058042e-05
1.054993e-05
1.056209e-05
1.058948e-05
1.048729e-05
1.043700e-05
1.048996e-05
1.058753e-05
1.051971e-05
1.052121e-05
1.046781e-05
1.049344e-05
1.056549e-05
1.052343e-05
1.060994e-05
1.063054e-05
1.049956e-05
1.050546e-05
1.049901e-05
1.047743e-05
1.053830e-05
1.056459e-05
1.054977e-05
1.049484e-05
1.046627e-05
1.046735e-05
1.058735e-05
1.055008e-05
1.061632e-05
1.056347e-05
1.053988e-05
1.048778e-05
1.058809e-05
1.059299e-05
1.049650e-05
1.051646e-05
1.053843e-05
1.053078e-05
1.048751e-05
1.055027e-05
1.055758e-05
1.051295e-05
1.061429e-05
1.047641e-05
1.048340e-05
1.044691e-05
1.043579e-05
1.042843e-05
1.037718e-05
1.049121e-05
1.039021e-05
1.054510e-05
1.049837e-05
1.056017e-05
1.053720e-05
1.044453e-05
1.051379e-05
1.054319e-05
1.040969e-05
1.053951e-05
1.060593e-05
1.058538e-05
1.049162e-05
1.053290e-05
1.059531e-05
1.052048e-05
1.052465e-05
1.039198e-05
1.052161e-05
1.055977e-05
1.045167e-05
1.052525e-05
1.053341e-05
1.055618e-05
1.059831e-05
1.050303e-05
1.060186e-05
1.047751e-05
1.043164e-05
1.054465e-05
1.047265e-05
1.058081e-05
1.055448e-05
1.054910e-05
1.049459e-05
1.054507e-05
1.049580e-05
1.043052e-05
1.045306e-05
1.057063e-05
1.049844e-05
1.058378e-05
1.043417e-05
1.059031e-05
1.053614e-05
1.054183e-05
1.049499e-05
1.053196e-05
1.042690e-05
1.043688e-05
1.044632e-05
1.054500e-05
1.057073e-05
1.050503e-05
1.048628e-05
1.056121e-05
1.063763e-05
1.061529e-05
1.043742e-05
1.051787e-05
1.051083e-05
1.053695e-05
1.051910e-05
1.057190e-05
1.057848e-05
1.042795e-05
1.046376e-05
1.052182e-05
1.058035e-05
1.060499e-05
1.055718e-05
1.052389e-05
1.049903e-05
1.043968e-05
1.055066e-05
1.050838e-05
1.047061e-05
1.047052e-05
1.043637e-05
1.044036e-05
1.045588e-05
1.054392e-05
1.044436e-05
1.055073e-05
1.046679e-05
1.053332e-05
1.056373e-05
1.053518e-05
1.045166e-05
1.056808e-05
1.053272e-05
1.043092e-05
1.052985e-05
1.044300e-05
1.050497e-05
1.056729e-05
1.055223e-05
1.049255e-05
1.052654e-05
1.048429e-05
1.046693e-05
1.061739e-05
1.052208e-05
1.042361e-05
1.051422e-05
1.049102e-05
1.047810e-05
1.051485e-05
1.050101e-05
1.049442e-05
1.042461e-05
1.046488e-05
1.044990e-05
1.042535e-05
1.055765e-05
1.054074e-05
1.052069e-05
1.053731e-05
1.049005e-05
1.051399e-05
1.052410e-05
1.052174e-05
1.058304e-05
1.049809e-05
1.051780e-05
1.055211e-05
1.048320e-05
1.056092e-05
1.046552e-05
1.060466e-05
1.050452e-05
1.051996e-05
1.048734e-05
1.052929e-05
1.056761e-05
1.049037e-05
1.063068e-05
1.056300e-05
1.043679e-05
1.050638e-05
1.049034e-05
1.055918e-05
1.057547e-05
1.047405e-05
1.055862e-05
1.046605e-05
1.050610e-05
1.055997e-05
1.054872e-05
1.049379e-05
1.054097e-05
1.052411e-05
1.051154e-05
1.062271e-05
1.064251e-05
1.048861e-05
1.048097e-05
1.060578e-05
1.055497e-05
1.050074e-05
1.048569e-05
1.052275e-05
1.044264e-05
1.049804e-05
1.055821e-05
1.052447e-05
1.056917e-05
1.059187e-05
1.051295e-05
1.054910e-05
1.060098e-05
1.054050e-05
1.057062e-05
1.059393e-05
1.055674e-05
1.053216e-05
1.052937e-05
1.052123e-05
1.051662e-05
1.047780e-05
1.045116e-05
1.053452e-05
1.041744e-05
1.063071e-05
1.041319e-05
1.052860e-05
1.044378e-05
1.063879e-05
1.048159e-05
1.053130e-05
1.060031e-05
1.047723e-05
1.048182e-05
1.054487e-05
1.058795e-05
1.050532e-05
1.048816e-05
1.052453e-05
1.054669e-05
1.057375e-05
1.053533e-05
1.057762e-05
1.059606e-05
1.058906e-05
1.047035e-05
1.052944e-05
1.054974e-05
1.040951e-05
1.049574e-05
1.063611e-05
1.054834e-05
1.050755e-05
1.052634e-05
1.055509e-05
1.052202e-05
1.056494e-05
1.051528e-05
1.048047e-05
1.063694e-05
1.047339e-05
1.045199e-05
1.055065e-05
1.052988e-05
1.061813e-05
1.051134e-05
1.057804e-05
1.048388e-05
1.039500e-05
1.044975e-05
1.053324e-05
1.056588e-05
1.055283e-05
1.046101e-05
1.051411e-05
1.060674e-05
1.067301e-05
1.054379e-05
1.059070e-05
1.050684e-05
1.056416e-05
1.057001e-05
1.050854e-05
1.044158e-05
1.050823e-05
1.052058e-05
1.048202e-05
1.056106e-05
1.048147e-05
1.045363e-05
1.054845e-05
1.052607e-05
1.054343e-05
1.058477e-05
1.053394e-05
1.048248e-05
1.057073e-05
1.053284e-05
1.041213e-05
1.056493e-05
1.054305e-05
1.054163e-05
1.042518e-05
1.057429e-05
1.043624e-05
1.042647e-05
1.058409e-05
1.059333e-05
1.055175e-05
1.054795e-05
1.057494e-05
1.048802e-05
1.063741e-05
1.057753e-05
1.054433e-05
1.045645e-05
