# Rustico's bk normalizations for complete mocks from 1 to 1000 of SGC
1.108743e-05
1.102259e-05
1.108594e-05
1.109756e-05
1.101918e-05
1.108008e-05
1.107360e-05
1.104684e-05
1.109265e-05
1.111607e-05
1.109087e-05
1.108618e-05
1.107920e-05
1.111396e-05
1.108348e-05
1.106412e-05
1.110535e-05
1.107109e-05
1.107747e-05
1.107515e-05
1.111244e-05
1.108276e-05
1.104877e-05
1.107255e-05
1.102651e-05
1.106318e-05
1.108553e-05
1.110780e-05
1.114743e-05
1.108381e-05
1.112997e-05
1.108050e-05
1.111913e-05
1.103681e-05
1.108572e-05
1.104426e-05
1.102113e-05
1.112441e-05
1.108954e-05
1.110636e-05
1.107747e-05
1.109080e-05
1.105462e-05
1.107744e-05
1.107406e-05
1.111360e-05
1.114387e-05
1.107457e-05
1.109149e-05
1.107088e-05
1.112839e-05
1.106851e-05
1.109543e-05
1.113332e-05
1.108880e-05
1.108400e-05
1.109731e-05
1.105761e-05
1.105897e-05
1.102763e-05
1.108588e-05
1.112546e-05
1.109271e-05
1.111605e-05
1.102442e-05
1.105385e-05
1.103207e-05
1.108482e-05
1.111314e-05
1.105311e-05
1.107938e-05
1.109161e-05
1.108725e-05
1.112230e-05
1.113809e-05
1.107134e-05
1.107659e-05
1.109555e-05
1.110415e-05
1.109401e-05
1.114058e-05
1.111271e-05
1.106462e-05
1.103223e-05
1.111116e-05
1.104325e-05
1.109794e-05
1.109210e-05
1.106834e-05
1.104458e-05
1.105005e-05
1.106494e-05
1.106834e-05
1.110221e-05
1.103948e-05
1.104676e-05
1.112075e-05
1.112666e-05
1.106320e-05
1.106896e-05
1.108363e-05
1.108110e-05
1.107539e-05
1.108020e-05
1.104859e-05
1.106906e-05
1.103683e-05
1.108032e-05
1.106434e-05
1.109493e-05
1.105062e-05
1.111951e-05
1.106799e-05
1.105183e-05
1.108370e-05
1.107269e-05
1.106095e-05
1.104714e-05
1.111685e-05
1.113053e-05
1.109456e-05
1.107337e-05
1.109021e-05
1.107532e-05
1.104062e-05
1.105649e-05
1.107477e-05
1.108118e-05
1.108385e-05
1.110017e-05
1.114639e-05
1.105623e-05
1.106887e-05
1.106221e-05
1.102970e-05
1.104864e-05
1.106913e-05
1.109712e-05
1.112143e-05
1.103278e-05
1.104897e-05
1.108730e-05
1.106990e-05
1.108906e-05
1.110718e-05
1.107734e-05
1.107000e-05
1.113125e-05
1.115054e-05
1.103772e-05
1.105383e-05
1.109437e-05
1.102592e-05
1.106022e-05
1.105906e-05
1.108044e-05
1.109522e-05
1.104882e-05
1.109623e-05
1.110303e-05
1.110723e-05
1.110914e-05
1.105474e-05
1.102743e-05
1.105363e-05
1.108593e-05
1.107751e-05
1.109333e-05
1.109023e-05
1.106282e-05
1.108535e-05
1.108942e-05
1.107280e-05
1.104334e-05
1.112787e-05
1.103642e-05
1.106962e-05
1.109289e-05
1.106393e-05
1.108435e-05
1.105792e-05
1.108675e-05
1.113886e-05
1.108708e-05
1.115105e-05
1.112103e-05
1.109968e-05
1.101950e-05
1.112293e-05
1.106221e-05
1.110433e-05
1.112259e-05
1.112082e-05
1.108402e-05
1.112610e-05
1.104734e-05
1.104926e-05
1.106270e-05
1.105609e-05
1.107669e-05
1.105623e-05
1.110554e-05
1.109221e-05
1.112282e-05
1.106948e-05
1.114666e-05
1.107973e-05
1.108598e-05
1.109167e-05
1.109805e-05
1.102462e-05
1.108224e-05
1.104313e-05
1.106907e-05
1.105818e-05
1.108422e-05
1.103753e-05
1.107664e-05
1.108068e-05
1.110299e-05
1.110114e-05
1.107160e-05
1.114393e-05
1.109129e-05
1.112469e-05
1.107603e-05
1.111485e-05
1.107792e-05
1.105008e-05
1.111008e-05
1.106582e-05
1.106038e-05
1.107214e-05
1.108101e-05
1.104716e-05
1.105143e-05
1.106655e-05
1.106766e-05
1.112224e-05
1.109280e-05
1.109852e-05
1.102032e-05
1.106506e-05
1.104857e-05
1.108000e-05
1.107596e-05
1.109229e-05
1.105202e-05
1.111717e-05
1.113818e-05
1.110858e-05
1.111869e-05
1.109190e-05
1.108942e-05
1.104493e-05
1.110042e-05
1.106130e-05
1.105843e-05
1.106184e-05
1.107397e-05
1.106646e-05
1.111215e-05
1.106220e-05
1.108123e-05
1.105826e-05
1.108942e-05
1.108852e-05
1.104560e-05
1.107216e-05
1.107528e-05
1.104310e-05
1.103372e-05
1.112385e-05
1.107154e-05
1.105718e-05
1.104923e-05
1.109701e-05
1.106013e-05
1.107894e-05
1.104930e-05
1.107644e-05
1.112773e-05
1.110060e-05
1.106096e-05
1.110830e-05
1.108800e-05
1.104088e-05
1.107755e-05
1.108935e-05
1.106753e-05
1.106809e-05
1.107084e-05
1.109453e-05
1.113382e-05
1.107923e-05
1.110452e-05
1.107905e-05
1.109364e-05
1.108368e-05
1.108080e-05
1.102116e-05
1.108611e-05
1.108986e-05
1.109655e-05
1.113884e-05
1.103466e-05
1.107752e-05
1.106859e-05
1.103270e-05
1.104068e-05
1.110411e-05
1.105126e-05
1.108409e-05
1.109287e-05
1.110540e-05
1.113020e-05
1.104955e-05
1.106416e-05
1.107304e-05
1.109411e-05
1.108065e-05
1.108253e-05
1.104901e-05
1.109331e-05
1.112449e-05
1.112381e-05
1.106881e-05
1.107941e-05
1.108448e-05
1.107430e-05
1.107949e-05
1.109800e-05
1.108298e-05
1.109684e-05
1.107486e-05
1.107978e-05
1.103484e-05
1.109736e-05
1.107249e-05
1.109102e-05
1.108751e-05
1.111973e-05
1.108192e-05
1.115855e-05
1.109259e-05
1.105939e-05
1.114161e-05
1.105540e-05
1.104442e-05
1.113974e-05
1.114545e-05
1.104365e-05
1.106719e-05
1.110275e-05
1.103325e-05
1.110805e-05
1.104878e-05
1.101924e-05
1.108067e-05
1.105855e-05
1.110370e-05
1.106510e-05
1.108179e-05
1.110509e-05
1.103571e-05
1.110746e-05
1.104240e-05
1.108453e-05
1.108660e-05
1.106224e-05
1.112104e-05
1.110504e-05
1.110030e-05
1.109651e-05
1.106980e-05
1.109726e-05
1.109033e-05
1.108257e-05
1.109897e-05
1.103020e-05
1.106725e-05
1.112647e-05
1.109866e-05
1.108396e-05
1.105693e-05
1.104822e-05
1.114239e-05
1.106929e-05
1.107278e-05
1.107870e-05
1.110735e-05
1.109066e-05
1.111490e-05
1.106589e-05
1.105545e-05
1.112149e-05
1.104480e-05
1.111370e-05
1.106324e-05
1.108499e-05
1.106635e-05
1.104373e-05
1.108795e-05
1.107245e-05
1.108975e-05
1.109763e-05
1.107198e-05
1.107776e-05
1.108260e-05
1.109507e-05
1.104948e-05
1.111924e-05
1.105139e-05
1.108873e-05
1.106382e-05
1.109181e-05
1.109770e-05
1.110734e-05
1.112064e-05
1.106691e-05
1.106884e-05
1.109390e-05
1.104643e-05
1.113432e-05
1.104162e-05
1.114526e-05
1.106441e-05
1.105112e-05
1.110362e-05
1.105190e-05
1.107206e-05
1.110419e-05
1.111189e-05
1.107657e-05
1.106552e-05
1.107973e-05
1.110889e-05
1.105043e-05
1.108445e-05
1.106894e-05
1.107841e-05
1.110977e-05
1.111107e-05
1.109035e-05
1.105684e-05
1.110561e-05
1.107327e-05
1.109279e-05
1.107945e-05
1.108843e-05
1.108297e-05
1.108571e-05
1.106478e-05
1.108078e-05
1.115091e-05
1.105374e-05
1.104187e-05
1.104867e-05
1.102280e-05
1.110677e-05
1.107618e-05
1.107194e-05
1.107643e-05
1.103746e-05
1.106651e-05
1.109821e-05
1.110270e-05
1.111807e-05
1.107252e-05
1.108799e-05
1.106662e-05
1.106075e-05
1.112265e-05
1.107354e-05
1.108913e-05
1.114103e-05
1.115449e-05
1.106400e-05
1.114875e-05
1.106921e-05
1.109466e-05
1.109820e-05
1.105253e-05
1.102358e-05
1.107164e-05
1.109909e-05
1.106700e-05
1.106353e-05
1.109837e-05
1.111458e-05
1.112106e-05
1.107636e-05
1.107312e-05
1.108387e-05
1.107131e-05
1.112582e-05
1.111477e-05
1.107326e-05
1.110700e-05
1.109340e-05
1.108492e-05
1.105345e-05
1.112692e-05
1.106185e-05
1.109460e-05
1.108221e-05
1.109956e-05
1.105019e-05
1.104536e-05
1.113850e-05
1.110621e-05
1.106146e-05
1.106155e-05
1.111982e-05
1.109770e-05
1.113471e-05
1.111100e-05
1.111612e-05
1.112052e-05
1.106699e-05
1.104121e-05
1.107961e-05
1.108474e-05
1.109256e-05
1.104990e-05
1.107952e-05
1.104210e-05
1.104434e-05
1.106858e-05
1.107089e-05
1.108387e-05
1.110780e-05
1.109841e-05
1.110237e-05
1.107321e-05
1.107197e-05
1.104831e-05
1.108871e-05
1.110576e-05
1.110677e-05
1.101320e-05
1.106924e-05
1.108920e-05
1.107890e-05
1.108196e-05
1.108983e-05
1.107842e-05
1.101917e-05
1.108633e-05
1.103998e-05
1.104134e-05
1.102059e-05
1.110274e-05
1.108441e-05
1.113348e-05
1.110114e-05
1.106140e-05
1.112105e-05
1.105011e-05
1.108203e-05
1.106644e-05
1.106069e-05
1.109579e-05
1.104386e-05
1.108538e-05
1.112818e-05
1.104765e-05
1.109380e-05
1.105085e-05
1.108491e-05
1.107746e-05
1.107692e-05
1.112013e-05
1.107220e-05
1.105530e-05
1.111252e-05
1.109570e-05
1.106624e-05
1.101029e-05
1.112569e-05
1.112371e-05
1.109789e-05
1.106944e-05
1.111858e-05
1.108666e-05
1.112734e-05
1.104187e-05
1.109136e-05
1.108426e-05
1.104313e-05
1.105334e-05
1.106166e-05
1.104903e-05
1.110505e-05
1.111128e-05
1.105323e-05
1.108285e-05
1.102967e-05
1.108861e-05
1.108178e-05
1.107906e-05
1.103596e-05
1.107828e-05
1.110212e-05
1.105481e-05
1.104936e-05
1.107134e-05
1.110165e-05
1.108891e-05
1.105528e-05
1.110735e-05
1.115512e-05
1.112868e-05
1.108602e-05
1.104565e-05
1.113551e-05
1.104947e-05
1.110198e-05
1.108316e-05
1.111074e-05
1.105599e-05
1.105225e-05
1.111148e-05
1.106063e-05
1.109171e-05
1.106428e-05
1.108024e-05
1.109241e-05
1.107669e-05
1.103867e-05
1.108146e-05
1.111066e-05
1.110618e-05
1.105132e-05
1.107735e-05
1.111970e-05
1.107379e-05
1.107947e-05
1.102871e-05
1.105223e-05
1.104090e-05
1.109215e-05
1.105685e-05
1.111148e-05
1.109325e-05
1.108821e-05
1.111050e-05
1.107881e-05
1.108437e-05
1.107881e-05
1.116475e-05
1.109720e-05
1.105730e-05
1.107549e-05
1.108126e-05
1.110249e-05
1.102098e-05
1.102517e-05
1.107821e-05
1.109412e-05
1.111612e-05
1.110228e-05
1.112655e-05
1.105716e-05
1.102911e-05
1.112003e-05
1.109446e-05
1.107550e-05
1.108589e-05
1.108637e-05
1.108093e-05
1.103932e-05
1.105686e-05
1.107935e-05
1.110415e-05
1.109849e-05
1.109355e-05
1.109932e-05
1.108861e-05
1.108927e-05
1.107592e-05
1.107890e-05
1.110311e-05
1.104719e-05
1.108424e-05
1.111860e-05
1.104977e-05
1.106391e-05
1.106724e-05
1.108784e-05
1.106720e-05
1.113457e-05
1.103978e-05
1.108109e-05
1.106219e-05
1.108432e-05
1.108643e-05
1.103694e-05
1.111943e-05
1.107716e-05
1.106679e-05
1.109968e-05
1.102875e-05
1.108676e-05
1.110331e-05
1.104556e-05
1.110881e-05
1.109749e-05
1.103708e-05
1.106507e-05
1.106915e-05
1.105923e-05
1.105139e-05
1.110450e-05
1.111442e-05
1.106268e-05
1.111472e-05
1.102059e-05
1.103060e-05
1.106568e-05
1.107283e-05
1.111368e-05
1.105665e-05
1.102892e-05
1.109800e-05
1.105714e-05
1.109676e-05
1.112549e-05
1.108228e-05
1.103759e-05
1.107606e-05
1.107892e-05
1.109441e-05
1.112294e-05
1.101250e-05
1.108369e-05
1.106413e-05
1.103004e-05
1.102585e-05
1.113872e-05
1.107841e-05
1.105212e-05
1.111212e-05
1.109103e-05
1.106497e-05
1.108120e-05
1.110714e-05
1.111695e-05
1.110730e-05
1.107548e-05
1.105414e-05
1.107984e-05
1.108339e-05
1.109736e-05
1.110774e-05
1.102428e-05
1.108543e-05
1.103434e-05
1.108144e-05
1.106947e-05
1.107207e-05
1.106900e-05
1.105748e-05
1.107158e-05
1.108336e-05
1.111039e-05
1.104923e-05
1.103914e-05
1.110298e-05
1.115553e-05
1.110018e-05
1.105087e-05
1.107834e-05
1.107260e-05
1.103532e-05
1.108479e-05
1.108034e-05
1.105734e-05
1.110427e-05
1.105361e-05
1.113175e-05
1.107960e-05
1.106750e-05
1.109065e-05
1.106676e-05
1.104595e-05
1.107294e-05
1.112601e-05
1.111190e-05
1.111456e-05
1.109218e-05
1.107247e-05
1.106352e-05
1.109127e-05
1.113714e-05
1.103032e-05
1.106759e-05
1.107651e-05
1.106262e-05
1.106579e-05
1.106419e-05
1.105188e-05
1.107945e-05
1.105381e-05
1.102893e-05
1.105234e-05
1.112699e-05
1.108707e-05
1.106780e-05
1.110426e-05
1.104931e-05
1.111941e-05
1.103779e-05
1.109135e-05
1.107287e-05
1.108929e-05
1.109789e-05
1.105179e-05
1.110687e-05
1.107941e-05
1.106917e-05
1.100123e-05
1.101922e-05
1.109208e-05
1.108869e-05
1.108379e-05
1.108553e-05
1.106327e-05
1.107328e-05
1.105433e-05
1.110678e-05
1.107496e-05
1.107294e-05
1.105187e-05
1.107224e-05
1.104847e-05
1.107895e-05
1.107373e-05
1.110962e-05
1.107609e-05
1.110362e-05
1.111186e-05
1.108280e-05
1.110825e-05
1.105071e-05
1.108627e-05
1.110206e-05
1.109047e-05
1.106082e-05
1.108490e-05
1.105734e-05
1.104812e-05
1.111030e-05
1.105900e-05
1.108363e-05
1.113138e-05
1.105234e-05
1.105695e-05
1.106128e-05
1.108600e-05
1.110818e-05
1.107591e-05
1.108791e-05
1.108176e-05
1.106980e-05
1.110418e-05
1.105960e-05
1.112728e-05
1.105269e-05
1.111860e-05
1.106159e-05
1.103730e-05
1.113350e-05
1.105435e-05
1.106183e-05
1.104774e-05
1.103827e-05
1.104214e-05
1.111360e-05
1.109814e-05
1.110624e-05
1.110373e-05
1.110279e-05
1.109362e-05
1.108878e-05
1.104586e-05
1.107677e-05
1.105603e-05
1.105852e-05
1.110221e-05
1.109925e-05
1.109745e-05
1.108242e-05
1.107892e-05
1.108037e-05
1.105628e-05
1.113937e-05
1.105478e-05
1.114094e-05
1.105603e-05
1.108576e-05
1.111646e-05
1.106068e-05
1.110063e-05
1.106441e-05
1.105971e-05
1.105176e-05
1.107529e-05
1.106409e-05
1.105177e-05
1.111276e-05
1.105783e-05
1.107225e-05
1.104692e-05
1.103380e-05
1.110307e-05
1.106366e-05
1.105510e-05
1.108265e-05
1.107887e-05
1.110904e-05
1.105569e-05
1.106385e-05
1.104576e-05
1.110765e-05
1.104499e-05
1.103356e-05
1.105447e-05
1.108304e-05
1.113230e-05
1.107452e-05
1.106594e-05
1.107950e-05
1.109823e-05
1.109031e-05
1.111945e-05
1.112150e-05
1.105671e-05
1.102928e-05
1.106452e-05
1.105257e-05
1.108515e-05
1.108561e-05
1.110929e-05
1.103535e-05
1.108778e-05
1.104821e-05
1.108343e-05
1.109735e-05
1.106155e-05
1.113499e-05
1.110481e-05
1.108160e-05
1.113387e-05
1.105932e-05
1.108686e-05
1.105038e-05
1.107713e-05
1.105725e-05
1.108680e-05
1.112049e-05
1.109228e-05
1.105720e-05
1.108787e-05
1.103850e-05
1.112013e-05
1.107916e-05
1.103677e-05
1.107967e-05
1.105301e-05
1.106513e-05
1.103315e-05
1.102097e-05
1.109711e-05
1.106531e-05
1.105250e-05
1.102560e-05
1.113246e-05
1.109349e-05
1.111263e-05
1.109768e-05
1.101867e-05
1.104779e-05
1.105672e-05
1.102406e-05
1.116704e-05
1.104039e-05
1.107600e-05
1.106201e-05
1.104884e-05
1.108742e-05
1.109616e-05
1.107511e-05
1.106382e-05
1.103050e-05
1.106261e-05
1.108099e-05
1.102511e-05
1.107006e-05
1.104956e-05
