# Rustico's pk normalizations for complete mocks from 1 to 1000 of NGC
1.808019e+00
1.804096e+00
1.804038e+00
1.812742e+00
1.800016e+00
1.812149e+00
1.808708e+00
1.809779e+00
1.811632e+00
1.806959e+00
1.806933e+00
1.805277e+00
1.801134e+00
1.805013e+00
1.805482e+00
1.806081e+00
1.807215e+00
1.805792e+00
1.807911e+00
1.807407e+00
1.809104e+00
1.807934e+00
1.803466e+00
1.805132e+00
1.814854e+00
1.808507e+00
1.806044e+00
1.802270e+00
1.814656e+00
1.810094e+00
1.806497e+00
1.811381e+00
1.809197e+00
1.807779e+00
1.803430e+00
1.804908e+00
1.807016e+00
1.811035e+00
1.801068e+00
1.797914e+00
1.804045e+00
1.811761e+00
1.811434e+00
1.812265e+00
1.806617e+00
1.813907e+00
1.810346e+00
1.808019e+00
1.806833e+00
1.807118e+00
1.800701e+00
1.805731e+00
1.809086e+00
1.803538e+00
1.804970e+00
1.808788e+00
1.808410e+00
1.805213e+00
1.807531e+00
1.808901e+00
1.816953e+00
1.807072e+00
1.814269e+00
1.811748e+00
1.802033e+00
1.803673e+00
1.807809e+00
1.802650e+00
1.807209e+00
1.801030e+00
1.803917e+00
1.808998e+00
1.811461e+00
1.809700e+00
1.812205e+00
1.805023e+00
1.806770e+00
1.807916e+00
1.806535e+00
1.809505e+00
1.813565e+00
1.808244e+00
1.809996e+00
1.810985e+00
1.806800e+00
1.803206e+00
1.805402e+00
1.809354e+00
1.800043e+00
1.806386e+00
1.805783e+00
1.810071e+00
1.803201e+00
1.807000e+00
1.806206e+00
1.806855e+00
1.808967e+00
1.808533e+00
1.805018e+00
1.810405e+00
1.808070e+00
1.811566e+00
1.804338e+00
1.803563e+00
1.810674e+00
1.812225e+00
1.805543e+00
1.811432e+00
1.813237e+00
1.807297e+00
1.805948e+00
1.810008e+00
1.815453e+00
1.810974e+00
1.801691e+00
1.809564e+00
1.806100e+00
1.812413e+00
1.807599e+00
1.808525e+00
1.805305e+00
1.799306e+00
1.810249e+00
1.808290e+00
1.804711e+00
1.808040e+00
1.805657e+00
1.807003e+00
1.803916e+00
1.803619e+00
1.806870e+00
1.805440e+00
1.805780e+00
1.809707e+00
1.811626e+00
1.806811e+00
1.799991e+00
1.814090e+00
1.803757e+00
1.804579e+00
1.807089e+00
1.808793e+00
1.809035e+00
1.806774e+00
1.804340e+00
1.806622e+00
1.812713e+00
1.815175e+00
1.810487e+00
1.811077e+00
1.809192e+00
1.802692e+00
1.799359e+00
1.814590e+00
1.808662e+00
1.803942e+00
1.806146e+00
1.813566e+00
1.810444e+00
1.803171e+00
1.806534e+00
1.807559e+00
1.802556e+00
1.807519e+00
1.809341e+00
1.805129e+00
1.816705e+00
1.808560e+00
1.811833e+00
1.806483e+00
1.807013e+00
1.802598e+00
1.805342e+00
1.808734e+00
1.809250e+00
1.804284e+00
1.811553e+00
1.802439e+00
1.808547e+00
1.812017e+00
1.815339e+00
1.810112e+00
1.812790e+00
1.809879e+00
1.806300e+00
1.801376e+00
1.809073e+00
1.809643e+00
1.810381e+00
1.802020e+00
1.807331e+00
1.808717e+00
1.805408e+00
1.805042e+00
1.799961e+00
1.806025e+00
1.811936e+00
1.804345e+00
1.804120e+00
1.806143e+00
1.810619e+00
1.802064e+00
1.802473e+00
1.811641e+00
1.808068e+00
1.806207e+00
1.810776e+00
1.804808e+00
1.808227e+00
1.806894e+00
1.815664e+00
1.804157e+00
1.806692e+00
1.812919e+00
1.809011e+00
1.795219e+00
1.808917e+00
1.800952e+00
1.809503e+00
1.813905e+00
1.803269e+00
1.809077e+00
1.810014e+00
1.811728e+00
1.806778e+00
1.812940e+00
1.802702e+00
1.806232e+00
1.806534e+00
1.806768e+00
1.810666e+00
1.806869e+00
1.801695e+00
1.808769e+00
1.806880e+00
1.800565e+00
1.806140e+00
1.815934e+00
1.810584e+00
1.809760e+00
1.811161e+00
1.805768e+00
1.811335e+00
1.807567e+00
1.807803e+00
1.803333e+00
1.805856e+00
1.802957e+00
1.809713e+00
1.801157e+00
1.814832e+00
1.809844e+00
1.809621e+00
1.804932e+00
1.808386e+00
1.804576e+00
1.805515e+00
1.807398e+00
1.806618e+00
1.806095e+00
1.809988e+00
1.813078e+00
1.810837e+00
1.812870e+00
1.803459e+00
1.811918e+00
1.807117e+00
1.809502e+00
1.811115e+00
1.811012e+00
1.804334e+00
1.811446e+00
1.807782e+00
1.804561e+00
1.803327e+00
1.804295e+00
1.809824e+00
1.805233e+00
1.803637e+00
1.805520e+00
1.804883e+00
1.804404e+00
1.811027e+00
1.805669e+00
1.812681e+00
1.811616e+00
1.803585e+00
1.807663e+00
1.804288e+00
1.810012e+00
1.812062e+00
1.809616e+00
1.807888e+00
1.811557e+00
1.806963e+00
1.808278e+00
1.803857e+00
1.807948e+00
1.811408e+00
1.805321e+00
1.807591e+00
1.807596e+00
1.802207e+00
1.808325e+00
1.809130e+00
1.806759e+00
1.804940e+00
1.806719e+00
1.806092e+00
1.808403e+00
1.801016e+00
1.809970e+00
1.802869e+00
1.809000e+00
1.803059e+00
1.815359e+00
1.805995e+00
1.806204e+00
1.805704e+00
1.809167e+00
1.808652e+00
1.815552e+00
1.809885e+00
1.805777e+00
1.806087e+00
1.812211e+00
1.808370e+00
1.811133e+00
1.805937e+00
1.803606e+00
1.809497e+00
1.805053e+00
1.809382e+00
1.805935e+00
1.810573e+00
1.807354e+00
1.815760e+00
1.810714e+00
1.802164e+00
1.804720e+00
1.801043e+00
1.812452e+00
1.807788e+00
1.806117e+00
1.809937e+00
1.810519e+00
1.799546e+00
1.802473e+00
1.804919e+00
1.805683e+00
1.810284e+00
1.808413e+00
1.811996e+00
1.806964e+00
1.805052e+00
1.804665e+00
1.803374e+00
1.811643e+00
1.803999e+00
1.806065e+00
1.808406e+00
1.802791e+00
1.810812e+00
1.805359e+00
1.810672e+00
1.810767e+00
1.802982e+00
1.810820e+00
1.803380e+00
1.804419e+00
1.800075e+00
1.807882e+00
1.804650e+00
1.806949e+00
1.804011e+00
1.811312e+00
1.815981e+00
1.804872e+00
1.807507e+00
1.802569e+00
1.810405e+00
1.804161e+00
1.810119e+00
1.811607e+00
1.809545e+00
1.801843e+00
1.808072e+00
1.804771e+00
1.813841e+00
1.807551e+00
1.805329e+00
1.810333e+00
1.812440e+00
1.811111e+00
1.807976e+00
1.802832e+00
1.804785e+00
1.808114e+00
1.811749e+00
1.803916e+00
1.807291e+00
1.806010e+00
1.806064e+00
1.808048e+00
1.811789e+00
1.807254e+00
1.807730e+00
1.809885e+00
1.811722e+00
1.808085e+00
1.807685e+00
1.808300e+00
1.799604e+00
1.810596e+00
1.811154e+00
1.812441e+00
1.800173e+00
1.802512e+00
1.805696e+00
1.805459e+00
1.807851e+00
1.804497e+00
1.806144e+00
1.800777e+00
1.799034e+00
1.807236e+00
1.809139e+00
1.806972e+00
1.807244e+00
1.809390e+00
1.810792e+00
1.803793e+00
1.810695e+00
1.808857e+00
1.813186e+00
1.806125e+00
1.809993e+00
1.807205e+00
1.802783e+00
1.807022e+00
1.803905e+00
1.808179e+00
1.810106e+00
1.808239e+00
1.804644e+00
1.807765e+00
1.803200e+00
1.810237e+00
1.800090e+00
1.809782e+00
1.807128e+00
1.810279e+00
1.808083e+00
1.807076e+00
1.812623e+00
1.809556e+00
1.805028e+00
1.802294e+00
1.812200e+00
1.807489e+00
1.807692e+00
1.805267e+00
1.814358e+00
1.810905e+00
1.809081e+00
1.805218e+00
1.808831e+00
1.805941e+00
1.810185e+00
1.807060e+00
1.801299e+00
1.805731e+00
1.813639e+00
1.804518e+00
1.807635e+00
1.802470e+00
1.810959e+00
1.803822e+00
1.809778e+00
1.806630e+00
1.803045e+00
1.807097e+00
1.799725e+00
1.809218e+00
1.804816e+00
1.814303e+00
1.807363e+00
1.801363e+00
1.804974e+00
1.805595e+00
1.801458e+00
1.811887e+00
1.807950e+00
1.802856e+00
1.803136e+00
1.804594e+00
1.804321e+00
1.800770e+00
1.807757e+00
1.817813e+00
1.806868e+00
1.814443e+00
1.802230e+00
1.810813e+00
1.805225e+00
1.800515e+00
1.809274e+00
1.806683e+00
1.805537e+00
1.806975e+00
1.811323e+00
1.805851e+00
1.815468e+00
1.800135e+00
1.808271e+00
1.812193e+00
1.807930e+00
1.811126e+00
1.809442e+00
1.811946e+00
1.806822e+00
1.807680e+00
1.806075e+00
1.804430e+00
1.806036e+00
1.805855e+00
1.813058e+00
1.804999e+00
1.806403e+00
1.801689e+00
1.809640e+00
1.803550e+00
1.804879e+00
1.806486e+00
1.807273e+00
1.803235e+00
1.807361e+00
1.813700e+00
1.804487e+00
1.810018e+00
1.806375e+00
1.808032e+00
1.806620e+00
1.809523e+00
1.805191e+00
1.812494e+00
1.803989e+00
1.806377e+00
1.811871e+00
1.810000e+00
1.811292e+00
1.812792e+00
1.806042e+00
1.808072e+00
1.812877e+00
1.802928e+00
1.800019e+00
1.815308e+00
1.802801e+00
1.810815e+00
1.808806e+00
1.810515e+00
1.810349e+00
1.816234e+00
1.814163e+00
1.806949e+00
1.812886e+00
1.808804e+00
1.805808e+00
1.802621e+00
1.807682e+00
1.804496e+00
1.806967e+00
1.814631e+00
1.808288e+00
1.808129e+00
1.800623e+00
1.807100e+00
1.808270e+00
1.808124e+00
1.812323e+00
1.807636e+00
1.811156e+00
1.807168e+00
1.807799e+00
1.809668e+00
1.809599e+00
1.810630e+00
1.811746e+00
1.805802e+00
1.803997e+00
1.802803e+00
1.805257e+00
1.807504e+00
1.800829e+00
1.801067e+00
1.805502e+00
1.809473e+00
1.809494e+00
1.808459e+00
1.808385e+00
1.804299e+00
1.811059e+00
1.799122e+00
1.806832e+00
1.811167e+00
1.805248e+00
1.799139e+00
1.800795e+00
1.806258e+00
1.811010e+00
1.808891e+00
1.812524e+00
1.806166e+00
1.808276e+00
1.811603e+00
1.811833e+00
1.811634e+00
1.808665e+00
1.803388e+00
1.803399e+00
1.807711e+00
1.808650e+00
1.810259e+00
1.805300e+00
1.816064e+00
1.808743e+00
1.804516e+00
1.807122e+00
1.812907e+00
1.807618e+00
1.806400e+00
1.810492e+00
1.801687e+00
1.810968e+00
1.807865e+00
1.806858e+00
1.808896e+00
1.803784e+00
1.802919e+00
1.806922e+00
1.806771e+00
1.803999e+00
1.807827e+00
1.812018e+00
1.808706e+00
1.807537e+00
1.805904e+00
1.808158e+00
1.809922e+00
1.806678e+00
1.800219e+00
1.812476e+00
1.808642e+00
1.804325e+00
1.815686e+00
1.812992e+00
1.799047e+00
1.804219e+00
1.805007e+00
1.811050e+00
1.811940e+00
1.799866e+00
1.809938e+00
1.807787e+00
1.810624e+00
1.808530e+00
1.808571e+00
1.806489e+00
1.806391e+00
1.808588e+00
1.820729e+00
1.807780e+00
1.810597e+00
1.807447e+00
1.802379e+00
1.808967e+00
1.811319e+00
1.806121e+00
1.807409e+00
1.811642e+00
1.806559e+00
1.807924e+00
1.808272e+00
1.810300e+00
1.799485e+00
1.808011e+00
1.805024e+00
1.806474e+00
1.807132e+00
1.802171e+00
1.807216e+00
1.803540e+00
1.809027e+00
1.813145e+00
1.799466e+00
1.800559e+00
1.809754e+00
1.809983e+00
1.806330e+00
1.810099e+00
1.813657e+00
1.805002e+00
1.810643e+00
1.804451e+00
1.811538e+00
1.806881e+00
1.810129e+00
1.812023e+00
1.804824e+00
1.804680e+00
1.806080e+00
1.813648e+00
1.809243e+00
1.805547e+00
1.808044e+00
1.806353e+00
1.806737e+00
1.805868e+00
1.808927e+00
1.809193e+00
1.807257e+00
1.818074e+00
1.808924e+00
1.804287e+00
1.813691e+00
1.815085e+00
1.802080e+00
1.806059e+00
1.803787e+00
1.810486e+00
1.811895e+00
1.802675e+00
1.803435e+00
1.813971e+00
1.807524e+00
1.811107e+00
1.800693e+00
1.807010e+00
1.808361e+00
1.806923e+00
1.803032e+00
1.813361e+00
1.808537e+00
1.810055e+00
1.810371e+00
1.812627e+00
1.812720e+00
1.812080e+00
1.804709e+00
1.803338e+00
1.809656e+00
1.805176e+00
1.812323e+00
1.811879e+00
1.799427e+00
1.808773e+00
1.799955e+00
1.809367e+00
1.805958e+00
1.811254e+00
1.806110e+00
1.811722e+00
1.810748e+00
1.811149e+00
1.813230e+00
1.808489e+00
1.804977e+00
1.801099e+00
1.805713e+00
1.806906e+00
1.807005e+00
1.803091e+00
1.810117e+00
1.807425e+00
1.807240e+00
1.813138e+00
1.811997e+00
1.808074e+00
1.811816e+00
1.804162e+00
1.809173e+00
1.801389e+00
1.805648e+00
1.809675e+00
1.805444e+00
1.811863e+00
1.808008e+00
1.805117e+00
1.807027e+00
1.804563e+00
1.803889e+00
1.805852e+00
1.810364e+00
1.807980e+00
1.807427e+00
1.802655e+00
1.809864e+00
1.808206e+00
1.801987e+00
1.812313e+00
1.802679e+00
1.809978e+00
1.809033e+00
1.810459e+00
1.812090e+00
1.803320e+00
1.804284e+00
1.804867e+00
1.804802e+00
1.811791e+00
1.804510e+00
1.807376e+00
1.803640e+00
1.812998e+00
1.811332e+00
1.809494e+00
1.806284e+00
1.805454e+00
1.809481e+00
1.812316e+00
1.815494e+00
1.807809e+00
1.806315e+00
1.811385e+00
1.807982e+00
1.806604e+00
1.808956e+00
1.808434e+00
1.800613e+00
1.810861e+00
1.803153e+00
1.807790e+00
1.804880e+00
1.804418e+00
1.812931e+00
1.807949e+00
1.812297e+00
1.807723e+00
1.809222e+00
1.804298e+00
1.811199e+00
1.808554e+00
1.811999e+00
1.810745e+00
1.811152e+00
1.808351e+00
1.803432e+00
1.807470e+00
1.810247e+00
1.814721e+00
1.805486e+00
1.809396e+00
1.804395e+00
1.798678e+00
1.805391e+00
1.806455e+00
1.808449e+00
1.806686e+00
1.806362e+00
1.815413e+00
1.801509e+00
1.815148e+00
1.800816e+00
1.808841e+00
1.802267e+00
1.810511e+00
1.804999e+00
1.813176e+00
1.805813e+00
1.809588e+00
1.810974e+00
1.806738e+00
1.811053e+00
1.810967e+00
1.803977e+00
1.804578e+00
1.812375e+00
1.809713e+00
1.804890e+00
1.808786e+00
1.803174e+00
1.810705e+00
1.805811e+00
1.801228e+00
1.807045e+00
1.812489e+00
1.810139e+00
1.809528e+00
1.804589e+00
1.807211e+00
1.804993e+00
1.812269e+00
1.804898e+00
1.808313e+00
1.805168e+00
1.809491e+00
1.807228e+00
1.813070e+00
1.812089e+00
1.805510e+00
1.805473e+00
1.804457e+00
1.811036e+00
1.808092e+00
1.800833e+00
1.800557e+00
1.807325e+00
1.809106e+00
1.810378e+00
1.806900e+00
1.805100e+00
1.803963e+00
1.805909e+00
1.806614e+00
1.809598e+00
1.810602e+00
1.807950e+00
1.810577e+00
1.809120e+00
1.804410e+00
1.807406e+00
1.806619e+00
1.808243e+00
1.805918e+00
1.812892e+00
1.806586e+00
1.810313e+00
1.805300e+00
1.807332e+00
1.806628e+00
1.807396e+00
1.804213e+00
1.804206e+00
1.800508e+00
1.807709e+00
1.815921e+00
1.805304e+00
1.799537e+00
1.805733e+00
1.809589e+00
1.803985e+00
1.808483e+00
1.806498e+00
1.812258e+00
1.803302e+00
1.806391e+00
1.804166e+00
1.808817e+00
1.798558e+00
1.814079e+00
1.808563e+00
1.804272e+00
1.806593e+00
1.815283e+00
1.808680e+00
1.806239e+00
1.808114e+00
1.802581e+00
1.801645e+00
1.809698e+00
1.799539e+00
1.809595e+00
1.804709e+00
1.810247e+00
1.804243e+00
1.803746e+00
1.806297e+00
1.807296e+00
1.806851e+00
1.807997e+00
1.812391e+00
1.804705e+00
1.805075e+00
1.802686e+00
1.814214e+00
1.806593e+00
1.803195e+00
1.812844e+00
1.807755e+00
1.810383e+00
1.809218e+00
1.802792e+00
1.808116e+00
1.806381e+00
1.807419e+00
1.810036e+00
1.809121e+00
1.803700e+00
1.803252e+00
1.810822e+00
1.809278e+00
1.812094e+00
1.807535e+00
1.809910e+00
1.814305e+00
1.804766e+00
1.807188e+00
1.811345e+00
1.806975e+00
