# Rustico's pk normalizations for complete mocks from 1 to 1000 of SGC
1.028569e+00
1.022555e+00
1.028431e+00
1.029509e+00
1.022237e+00
1.027887e+00
1.027286e+00
1.024803e+00
1.029053e+00
1.031226e+00
1.028889e+00
1.028454e+00
1.027806e+00
1.031030e+00
1.028203e+00
1.026407e+00
1.030232e+00
1.027053e+00
1.027645e+00
1.027430e+00
1.030889e+00
1.028136e+00
1.024983e+00
1.027189e+00
1.022918e+00
1.026320e+00
1.028393e+00
1.030459e+00
1.034135e+00
1.028233e+00
1.032516e+00
1.027926e+00
1.031510e+00
1.023874e+00
1.028410e+00
1.024564e+00
1.022418e+00
1.032000e+00
1.028765e+00
1.030326e+00
1.027646e+00
1.028882e+00
1.025525e+00
1.027642e+00
1.027329e+00
1.030997e+00
1.033805e+00
1.027376e+00
1.028946e+00
1.027034e+00
1.032369e+00
1.026814e+00
1.029311e+00
1.032826e+00
1.028697e+00
1.028251e+00
1.029486e+00
1.025803e+00
1.025929e+00
1.023022e+00
1.028426e+00
1.032097e+00
1.029059e+00
1.031224e+00
1.022724e+00
1.025454e+00
1.023434e+00
1.028328e+00
1.030954e+00
1.025386e+00
1.027823e+00
1.028957e+00
1.028553e+00
1.031805e+00
1.033269e+00
1.027077e+00
1.027563e+00
1.029322e+00
1.030120e+00
1.029179e+00
1.033500e+00
1.030914e+00
1.026453e+00
1.023448e+00
1.030771e+00
1.024471e+00
1.029544e+00
1.029003e+00
1.026798e+00
1.024594e+00
1.025102e+00
1.026483e+00
1.026798e+00
1.029940e+00
1.024121e+00
1.024796e+00
1.031660e+00
1.032208e+00
1.026322e+00
1.026855e+00
1.028217e+00
1.027982e+00
1.027453e+00
1.027899e+00
1.024966e+00
1.026865e+00
1.023875e+00
1.027910e+00
1.026427e+00
1.029265e+00
1.025155e+00
1.031545e+00
1.026766e+00
1.025266e+00
1.028223e+00
1.027202e+00
1.026113e+00
1.024831e+00
1.031299e+00
1.032568e+00
1.029230e+00
1.027265e+00
1.028827e+00
1.027446e+00
1.024227e+00
1.025699e+00
1.027394e+00
1.027990e+00
1.028237e+00
1.029751e+00
1.034039e+00
1.025675e+00
1.026848e+00
1.026230e+00
1.023214e+00
1.024971e+00
1.026871e+00
1.029468e+00
1.031723e+00
1.023500e+00
1.025002e+00
1.028557e+00
1.026943e+00
1.028720e+00
1.030402e+00
1.027633e+00
1.026952e+00
1.032634e+00
1.034424e+00
1.023958e+00
1.025452e+00
1.029213e+00
1.022863e+00
1.026045e+00
1.025938e+00
1.027921e+00
1.029292e+00
1.024987e+00
1.029386e+00
1.030016e+00
1.030406e+00
1.030583e+00
1.025536e+00
1.023003e+00
1.025433e+00
1.028430e+00
1.027649e+00
1.029117e+00
1.028829e+00
1.026287e+00
1.028376e+00
1.028754e+00
1.027212e+00
1.024479e+00
1.032321e+00
1.023837e+00
1.026917e+00
1.029075e+00
1.026389e+00
1.028283e+00
1.025832e+00
1.028506e+00
1.033340e+00
1.028537e+00
1.034471e+00
1.031686e+00
1.029705e+00
1.022267e+00
1.031863e+00
1.026229e+00
1.030137e+00
1.031831e+00
1.031666e+00
1.028253e+00
1.032156e+00
1.024851e+00
1.025028e+00
1.026275e+00
1.025662e+00
1.027573e+00
1.025675e+00
1.030249e+00
1.029012e+00
1.031852e+00
1.026904e+00
1.034064e+00
1.027855e+00
1.028435e+00
1.028962e+00
1.029554e+00
1.022743e+00
1.028087e+00
1.024460e+00
1.026866e+00
1.025855e+00
1.028272e+00
1.023941e+00
1.027568e+00
1.027943e+00
1.030013e+00
1.029841e+00
1.027101e+00
1.033811e+00
1.028928e+00
1.032026e+00
1.027511e+00
1.031113e+00
1.027687e+00
1.025104e+00
1.030670e+00
1.026564e+00
1.026060e+00
1.027151e+00
1.027974e+00
1.024834e+00
1.025229e+00
1.026632e+00
1.026735e+00
1.031799e+00
1.029068e+00
1.029598e+00
1.022343e+00
1.026494e+00
1.024964e+00
1.027880e+00
1.027506e+00
1.029020e+00
1.025285e+00
1.031329e+00
1.033277e+00
1.030531e+00
1.031469e+00
1.028984e+00
1.028754e+00
1.024626e+00
1.029774e+00
1.026145e+00
1.025879e+00
1.026196e+00
1.027321e+00
1.026624e+00
1.030863e+00
1.026229e+00
1.027994e+00
1.025863e+00
1.028754e+00
1.028670e+00
1.024689e+00
1.027153e+00
1.027442e+00
1.024457e+00
1.023586e+00
1.031948e+00
1.027096e+00
1.025763e+00
1.025026e+00
1.029458e+00
1.026036e+00
1.027782e+00
1.025032e+00
1.027550e+00
1.032308e+00
1.029791e+00
1.026114e+00
1.030505e+00
1.028622e+00
1.024251e+00
1.027653e+00
1.028747e+00
1.026724e+00
1.026775e+00
1.027030e+00
1.029228e+00
1.032873e+00
1.027809e+00
1.030155e+00
1.027792e+00
1.029145e+00
1.028221e+00
1.027954e+00
1.022422e+00
1.028447e+00
1.028794e+00
1.029416e+00
1.033339e+00
1.023674e+00
1.027650e+00
1.026821e+00
1.023492e+00
1.024233e+00
1.030117e+00
1.025213e+00
1.028260e+00
1.029074e+00
1.030236e+00
1.032537e+00
1.025055e+00
1.026411e+00
1.027234e+00
1.029189e+00
1.027940e+00
1.028114e+00
1.025005e+00
1.029115e+00
1.032008e+00
1.031944e+00
1.026842e+00
1.027825e+00
1.028296e+00
1.027351e+00
1.027833e+00
1.029550e+00
1.028157e+00
1.029443e+00
1.027403e+00
1.027860e+00
1.023690e+00
1.029490e+00
1.027184e+00
1.028902e+00
1.028576e+00
1.031566e+00
1.028058e+00
1.035167e+00
1.029048e+00
1.025968e+00
1.033596e+00
1.025598e+00
1.024579e+00
1.033422e+00
1.033952e+00
1.024507e+00
1.026692e+00
1.029991e+00
1.023543e+00
1.030482e+00
1.024984e+00
1.022243e+00
1.027943e+00
1.025890e+00
1.030079e+00
1.026498e+00
1.028046e+00
1.030208e+00
1.023771e+00
1.030428e+00
1.024392e+00
1.028300e+00
1.028493e+00
1.026233e+00
1.031687e+00
1.030203e+00
1.029763e+00
1.029411e+00
1.026934e+00
1.029481e+00
1.028838e+00
1.028118e+00
1.029640e+00
1.023260e+00
1.026697e+00
1.032191e+00
1.029612e+00
1.028247e+00
1.025740e+00
1.024932e+00
1.033668e+00
1.026887e+00
1.027210e+00
1.027759e+00
1.030418e+00
1.028869e+00
1.031118e+00
1.026571e+00
1.025603e+00
1.031729e+00
1.024615e+00
1.031007e+00
1.026325e+00
1.028343e+00
1.026614e+00
1.024515e+00
1.028618e+00
1.027180e+00
1.028784e+00
1.029515e+00
1.027136e+00
1.027672e+00
1.028121e+00
1.029278e+00
1.025049e+00
1.031520e+00
1.025226e+00
1.028689e+00
1.026379e+00
1.028976e+00
1.029522e+00
1.030417e+00
1.031650e+00
1.026666e+00
1.026845e+00
1.029169e+00
1.024766e+00
1.032919e+00
1.024320e+00
1.033934e+00
1.026434e+00
1.025201e+00
1.030071e+00
1.025273e+00
1.027143e+00
1.030124e+00
1.030839e+00
1.027562e+00
1.026537e+00
1.027855e+00
1.030560e+00
1.025137e+00
1.028293e+00
1.026854e+00
1.027733e+00
1.030641e+00
1.030763e+00
1.028841e+00
1.025732e+00
1.030256e+00
1.027256e+00
1.029067e+00
1.027829e+00
1.028662e+00
1.028155e+00
1.028410e+00
1.026468e+00
1.027952e+00
1.034458e+00
1.025444e+00
1.024343e+00
1.024973e+00
1.022574e+00
1.030363e+00
1.027525e+00
1.027132e+00
1.027549e+00
1.023934e+00
1.026629e+00
1.029569e+00
1.029986e+00
1.031412e+00
1.027186e+00
1.028621e+00
1.026639e+00
1.026094e+00
1.031837e+00
1.027281e+00
1.028727e+00
1.033542e+00
1.034791e+00
1.026395e+00
1.034258e+00
1.026879e+00
1.029240e+00
1.029568e+00
1.025332e+00
1.022646e+00
1.027105e+00
1.029651e+00
1.026674e+00
1.026352e+00
1.029584e+00
1.031088e+00
1.031689e+00
1.027542e+00
1.027242e+00
1.028239e+00
1.027074e+00
1.032131e+00
1.031106e+00
1.027255e+00
1.030385e+00
1.029123e+00
1.028336e+00
1.025417e+00
1.032232e+00
1.026196e+00
1.029235e+00
1.028085e+00
1.029694e+00
1.025114e+00
1.024667e+00
1.033307e+00
1.030311e+00
1.026160e+00
1.026169e+00
1.031574e+00
1.029522e+00
1.032956e+00
1.030756e+00
1.031231e+00
1.031639e+00
1.026673e+00
1.024282e+00
1.027844e+00
1.028320e+00
1.029045e+00
1.025088e+00
1.027835e+00
1.024364e+00
1.024572e+00
1.026821e+00
1.027035e+00
1.028239e+00
1.030459e+00
1.029588e+00
1.029956e+00
1.027250e+00
1.027135e+00
1.024940e+00
1.028688e+00
1.030270e+00
1.030363e+00
1.021683e+00
1.026882e+00
1.028733e+00
1.027778e+00
1.028062e+00
1.028792e+00
1.027733e+00
1.022237e+00
1.028467e+00
1.024168e+00
1.024294e+00
1.022369e+00
1.029990e+00
1.028289e+00
1.032842e+00
1.029841e+00
1.026155e+00
1.031688e+00
1.025108e+00
1.028069e+00
1.026622e+00
1.026089e+00
1.029345e+00
1.024527e+00
1.028379e+00
1.032350e+00
1.024879e+00
1.029160e+00
1.025176e+00
1.028336e+00
1.027644e+00
1.027594e+00
1.031603e+00
1.027156e+00
1.025589e+00
1.030897e+00
1.029337e+00
1.026604e+00
1.021413e+00
1.032119e+00
1.031935e+00
1.029539e+00
1.026901e+00
1.031459e+00
1.028498e+00
1.032272e+00
1.024342e+00
1.028934e+00
1.028275e+00
1.024460e+00
1.025407e+00
1.026179e+00
1.025007e+00
1.030203e+00
1.030782e+00
1.025397e+00
1.028145e+00
1.023211e+00
1.028678e+00
1.028045e+00
1.027793e+00
1.023794e+00
1.027721e+00
1.029932e+00
1.025543e+00
1.025037e+00
1.027076e+00
1.029889e+00
1.028707e+00
1.025587e+00
1.030417e+00
1.034849e+00
1.032396e+00
1.028438e+00
1.024694e+00
1.033029e+00
1.025048e+00
1.029919e+00
1.028173e+00
1.030731e+00
1.025652e+00
1.025306e+00
1.030800e+00
1.026083e+00
1.028967e+00
1.026422e+00
1.027902e+00
1.029032e+00
1.027573e+00
1.024046e+00
1.028015e+00
1.030724e+00
1.030309e+00
1.025219e+00
1.027634e+00
1.031563e+00
1.027304e+00
1.027831e+00
1.023122e+00
1.025304e+00
1.024253e+00
1.029007e+00
1.025732e+00
1.030801e+00
1.029109e+00
1.028641e+00
1.030709e+00
1.027769e+00
1.028286e+00
1.027770e+00
1.035743e+00
1.029475e+00
1.025774e+00
1.027461e+00
1.027997e+00
1.029966e+00
1.022405e+00
1.022794e+00
1.027714e+00
1.029190e+00
1.031231e+00
1.029947e+00
1.032199e+00
1.025761e+00
1.023159e+00
1.031594e+00
1.029221e+00
1.027462e+00
1.028426e+00
1.028471e+00
1.027967e+00
1.024106e+00
1.025733e+00
1.027820e+00
1.030120e+00
1.029595e+00
1.029137e+00
1.029672e+00
1.028678e+00
1.028740e+00
1.027501e+00
1.027778e+00
1.030024e+00
1.024837e+00
1.028273e+00
1.031460e+00
1.025075e+00
1.026387e+00
1.026696e+00
1.028608e+00
1.026693e+00
1.032943e+00
1.024149e+00
1.027981e+00
1.026228e+00
1.028280e+00
1.028477e+00
1.023885e+00
1.031538e+00
1.027616e+00
1.026655e+00
1.029706e+00
1.023126e+00
1.028507e+00
1.030042e+00
1.024685e+00
1.030553e+00
1.029502e+00
1.023899e+00
1.026495e+00
1.026874e+00
1.025953e+00
1.025226e+00
1.030153e+00
1.031073e+00
1.026274e+00
1.031101e+00
1.022369e+00
1.023298e+00
1.026551e+00
1.027215e+00
1.031004e+00
1.025714e+00
1.023142e+00
1.029550e+00
1.025759e+00
1.029435e+00
1.032100e+00
1.028092e+00
1.023946e+00
1.027514e+00
1.027779e+00
1.029217e+00
1.031864e+00
1.021618e+00
1.028222e+00
1.026408e+00
1.023245e+00
1.022856e+00
1.033327e+00
1.027732e+00
1.025293e+00
1.030860e+00
1.028903e+00
1.026486e+00
1.027991e+00
1.030398e+00
1.031308e+00
1.030412e+00
1.027461e+00
1.025481e+00
1.027865e+00
1.028194e+00
1.029490e+00
1.030454e+00
1.022711e+00
1.028384e+00
1.023644e+00
1.028014e+00
1.026904e+00
1.027144e+00
1.026860e+00
1.025791e+00
1.027099e+00
1.028192e+00
1.030699e+00
1.025025e+00
1.024089e+00
1.030012e+00
1.034887e+00
1.029752e+00
1.025178e+00
1.027726e+00
1.027194e+00
1.023735e+00
1.028325e+00
1.027912e+00
1.025778e+00
1.030131e+00
1.025432e+00
1.032681e+00
1.027843e+00
1.026720e+00
1.028868e+00
1.026652e+00
1.024722e+00
1.027225e+00
1.032149e+00
1.030839e+00
1.031086e+00
1.029010e+00
1.027182e+00
1.026351e+00
1.028926e+00
1.033180e+00
1.023271e+00
1.026729e+00
1.027556e+00
1.026267e+00
1.026562e+00
1.026413e+00
1.025271e+00
1.027829e+00
1.025451e+00
1.023143e+00
1.025314e+00
1.032239e+00
1.028536e+00
1.026748e+00
1.030130e+00
1.025033e+00
1.031536e+00
1.023965e+00
1.028933e+00
1.027219e+00
1.028741e+00
1.029540e+00
1.025263e+00
1.030373e+00
1.027825e+00
1.026875e+00
1.020573e+00
1.022241e+00
1.029001e+00
1.028687e+00
1.028232e+00
1.028393e+00
1.026328e+00
1.027257e+00
1.025499e+00
1.030364e+00
1.027412e+00
1.027225e+00
1.025271e+00
1.027160e+00
1.024955e+00
1.027783e+00
1.027299e+00
1.030628e+00
1.027517e+00
1.030072e+00
1.030835e+00
1.028140e+00
1.030501e+00
1.025163e+00
1.028461e+00
1.029926e+00
1.028851e+00
1.026101e+00
1.028335e+00
1.025778e+00
1.024922e+00
1.030691e+00
1.025932e+00
1.028217e+00
1.032646e+00
1.025314e+00
1.025742e+00
1.026143e+00
1.028437e+00
1.030494e+00
1.027501e+00
1.028614e+00
1.028043e+00
1.026934e+00
1.030123e+00
1.025988e+00
1.032266e+00
1.025347e+00
1.031461e+00
1.026172e+00
1.023919e+00
1.032843e+00
1.025500e+00
1.026194e+00
1.024887e+00
1.024009e+00
1.024368e+00
1.030998e+00
1.029563e+00
1.030314e+00
1.030082e+00
1.029994e+00
1.029144e+00
1.028694e+00
1.024713e+00
1.027580e+00
1.025657e+00
1.025887e+00
1.029940e+00
1.029666e+00
1.029499e+00
1.028104e+00
1.027780e+00
1.027914e+00
1.025679e+00
1.033388e+00
1.025540e+00
1.033533e+00
1.025657e+00
1.028414e+00
1.031262e+00
1.026088e+00
1.029794e+00
1.026434e+00
1.025998e+00
1.025260e+00
1.027443e+00
1.026404e+00
1.025261e+00
1.030919e+00
1.025823e+00
1.027161e+00
1.024811e+00
1.023594e+00
1.030020e+00
1.026364e+00
1.025570e+00
1.028126e+00
1.027775e+00
1.030574e+00
1.025625e+00
1.026382e+00
1.024704e+00
1.030445e+00
1.024632e+00
1.023572e+00
1.025512e+00
1.028162e+00
1.032732e+00
1.027371e+00
1.026576e+00
1.027834e+00
1.029571e+00
1.028837e+00
1.031540e+00
1.031730e+00
1.025719e+00
1.023174e+00
1.026444e+00
1.025335e+00
1.028358e+00
1.028400e+00
1.030597e+00
1.023738e+00
1.028602e+00
1.024931e+00
1.028198e+00
1.029490e+00
1.026168e+00
1.032981e+00
1.030182e+00
1.028029e+00
1.032878e+00
1.025962e+00
1.028517e+00
1.025133e+00
1.027613e+00
1.025770e+00
1.028511e+00
1.031636e+00
1.029019e+00
1.025765e+00
1.028610e+00
1.024030e+00
1.031603e+00
1.027802e+00
1.023870e+00
1.027849e+00
1.025376e+00
1.026500e+00
1.023534e+00
1.022404e+00
1.029467e+00
1.026517e+00
1.025329e+00
1.022833e+00
1.032746e+00
1.029131e+00
1.030907e+00
1.029520e+00
1.022191e+00
1.024892e+00
1.025721e+00
1.022690e+00
1.035954e+00
1.024205e+00
1.027509e+00
1.026211e+00
1.024989e+00
1.028568e+00
1.029379e+00
1.027426e+00
1.026379e+00
1.023288e+00
1.026266e+00
1.027971e+00
1.022788e+00
1.026958e+00
1.025056e+00
