# Rustico's pk normalizations for realistic mocks from 1 to 1000 of SGC
9.815041e-01
9.785175e-01
9.781787e-01
9.771151e-01
9.781147e-01
9.764987e-01
9.738928e-01
9.835020e-01
9.775473e-01
9.798646e-01
9.798044e-01
9.811633e-01
9.806281e-01
9.740468e-01
9.892852e-01
9.822815e-01
9.778957e-01
9.787379e-01
9.811927e-01
9.818864e-01
9.833582e-01
9.740558e-01
9.790705e-01
9.801093e-01
9.787927e-01
9.804144e-01
9.773442e-01
9.844799e-01
9.784330e-01
9.780899e-01
9.819917e-01
9.780408e-01
9.826301e-01
9.817832e-01
9.810820e-01
9.837603e-01
9.780992e-01
9.789535e-01
9.779254e-01
9.828422e-01
9.836593e-01
9.806861e-01
9.869687e-01
9.812568e-01
9.799102e-01
9.810662e-01
9.779068e-01
9.758219e-01
9.796324e-01
9.800922e-01
9.777105e-01
9.792549e-01
9.788621e-01
9.882418e-01
9.774779e-01
9.817017e-01
9.823778e-01
9.800916e-01
9.803307e-01
9.780417e-01
9.830840e-01
9.743777e-01
9.804301e-01
9.762715e-01
9.879171e-01
9.780529e-01
9.783643e-01
9.740966e-01
9.800158e-01
9.793489e-01
9.837924e-01
9.745395e-01
9.819783e-01
9.841595e-01
9.794613e-01
9.855824e-01
9.799394e-01
9.787353e-01
9.753878e-01
9.833363e-01
9.784950e-01
9.870458e-01
9.781097e-01
9.758109e-01
9.779552e-01
9.800291e-01
9.779564e-01
9.754394e-01
9.801155e-01
9.868840e-01
9.761459e-01
9.797794e-01
9.790018e-01
9.832798e-01
9.773299e-01
9.790722e-01
9.865327e-01
9.796465e-01
9.775814e-01
9.782960e-01
9.833592e-01
9.855901e-01
9.759791e-01
9.799771e-01
9.759023e-01
9.835725e-01
9.715296e-01
9.801203e-01
9.841626e-01
9.789813e-01
9.811638e-01
9.774199e-01
9.809475e-01
9.731321e-01
9.767401e-01
9.763698e-01
9.816190e-01
9.744964e-01
9.792026e-01
9.786269e-01
9.816936e-01
9.844175e-01
9.780168e-01
9.836508e-01
9.771225e-01
9.798514e-01
9.796069e-01
9.790060e-01
9.793009e-01
9.784790e-01
9.837998e-01
9.797455e-01
9.818447e-01
9.796951e-01
9.811704e-01
9.788203e-01
9.812345e-01
9.828996e-01
9.782452e-01
9.797127e-01
9.825141e-01
9.819726e-01
9.759470e-01
9.737666e-01
9.815859e-01
9.797726e-01
9.774195e-01
9.803888e-01
9.791514e-01
9.782846e-01
9.767088e-01
9.707455e-01
9.862977e-01
9.785620e-01
9.789489e-01
9.854669e-01
9.800835e-01
9.757607e-01
9.791897e-01
9.784622e-01
9.793066e-01
9.773511e-01
9.737488e-01
9.781410e-01
9.766130e-01
9.838188e-01
9.790990e-01
9.857667e-01
9.765235e-01
9.824995e-01
9.793247e-01
9.785553e-01
9.790037e-01
9.805953e-01
9.833491e-01
9.772868e-01
9.793192e-01
9.801456e-01
9.798982e-01
9.812340e-01
9.789910e-01
9.767935e-01
9.823947e-01
9.829454e-01
9.819461e-01
9.821215e-01
9.756432e-01
9.817265e-01
9.733278e-01
9.765720e-01
9.804782e-01
9.831018e-01
9.785283e-01
9.803837e-01
9.851668e-01
9.823559e-01
9.879465e-01
9.886822e-01
9.800891e-01
9.771738e-01
9.795091e-01
9.784561e-01
9.803642e-01
9.787868e-01
9.821921e-01
9.830651e-01
9.829520e-01
9.747283e-01
9.865174e-01
9.787253e-01
9.860462e-01
9.802908e-01
9.776848e-01
9.787174e-01
9.751075e-01
9.779171e-01
9.791121e-01
9.748241e-01
9.842833e-01
9.781774e-01
9.763526e-01
9.783244e-01
9.817497e-01
9.793661e-01
9.804161e-01
9.841731e-01
9.798443e-01
9.749388e-01
9.770058e-01
9.761266e-01
9.778268e-01
9.752926e-01
9.816381e-01
9.836003e-01
9.752741e-01
9.786462e-01
9.784673e-01
9.745059e-01
9.816513e-01
9.794948e-01
9.809465e-01
9.825980e-01
9.792965e-01
9.762964e-01
9.729314e-01
9.847003e-01
9.738658e-01
9.802586e-01
9.765335e-01
9.832783e-01
9.795718e-01
9.828351e-01
9.801477e-01
9.819013e-01
9.821362e-01
9.830424e-01
9.791887e-01
9.838850e-01
9.741270e-01
9.818995e-01
9.816651e-01
9.820512e-01
9.808119e-01
9.812877e-01
9.830852e-01
9.851152e-01
9.853532e-01
9.788962e-01
9.834112e-01
9.761765e-01
9.827209e-01
9.768460e-01
9.800470e-01
9.790935e-01
9.799388e-01
9.783353e-01
9.757244e-01
9.799380e-01
9.791414e-01
9.784123e-01
9.754732e-01
9.804245e-01
9.777716e-01
9.782652e-01
9.777027e-01
9.790734e-01
9.746839e-01
9.836784e-01
9.781481e-01
9.757992e-01
9.769831e-01
9.724540e-01
9.730707e-01
9.743854e-01
9.790552e-01
9.808581e-01
9.848047e-01
9.725229e-01
9.815509e-01
9.789897e-01
9.792327e-01
9.777671e-01
9.798966e-01
9.778739e-01
9.836747e-01
9.843176e-01
9.783277e-01
9.759923e-01
9.865520e-01
9.803422e-01
9.759547e-01
9.777541e-01
9.828161e-01
9.852767e-01
9.714127e-01
9.734452e-01
9.722818e-01
9.827836e-01
9.847393e-01
9.743021e-01
9.803831e-01
9.825779e-01
9.782621e-01
9.763164e-01
9.736779e-01
9.797507e-01
9.766991e-01
9.769311e-01
9.743972e-01
9.818988e-01
9.796552e-01
9.774887e-01
9.739533e-01
9.820475e-01
9.783148e-01
9.822535e-01
9.758763e-01
9.821281e-01
9.802735e-01
9.823014e-01
9.794563e-01
9.829068e-01
9.801343e-01
9.751441e-01
9.796122e-01
9.808859e-01
9.782967e-01
9.764679e-01
9.804630e-01
9.759435e-01
9.861356e-01
9.881892e-01
9.846742e-01
9.872112e-01
9.754295e-01
9.870517e-01
9.751096e-01
9.833162e-01
9.786163e-01
9.810380e-01
9.797817e-01
9.784589e-01
9.767847e-01
9.781525e-01
9.812768e-01
9.819013e-01
9.759837e-01
9.759199e-01
9.846592e-01
9.807102e-01
9.815314e-01
9.800273e-01
9.880853e-01
9.843209e-01
9.792295e-01
9.775034e-01
9.805091e-01
9.744013e-01
9.845698e-01
9.763837e-01
9.811239e-01
9.780663e-01
9.811071e-01
9.769119e-01
9.855293e-01
9.826403e-01
9.775755e-01
9.751679e-01
9.768302e-01
9.835046e-01
9.845380e-01
9.803193e-01
9.875378e-01
9.820652e-01
9.753842e-01
9.792361e-01
9.799103e-01
9.793891e-01
9.793133e-01
9.770100e-01
9.832479e-01
9.748020e-01
9.778514e-01
9.804145e-01
9.828484e-01
9.782263e-01
9.785111e-01
9.773280e-01
9.819999e-01
9.756451e-01
9.823461e-01
9.764209e-01
9.765879e-01
9.754772e-01
9.824535e-01
9.762850e-01
9.817555e-01
9.712974e-01
9.782971e-01
9.792072e-01
9.844801e-01
9.773626e-01
9.844813e-01
9.797507e-01
9.805192e-01
9.766413e-01
9.785182e-01
9.794347e-01
9.775608e-01
9.841119e-01
9.848745e-01
9.769351e-01
9.841620e-01
9.796659e-01
9.804372e-01
9.742071e-01
9.765884e-01
9.778705e-01
9.852367e-01
9.832449e-01
9.762429e-01
9.827981e-01
9.845721e-01
9.735896e-01
9.769642e-01
9.787085e-01
9.790991e-01
9.786045e-01
9.818072e-01
9.823811e-01
9.814950e-01
9.783583e-01
9.756068e-01
9.822512e-01
9.818965e-01
9.715525e-01
9.758361e-01
9.834780e-01
9.794379e-01
9.777806e-01
9.791099e-01
9.805440e-01
9.731910e-01
9.823569e-01
9.819990e-01
9.814069e-01
9.780147e-01
9.839692e-01
9.749415e-01
9.743612e-01
9.767206e-01
9.759341e-01
9.785337e-01
9.816463e-01
9.784040e-01
9.790159e-01
9.836463e-01
9.845019e-01
9.808212e-01
9.834943e-01
9.794069e-01
9.762174e-01
9.773763e-01
9.818184e-01
9.779061e-01
9.795456e-01
9.794071e-01
9.800934e-01
9.785894e-01
9.815651e-01
9.798798e-01
9.728079e-01
9.798823e-01
9.797969e-01
9.760119e-01
9.822379e-01
9.776755e-01
9.775665e-01
9.782210e-01
9.763931e-01
9.827726e-01
9.803572e-01
9.816374e-01
9.776328e-01
9.788173e-01
9.753537e-01
9.759288e-01
9.789954e-01
9.778623e-01
9.839204e-01
9.803239e-01
9.829882e-01
9.712353e-01
9.775785e-01
9.749041e-01
9.783276e-01
9.771764e-01
9.822190e-01
9.884536e-01
9.792875e-01
9.816995e-01
9.849023e-01
9.784434e-01
9.741147e-01
9.788869e-01
9.790798e-01
9.743795e-01
9.840129e-01
9.849665e-01
9.795686e-01
9.823892e-01
9.764622e-01
9.740050e-01
9.825722e-01
9.769434e-01
9.695771e-01
9.801953e-01
9.809150e-01
9.757762e-01
9.781306e-01
9.837953e-01
9.759672e-01
9.791643e-01
9.762441e-01
9.791111e-01
9.819935e-01
9.758780e-01
9.832811e-01
9.791268e-01
9.786872e-01
9.844459e-01
9.804634e-01
9.747846e-01
9.799080e-01
9.753734e-01
9.777329e-01
9.838924e-01
9.811776e-01
9.794930e-01
9.865014e-01
9.832450e-01
9.833170e-01
9.844014e-01
9.809851e-01
9.786466e-01
9.881133e-01
9.766432e-01
9.845236e-01
9.774272e-01
9.744479e-01
9.788896e-01
9.791744e-01
9.835700e-01
9.750007e-01
9.835530e-01
9.776328e-01
9.823665e-01
9.773246e-01
9.791586e-01
9.848971e-01
9.780316e-01
9.735941e-01
9.824486e-01
9.839436e-01
9.808959e-01
9.770234e-01
9.778786e-01
9.773230e-01
9.839719e-01
9.781707e-01
9.843562e-01
9.792844e-01
9.788279e-01
9.787638e-01
9.824644e-01
9.840829e-01
9.793222e-01
9.791982e-01
9.807967e-01
9.762090e-01
9.783159e-01
9.825966e-01
9.738307e-01
9.799227e-01
9.752075e-01
9.795622e-01
9.799870e-01
9.820997e-01
9.811097e-01
9.765792e-01
9.808499e-01
9.836680e-01
9.795404e-01
9.772871e-01
9.785194e-01
9.809191e-01
9.800460e-01
9.780672e-01
9.775198e-01
9.806725e-01
9.794496e-01
9.700041e-01
9.786284e-01
9.827163e-01
9.805627e-01
9.830471e-01
9.826567e-01
9.828113e-01
9.806915e-01
9.778117e-01
9.788838e-01
9.785019e-01
9.697140e-01
9.820109e-01
9.760945e-01
9.783097e-01
9.797111e-01
9.810386e-01
9.793813e-01
9.766654e-01
9.766585e-01
9.783983e-01
9.755557e-01
9.859880e-01
9.823602e-01
9.769399e-01
9.837367e-01
9.778984e-01
9.797303e-01
9.776665e-01
9.788635e-01
9.801114e-01
9.818794e-01
9.746798e-01
9.802193e-01
9.783038e-01
9.718001e-01
9.789245e-01
9.763474e-01
9.796027e-01
9.774422e-01
9.760642e-01
9.775366e-01
9.766504e-01
9.789066e-01
9.783884e-01
9.804705e-01
9.780633e-01
9.790413e-01
9.791908e-01
9.783678e-01
9.807986e-01
9.801590e-01
9.765550e-01
9.858710e-01
9.827970e-01
9.798109e-01
9.819027e-01
9.842504e-01
9.772819e-01
9.743725e-01
9.774852e-01
9.830267e-01
9.790611e-01
9.798755e-01
9.758376e-01
9.780514e-01
9.813719e-01
9.796074e-01
9.848531e-01
9.864574e-01
9.781014e-01
9.789395e-01
9.778238e-01
9.767650e-01
9.801614e-01
9.825310e-01
9.816365e-01
9.775188e-01
9.757024e-01
9.757646e-01
9.834718e-01
9.801559e-01
9.855859e-01
9.814069e-01
9.808029e-01
9.772215e-01
9.836811e-01
9.837439e-01
9.775064e-01
9.793748e-01
9.808122e-01
9.805945e-01
9.775545e-01
9.804659e-01
9.814297e-01
9.788630e-01
9.853118e-01
9.760691e-01
9.769994e-01
9.749085e-01
9.735095e-01
9.736214e-01
9.714099e-01
9.785471e-01
9.714379e-01
9.806981e-01
9.780914e-01
9.819564e-01
9.797270e-01
9.750445e-01
9.786167e-01
9.807780e-01
9.725459e-01
9.808133e-01
9.838519e-01
9.833776e-01
9.772404e-01
9.805464e-01
9.835845e-01
9.791505e-01
9.798953e-01
9.723892e-01
9.796620e-01
9.811138e-01
9.747125e-01
9.792362e-01
9.799834e-01
9.812276e-01
9.836623e-01
9.791045e-01
9.841024e-01
9.766419e-01
9.743968e-01
9.808554e-01
9.762983e-01
9.828327e-01
9.816195e-01
9.819162e-01
9.779869e-01
9.808106e-01
9.775387e-01
9.743166e-01
9.755034e-01
9.825111e-01
9.782940e-01
9.834473e-01
9.741645e-01
9.835245e-01
9.805869e-01
9.804196e-01
9.779884e-01
9.806787e-01
9.730616e-01
9.745609e-01
9.742453e-01
9.810434e-01
9.822836e-01
9.781285e-01
9.771789e-01
9.809563e-01
9.861208e-01
9.847602e-01
9.736815e-01
9.789864e-01
9.780879e-01
9.805044e-01
9.796663e-01
9.818588e-01
9.830760e-01
9.739027e-01
9.763571e-01
9.791580e-01
9.828359e-01
9.845016e-01
9.821747e-01
9.794919e-01
9.776438e-01
9.742688e-01
9.808099e-01
9.782670e-01
9.765858e-01
9.762849e-01
9.748400e-01
9.747640e-01
9.763151e-01
9.806263e-01
9.752146e-01
9.811216e-01
9.768069e-01
9.802816e-01
9.814290e-01
9.805308e-01
9.756253e-01
9.820073e-01
9.797575e-01
9.736987e-01
9.790665e-01
9.744066e-01
9.785648e-01
9.816379e-01
9.819343e-01
9.777320e-01
9.803266e-01
9.770158e-01
9.754490e-01
9.854276e-01
9.798357e-01
9.740272e-01
9.786734e-01
9.773733e-01
9.768112e-01
9.794189e-01
9.783025e-01
9.776188e-01
9.739007e-01
9.760342e-01
9.749982e-01
9.734597e-01
9.814967e-01
9.805640e-01
9.789916e-01
9.800527e-01
9.768758e-01
9.788788e-01
9.795832e-01
9.792076e-01
9.836590e-01
9.778563e-01
9.793272e-01
9.820602e-01
9.771035e-01
9.825445e-01
9.765143e-01
9.848999e-01
9.776697e-01
9.794231e-01
9.777238e-01
9.791311e-01
9.820287e-01
9.772335e-01
9.850670e-01
9.814619e-01
9.748465e-01
9.779680e-01
9.768734e-01
9.822469e-01
9.827059e-01
9.766556e-01
9.816995e-01
9.756878e-01
9.788182e-01
9.815918e-01
9.808469e-01
9.776468e-01
9.806555e-01
9.792506e-01
9.783439e-01
9.855806e-01
9.865037e-01
9.769549e-01
9.765450e-01
9.847887e-01
9.816024e-01
9.786538e-01
9.772903e-01
9.795887e-01
9.749521e-01
9.774507e-01
9.821879e-01
9.793367e-01
9.824332e-01
9.834852e-01
9.792646e-01
9.809934e-01
9.845459e-01
9.799886e-01
9.817601e-01
9.834672e-01
9.809090e-01
9.802188e-01
9.798970e-01
9.796150e-01
9.794933e-01
9.766091e-01
9.755923e-01
9.803574e-01
9.740326e-01
9.866113e-01
9.730802e-01
9.795230e-01
9.740711e-01
9.864345e-01
9.776015e-01
9.799729e-01
9.835367e-01
9.768080e-01
9.775630e-01
9.809232e-01
9.837963e-01
9.785502e-01
9.776427e-01
9.796348e-01
9.809335e-01
9.822169e-01
9.802593e-01
9.826357e-01
9.837234e-01
9.832794e-01
9.765649e-01
9.805351e-01
9.815238e-01
9.732301e-01
9.779828e-01
9.863442e-01
9.802588e-01
9.785064e-01
9.798836e-01
9.805938e-01
9.805129e-01
9.820329e-01
9.788988e-01
9.771007e-01
9.861265e-01
9.757060e-01
9.752915e-01
9.815885e-01
9.797168e-01
9.846136e-01
9.785317e-01
9.825803e-01
9.767966e-01
9.718095e-01
9.746128e-01
9.798171e-01
9.818546e-01
9.817767e-01
9.757252e-01
9.791481e-01
9.847356e-01
9.884648e-01
9.798619e-01
9.837298e-01
9.792382e-01
9.814491e-01
9.821526e-01
9.781098e-01
9.741471e-01
9.792179e-01
9.784961e-01
9.775635e-01
9.818322e-01
9.771315e-01
9.753666e-01
9.820532e-01
9.795865e-01
9.804771e-01
9.831748e-01
9.800871e-01
9.765561e-01
9.831218e-01
9.802627e-01
9.729538e-01
9.820863e-01
9.810648e-01
9.804068e-01
9.746607e-01
9.829348e-01
9.734630e-01
9.735728e-01
9.830751e-01
9.841895e-01
9.809912e-01
9.812596e-01
9.828735e-01
9.773075e-01
9.868854e-01
9.826613e-01
9.813008e-01
9.755322e-01
