# Rustico's pk normalizations for shuffled mocks from 1 to 1000 of SGC
1.029102e+00
1.022759e+00
1.027876e+00
1.029424e+00
1.022425e+00
1.027749e+00
1.027420e+00
1.025027e+00
1.028726e+00
1.030867e+00
1.028646e+00
1.027905e+00
1.027483e+00
1.031787e+00
1.029089e+00
1.026396e+00
1.030397e+00
1.026712e+00
1.027430e+00
1.026981e+00
1.030581e+00
1.027808e+00
1.024868e+00
1.027200e+00
1.022810e+00
1.026380e+00
1.028167e+00
1.030110e+00
1.033834e+00
1.028106e+00
1.032173e+00
1.027434e+00
1.030972e+00
1.024021e+00
1.028595e+00
1.024585e+00
1.022054e+00
1.032014e+00
1.029164e+00
1.030362e+00
1.027648e+00
1.028711e+00
1.025359e+00
1.027302e+00
1.027830e+00
1.031320e+00
1.033473e+00
1.027408e+00
1.028296e+00
1.026378e+00
1.032402e+00
1.026912e+00
1.029609e+00
1.032401e+00
1.028625e+00
1.027964e+00
1.029550e+00
1.025653e+00
1.025812e+00
1.023161e+00
1.028164e+00
1.032006e+00
1.029199e+00
1.031152e+00
1.022544e+00
1.025297e+00
1.023245e+00
1.028368e+00
1.030818e+00
1.025214e+00
1.028118e+00
1.028740e+00
1.028135e+00
1.032296e+00
1.033477e+00
1.026699e+00
1.027538e+00
1.028996e+00
1.029627e+00
1.029372e+00
1.033151e+00
1.030348e+00
1.026311e+00
1.023469e+00
1.030742e+00
1.024270e+00
1.028543e+00
1.028781e+00
1.026613e+00
1.024710e+00
1.025193e+00
1.026190e+00
1.027055e+00
1.029817e+00
1.023633e+00
1.024506e+00
1.031789e+00
1.031691e+00
1.026424e+00
1.026305e+00
1.028330e+00
1.028021e+00
1.027664e+00
1.028492e+00
1.025051e+00
1.027105e+00
1.024334e+00
1.028153e+00
1.026137e+00
1.029470e+00
1.024778e+00
1.031168e+00
1.026620e+00
1.024795e+00
1.027788e+00
1.027016e+00
1.026305e+00
1.024656e+00
1.031665e+00
1.032082e+00
1.029534e+00
1.027419e+00
1.028582e+00
1.027932e+00
1.024082e+00
1.025861e+00
1.027414e+00
1.027508e+00
1.027862e+00
1.029796e+00
1.034514e+00
1.025906e+00
1.026543e+00
1.026075e+00
1.022899e+00
1.024853e+00
1.026653e+00
1.029372e+00
1.031772e+00
1.023286e+00
1.024820e+00
1.027987e+00
1.026726e+00
1.028693e+00
1.030672e+00
1.027790e+00
1.027044e+00
1.032405e+00
1.034667e+00
1.024195e+00
1.025275e+00
1.029353e+00
1.022539e+00
1.025980e+00
1.026291e+00
1.027781e+00
1.028827e+00
1.024889e+00
1.029387e+00
1.029897e+00
1.030254e+00
1.030968e+00
1.024929e+00
1.022852e+00
1.025382e+00
1.028730e+00
1.027076e+00
1.028788e+00
1.028447e+00
1.026315e+00
1.028381e+00
1.028599e+00
1.026941e+00
1.024282e+00
1.031354e+00
1.023570e+00
1.026832e+00
1.028908e+00
1.026590e+00
1.028314e+00
1.025400e+00
1.028711e+00
1.033545e+00
1.029105e+00
1.034603e+00
1.031855e+00
1.030141e+00
1.022432e+00
1.031374e+00
1.025903e+00
1.030109e+00
1.031960e+00
1.031978e+00
1.028011e+00
1.031988e+00
1.024611e+00
1.025056e+00
1.026080e+00
1.025650e+00
1.027225e+00
1.025697e+00
1.030302e+00
1.028671e+00
1.031389e+00
1.026580e+00
1.034391e+00
1.027645e+00
1.028554e+00
1.028926e+00
1.029331e+00
1.023056e+00
1.027994e+00
1.024877e+00
1.026744e+00
1.025999e+00
1.028479e+00
1.023642e+00
1.027815e+00
1.028189e+00
1.029628e+00
1.029626e+00
1.027139e+00
1.033614e+00
1.028664e+00
1.031649e+00
1.027423e+00
1.031065e+00
1.027625e+00
1.024279e+00
1.030808e+00
1.026831e+00
1.025438e+00
1.026992e+00
1.027861e+00
1.024674e+00
1.025047e+00
1.026812e+00
1.027160e+00
1.031801e+00
1.029728e+00
1.029624e+00
1.022787e+00
1.025849e+00
1.024732e+00
1.028101e+00
1.027720e+00
1.029201e+00
1.025485e+00
1.030910e+00
1.033551e+00
1.030020e+00
1.031219e+00
1.029331e+00
1.029229e+00
1.024526e+00
1.030042e+00
1.026107e+00
1.025636e+00
1.025724e+00
1.027374e+00
1.026569e+00
1.030936e+00
1.025923e+00
1.027598e+00
1.025572e+00
1.028690e+00
1.028585e+00
1.024359e+00
1.026552e+00
1.027490e+00
1.024152e+00
1.023475e+00
1.031982e+00
1.027290e+00
1.025459e+00
1.025363e+00
1.029067e+00
1.025390e+00
1.027856e+00
1.025554e+00
1.027564e+00
1.032168e+00
1.029650e+00
1.025726e+00
1.030640e+00
1.028661e+00
1.024114e+00
1.027741e+00
1.028798e+00
1.026790e+00
1.026719e+00
1.026807e+00
1.028985e+00
1.032678e+00
1.027180e+00
1.030109e+00
1.028346e+00
1.029009e+00
1.027803e+00
1.028535e+00
1.022959e+00
1.029310e+00
1.028651e+00
1.029301e+00
1.033802e+00
1.023196e+00
1.027369e+00
1.026460e+00
1.023488e+00
1.023855e+00
1.029874e+00
1.024575e+00
1.028318e+00
1.028908e+00
1.030134e+00
1.032007e+00
1.024802e+00
1.026450e+00
1.027218e+00
1.028653e+00
1.027431e+00
1.028342e+00
1.024626e+00
1.029244e+00
1.031714e+00
1.032130e+00
1.026892e+00
1.027400e+00
1.028302e+00
1.027604e+00
1.027928e+00
1.029598e+00
1.027505e+00
1.029406e+00
1.027479e+00
1.027265e+00
1.022968e+00
1.029675e+00
1.026630e+00
1.028563e+00
1.028546e+00
1.031864e+00
1.027788e+00
1.035297e+00
1.028687e+00
1.026082e+00
1.034196e+00
1.025339e+00
1.024297e+00
1.033219e+00
1.034081e+00
1.024513e+00
1.026166e+00
1.030342e+00
1.023357e+00
1.030545e+00
1.024924e+00
1.022269e+00
1.027642e+00
1.025165e+00
1.030491e+00
1.026194e+00
1.028388e+00
1.030516e+00
1.023580e+00
1.030282e+00
1.024385e+00
1.027555e+00
1.028603e+00
1.026029e+00
1.032050e+00
1.030520e+00
1.030309e+00
1.029133e+00
1.027196e+00
1.028844e+00
1.028372e+00
1.028122e+00
1.029453e+00
1.023218e+00
1.027271e+00
1.032027e+00
1.029843e+00
1.028124e+00
1.025759e+00
1.025526e+00
1.033718e+00
1.027073e+00
1.027116e+00
1.027922e+00
1.030364e+00
1.028710e+00
1.030683e+00
1.026469e+00
1.026088e+00
1.031547e+00
1.024584e+00
1.031004e+00
1.025900e+00
1.028103e+00
1.026582e+00
1.024246e+00
1.028539e+00
1.027330e+00
1.029228e+00
1.029030e+00
1.027207e+00
1.027257e+00
1.027874e+00
1.028918e+00
1.025185e+00
1.031664e+00
1.025775e+00
1.028221e+00
1.027211e+00
1.028599e+00
1.029596e+00
1.030402e+00
1.031039e+00
1.026389e+00
1.027201e+00
1.028869e+00
1.025173e+00
1.032720e+00
1.024342e+00
1.034010e+00
1.026267e+00
1.025587e+00
1.030390e+00
1.025386e+00
1.026744e+00
1.029877e+00
1.030766e+00
1.027334e+00
1.026237e+00
1.027694e+00
1.030269e+00
1.025078e+00
1.028611e+00
1.027451e+00
1.027141e+00
1.030741e+00
1.030647e+00
1.028375e+00
1.025549e+00
1.030152e+00
1.027032e+00
1.028553e+00
1.027737e+00
1.029190e+00
1.028500e+00
1.028089e+00
1.026017e+00
1.027353e+00
1.034443e+00
1.025033e+00
1.024726e+00
1.025143e+00
1.022561e+00
1.030803e+00
1.026767e+00
1.027169e+00
1.027509e+00
1.024089e+00
1.026972e+00
1.029032e+00
1.030150e+00
1.031445e+00
1.027315e+00
1.028418e+00
1.026492e+00
1.025945e+00
1.031468e+00
1.027368e+00
1.029058e+00
1.033475e+00
1.035324e+00
1.026141e+00
1.033990e+00
1.026796e+00
1.029420e+00
1.029326e+00
1.025718e+00
1.022399e+00
1.027810e+00
1.029359e+00
1.026477e+00
1.026303e+00
1.029516e+00
1.031466e+00
1.030840e+00
1.027145e+00
1.027919e+00
1.028245e+00
1.026523e+00
1.032324e+00
1.031088e+00
1.027397e+00
1.030009e+00
1.028782e+00
1.027846e+00
1.025439e+00
1.032201e+00
1.025835e+00
1.029494e+00
1.027841e+00
1.029494e+00
1.025444e+00
1.024252e+00
1.033196e+00
1.029938e+00
1.026266e+00
1.026218e+00
1.031051e+00
1.029326e+00
1.033284e+00
1.030654e+00
1.030352e+00
1.031142e+00
1.026642e+00
1.024335e+00
1.027562e+00
1.028501e+00
1.029104e+00
1.024750e+00
1.027991e+00
1.023958e+00
1.024782e+00
1.027083e+00
1.027184e+00
1.028769e+00
1.029918e+00
1.029579e+00
1.029531e+00
1.027394e+00
1.026684e+00
1.025272e+00
1.028273e+00
1.029984e+00
1.030121e+00
1.021572e+00
1.026883e+00
1.028792e+00
1.027740e+00
1.027274e+00
1.029183e+00
1.027384e+00
1.022475e+00
1.028528e+00
1.023982e+00
1.023640e+00
1.022315e+00
1.030384e+00
1.027570e+00
1.032771e+00
1.029399e+00
1.025987e+00
1.031579e+00
1.025026e+00
1.028237e+00
1.026557e+00
1.025349e+00
1.029606e+00
1.024471e+00
1.028343e+00
1.032235e+00
1.024471e+00
1.029423e+00
1.025037e+00
1.027719e+00
1.027909e+00
1.028167e+00
1.031510e+00
1.027252e+00
1.025278e+00
1.030414e+00
1.029137e+00
1.026326e+00
1.021033e+00
1.032137e+00
1.031880e+00
1.028769e+00
1.027268e+00
1.031475e+00
1.028131e+00
1.031710e+00
1.024262e+00
1.028398e+00
1.027770e+00
1.024153e+00
1.025206e+00
1.025587e+00
1.024622e+00
1.029956e+00
1.030514e+00
1.025286e+00
1.028150e+00
1.023976e+00
1.028531e+00
1.027898e+00
1.027048e+00
1.023073e+00
1.027577e+00
1.029921e+00
1.025436e+00
1.025245e+00
1.026668e+00
1.029727e+00
1.028531e+00
1.025517e+00
1.030421e+00
1.034997e+00
1.032864e+00
1.028475e+00
1.024856e+00
1.032840e+00
1.024138e+00
1.029542e+00
1.027617e+00
1.030768e+00
1.025828e+00
1.025045e+00
1.030653e+00
1.026729e+00
1.028518e+00
1.026146e+00
1.027586e+00
1.029364e+00
1.027673e+00
1.024162e+00
1.027556e+00
1.030279e+00
1.030695e+00
1.025900e+00
1.027058e+00
1.031707e+00
1.027469e+00
1.027406e+00
1.022733e+00
1.024977e+00
1.024475e+00
1.029012e+00
1.025615e+00
1.031034e+00
1.028839e+00
1.028583e+00
1.030739e+00
1.028031e+00
1.027312e+00
1.027920e+00
1.035269e+00
1.028733e+00
1.025880e+00
1.027320e+00
1.027887e+00
1.030262e+00
1.021917e+00
1.022773e+00
1.027603e+00
1.029519e+00
1.031542e+00
1.029962e+00
1.031389e+00
1.025572e+00
1.023102e+00
1.031158e+00
1.028578e+00
1.027585e+00
1.028617e+00
1.028695e+00
1.027815e+00
1.024230e+00
1.025485e+00
1.027816e+00
1.029788e+00
1.029568e+00
1.030033e+00
1.029763e+00
1.028633e+00
1.028495e+00
1.027697e+00
1.027545e+00
1.029888e+00
1.024894e+00
1.028246e+00
1.031461e+00
1.024977e+00
1.026641e+00
1.026585e+00
1.028641e+00
1.026665e+00
1.032799e+00
1.023936e+00
1.028118e+00
1.025721e+00
1.028186e+00
1.028107e+00
1.023527e+00
1.031839e+00
1.027530e+00
1.026560e+00
1.029222e+00
1.023447e+00
1.028319e+00
1.030334e+00
1.025153e+00
1.030878e+00
1.029450e+00
1.023511e+00
1.026551e+00
1.026950e+00
1.025310e+00
1.024610e+00
1.030087e+00
1.031236e+00
1.026339e+00
1.031105e+00
1.022061e+00
1.023728e+00
1.026492e+00
1.027125e+00
1.030716e+00
1.025695e+00
1.022763e+00
1.028744e+00
1.025362e+00
1.029530e+00
1.032191e+00
1.028063e+00
1.024108e+00
1.027456e+00
1.027847e+00
1.029076e+00
1.030789e+00
1.021635e+00
1.028619e+00
1.026248e+00
1.023395e+00
1.022444e+00
1.033276e+00
1.027723e+00
1.024975e+00
1.029888e+00
1.028819e+00
1.026824e+00
1.027970e+00
1.030261e+00
1.031271e+00
1.030708e+00
1.027404e+00
1.025155e+00
1.027808e+00
1.027936e+00
1.028926e+00
1.030499e+00
1.023003e+00
1.028802e+00
1.023678e+00
1.027245e+00
1.026383e+00
1.026888e+00
1.026473e+00
1.025664e+00
1.026986e+00
1.027813e+00
1.029889e+00
1.024646e+00
1.024030e+00
1.030306e+00
1.034640e+00
1.029974e+00
1.025212e+00
1.026956e+00
1.027492e+00
1.023279e+00
1.028565e+00
1.028238e+00
1.025433e+00
1.030230e+00
1.025018e+00
1.032652e+00
1.028047e+00
1.026931e+00
1.028988e+00
1.026877e+00
1.025255e+00
1.027265e+00
1.031853e+00
1.030991e+00
1.030780e+00
1.028658e+00
1.026721e+00
1.026168e+00
1.029039e+00
1.032834e+00
1.022673e+00
1.026587e+00
1.027737e+00
1.026138e+00
1.026519e+00
1.026208e+00
1.024923e+00
1.027354e+00
1.024769e+00
1.023099e+00
1.024779e+00
1.031550e+00
1.028096e+00
1.026453e+00
1.029431e+00
1.024086e+00
1.031756e+00
1.023723e+00
1.028032e+00
1.027244e+00
1.028862e+00
1.029398e+00
1.025309e+00
1.030129e+00
1.027794e+00
1.027399e+00
1.020407e+00
1.022147e+00
1.028989e+00
1.028623e+00
1.028672e+00
1.028952e+00
1.026445e+00
1.026693e+00
1.025550e+00
1.030137e+00
1.027684e+00
1.026801e+00
1.025422e+00
1.026656e+00
1.024895e+00
1.027693e+00
1.027225e+00
1.030169e+00
1.027961e+00
1.029792e+00
1.030886e+00
1.028110e+00
1.030203e+00
1.025007e+00
1.028137e+00
1.030205e+00
1.028818e+00
1.026264e+00
1.027849e+00
1.025654e+00
1.024568e+00
1.030415e+00
1.025224e+00
1.028163e+00
1.032851e+00
1.025327e+00
1.025346e+00
1.025914e+00
1.028261e+00
1.030361e+00
1.028344e+00
1.028532e+00
1.028028e+00
1.026902e+00
1.030215e+00
1.025651e+00
1.032131e+00
1.025402e+00
1.031481e+00
1.026213e+00
1.023778e+00
1.032758e+00
1.025517e+00
1.026334e+00
1.024974e+00
1.023947e+00
1.024421e+00
1.031208e+00
1.030025e+00
1.030328e+00
1.029919e+00
1.029782e+00
1.028997e+00
1.028670e+00
1.024017e+00
1.027892e+00
1.025299e+00
1.025988e+00
1.029790e+00
1.029726e+00
1.029435e+00
1.028545e+00
1.027802e+00
1.027928e+00
1.025608e+00
1.033522e+00
1.025805e+00
1.034010e+00
1.025965e+00
1.028373e+00
1.030999e+00
1.025927e+00
1.029314e+00
1.026195e+00
1.025954e+00
1.025244e+00
1.026344e+00
1.026722e+00
1.024638e+00
1.030886e+00
1.025840e+00
1.027059e+00
1.024085e+00
1.023156e+00
1.030103e+00
1.026128e+00
1.025214e+00
1.028546e+00
1.027870e+00
1.030505e+00
1.025417e+00
1.026703e+00
1.024662e+00
1.030699e+00
1.024601e+00
1.023666e+00
1.025627e+00
1.028333e+00
1.032305e+00
1.027010e+00
1.026148e+00
1.026661e+00
1.028902e+00
1.028894e+00
1.031817e+00
1.031378e+00
1.025159e+00
1.023357e+00
1.025663e+00
1.025458e+00
1.028198e+00
1.027942e+00
1.030439e+00
1.023616e+00
1.028466e+00
1.024815e+00
1.028031e+00
1.029657e+00
1.025676e+00
1.033073e+00
1.030275e+00
1.027589e+00
1.032989e+00
1.026023e+00
1.028650e+00
1.024948e+00
1.027367e+00
1.025412e+00
1.028775e+00
1.031941e+00
1.028805e+00
1.025876e+00
1.028034e+00
1.024393e+00
1.031707e+00
1.027853e+00
1.024481e+00
1.027287e+00
1.025800e+00
1.026489e+00
1.023544e+00
1.022302e+00
1.029342e+00
1.025774e+00
1.025239e+00
1.023371e+00
1.032539e+00
1.029070e+00
1.030980e+00
1.029343e+00
1.022257e+00
1.024304e+00
1.025400e+00
1.021920e+00
1.036129e+00
1.023377e+00
1.027578e+00
1.026024e+00
1.024989e+00
1.028472e+00
1.029228e+00
1.027502e+00
1.027017e+00
1.023012e+00
1.025736e+00
1.027995e+00
1.022940e+00
1.026889e+00
1.024575e+00
