# Rustico's pk normalizations for shuffled mocks from 1 to 1000 of NGC
1.808550e+00
1.805097e+00
1.805458e+00
1.813107e+00
1.800773e+00
1.813046e+00
1.809839e+00
1.811432e+00
1.811873e+00
1.807737e+00
1.807797e+00
1.806024e+00
1.802966e+00
1.806343e+00
1.806497e+00
1.806573e+00
1.808203e+00
1.806714e+00
1.808152e+00
1.807833e+00
1.809896e+00
1.810203e+00
1.804243e+00
1.805080e+00
1.814763e+00
1.808899e+00
1.806897e+00
1.803409e+00
1.815052e+00
1.810890e+00
1.808073e+00
1.812472e+00
1.810419e+00
1.807950e+00
1.804334e+00
1.805769e+00
1.807775e+00
1.811909e+00
1.801452e+00
1.798105e+00
1.804299e+00
1.812178e+00
1.812554e+00
1.813019e+00
1.807295e+00
1.814586e+00
1.811315e+00
1.808775e+00
1.806784e+00
1.808086e+00
1.801268e+00
1.806267e+00
1.810586e+00
1.804545e+00
1.805669e+00
1.810086e+00
1.809726e+00
1.806184e+00
1.808138e+00
1.809581e+00
1.817243e+00
1.806925e+00
1.815256e+00
1.812434e+00
1.803157e+00
1.804638e+00
1.808587e+00
1.803348e+00
1.807743e+00
1.801230e+00
1.805431e+00
1.809340e+00
1.811991e+00
1.810923e+00
1.812882e+00
1.805644e+00
1.807185e+00
1.809426e+00
1.806503e+00
1.810609e+00
1.814650e+00
1.809317e+00
1.810705e+00
1.811135e+00
1.807818e+00
1.804376e+00
1.806239e+00
1.809445e+00
1.801195e+00
1.806280e+00
1.806416e+00
1.811558e+00
1.804458e+00
1.807420e+00
1.807000e+00
1.807403e+00
1.809414e+00
1.808574e+00
1.805202e+00
1.811449e+00
1.808144e+00
1.812522e+00
1.805307e+00
1.803828e+00
1.811179e+00
1.813093e+00
1.806214e+00
1.811666e+00
1.813403e+00
1.807465e+00
1.806848e+00
1.810626e+00
1.815664e+00
1.810913e+00
1.802651e+00
1.810314e+00
1.807380e+00
1.813460e+00
1.807818e+00
1.809386e+00
1.805773e+00
1.799507e+00
1.811336e+00
1.808751e+00
1.805392e+00
1.808386e+00
1.805289e+00
1.808223e+00
1.804057e+00
1.803891e+00
1.808013e+00
1.806013e+00
1.807049e+00
1.810388e+00
1.812281e+00
1.807432e+00
1.800502e+00
1.815064e+00
1.803267e+00
1.805260e+00
1.808034e+00
1.809104e+00
1.809498e+00
1.807174e+00
1.804545e+00
1.806903e+00
1.812877e+00
1.815363e+00
1.812042e+00
1.811967e+00
1.809518e+00
1.803024e+00
1.799949e+00
1.815774e+00
1.809143e+00
1.804061e+00
1.806860e+00
1.814698e+00
1.810820e+00
1.803762e+00
1.806359e+00
1.808466e+00
1.803302e+00
1.808014e+00
1.809326e+00
1.806565e+00
1.818167e+00
1.809042e+00
1.812812e+00
1.807155e+00
1.808600e+00
1.803164e+00
1.805166e+00
1.809232e+00
1.809815e+00
1.804304e+00
1.811247e+00
1.802672e+00
1.808707e+00
1.811839e+00
1.817117e+00
1.811677e+00
1.814011e+00
1.810217e+00
1.807583e+00
1.802374e+00
1.809255e+00
1.810144e+00
1.810902e+00
1.803091e+00
1.808509e+00
1.810119e+00
1.805477e+00
1.805218e+00
1.800890e+00
1.807412e+00
1.813377e+00
1.805080e+00
1.805433e+00
1.806986e+00
1.811440e+00
1.802808e+00
1.804192e+00
1.811783e+00
1.809611e+00
1.806768e+00
1.811462e+00
1.805583e+00
1.808568e+00
1.808537e+00
1.816825e+00
1.804446e+00
1.807730e+00
1.814432e+00
1.809481e+00
1.795588e+00
1.810641e+00
1.801783e+00
1.809567e+00
1.815257e+00
1.804610e+00
1.808791e+00
1.811156e+00
1.812395e+00
1.807086e+00
1.813809e+00
1.803397e+00
1.806870e+00
1.807028e+00
1.806986e+00
1.811073e+00
1.807618e+00
1.803524e+00
1.809181e+00
1.807098e+00
1.800371e+00
1.807168e+00
1.815994e+00
1.812127e+00
1.811100e+00
1.811478e+00
1.807743e+00
1.811458e+00
1.808118e+00
1.808536e+00
1.803557e+00
1.806963e+00
1.803730e+00
1.810700e+00
1.801794e+00
1.815944e+00
1.811088e+00
1.810468e+00
1.804983e+00
1.809242e+00
1.805637e+00
1.806423e+00
1.808253e+00
1.807546e+00
1.807371e+00
1.810206e+00
1.814337e+00
1.810443e+00
1.813515e+00
1.804471e+00
1.812171e+00
1.808209e+00
1.810707e+00
1.811463e+00
1.812028e+00
1.805715e+00
1.811516e+00
1.808695e+00
1.804295e+00
1.803949e+00
1.805643e+00
1.810012e+00
1.805516e+00
1.803726e+00
1.806544e+00
1.805639e+00
1.805178e+00
1.811905e+00
1.806827e+00
1.813854e+00
1.812583e+00
1.804018e+00
1.807924e+00
1.805189e+00
1.811025e+00
1.812833e+00
1.810308e+00
1.808452e+00
1.811273e+00
1.808086e+00
1.809110e+00
1.804806e+00
1.808844e+00
1.811962e+00
1.805416e+00
1.808738e+00
1.807694e+00
1.803025e+00
1.809577e+00
1.810734e+00
1.807022e+00
1.805575e+00
1.807809e+00
1.806374e+00
1.810512e+00
1.801330e+00
1.811489e+00
1.803436e+00
1.810033e+00
1.803821e+00
1.816294e+00
1.807301e+00
1.806477e+00
1.806647e+00
1.809775e+00
1.808821e+00
1.816004e+00
1.810676e+00
1.807281e+00
1.806319e+00
1.813627e+00
1.809405e+00
1.811861e+00
1.806542e+00
1.805143e+00
1.810303e+00
1.806451e+00
1.810083e+00
1.806673e+00
1.811747e+00
1.807951e+00
1.815816e+00
1.811128e+00
1.803634e+00
1.806002e+00
1.801967e+00
1.813548e+00
1.808156e+00
1.806595e+00
1.810980e+00
1.810984e+00
1.799568e+00
1.803380e+00
1.806187e+00
1.806747e+00
1.809993e+00
1.809733e+00
1.813083e+00
1.807456e+00
1.805385e+00
1.804083e+00
1.804384e+00
1.812957e+00
1.804161e+00
1.807214e+00
1.808341e+00
1.803576e+00
1.811347e+00
1.806158e+00
1.811510e+00
1.811535e+00
1.803801e+00
1.812095e+00
1.804325e+00
1.805452e+00
1.800942e+00
1.808188e+00
1.805930e+00
1.808534e+00
1.804456e+00
1.812870e+00
1.817344e+00
1.806393e+00
1.808134e+00
1.803211e+00
1.811676e+00
1.805658e+00
1.811504e+00
1.812414e+00
1.809808e+00
1.803149e+00
1.809247e+00
1.805732e+00
1.814914e+00
1.808294e+00
1.806641e+00
1.811308e+00
1.813443e+00
1.812202e+00
1.808427e+00
1.803724e+00
1.805811e+00
1.809230e+00
1.812911e+00
1.804843e+00
1.808649e+00
1.806710e+00
1.807678e+00
1.809310e+00
1.813084e+00
1.807360e+00
1.808778e+00
1.809809e+00
1.812831e+00
1.808893e+00
1.809292e+00
1.808967e+00
1.800233e+00
1.811619e+00
1.811726e+00
1.813374e+00
1.800101e+00
1.803104e+00
1.805986e+00
1.806519e+00
1.809183e+00
1.804708e+00
1.806413e+00
1.801442e+00
1.799860e+00
1.807970e+00
1.810131e+00
1.807208e+00
1.807619e+00
1.811034e+00
1.812086e+00
1.805073e+00
1.811681e+00
1.810217e+00
1.814274e+00
1.806847e+00
1.810570e+00
1.807856e+00
1.803510e+00
1.807067e+00
1.805428e+00
1.809720e+00
1.810511e+00
1.808713e+00
1.805546e+00
1.808173e+00
1.803804e+00
1.811181e+00
1.800525e+00
1.810387e+00
1.807520e+00
1.811065e+00
1.808699e+00
1.807805e+00
1.813517e+00
1.809821e+00
1.805513e+00
1.803271e+00
1.813422e+00
1.808355e+00
1.808504e+00
1.805985e+00
1.815107e+00
1.812214e+00
1.810006e+00
1.805985e+00
1.810045e+00
1.806849e+00
1.810307e+00
1.807964e+00
1.802239e+00
1.806357e+00
1.814505e+00
1.804841e+00
1.808216e+00
1.803902e+00
1.811709e+00
1.804297e+00
1.810658e+00
1.807466e+00
1.804554e+00
1.807886e+00
1.800214e+00
1.809724e+00
1.804983e+00
1.814694e+00
1.808111e+00
1.802728e+00
1.805487e+00
1.806577e+00
1.801869e+00
1.812884e+00
1.809289e+00
1.803399e+00
1.803618e+00
1.804613e+00
1.804459e+00
1.802199e+00
1.808250e+00
1.817830e+00
1.808202e+00
1.815976e+00
1.802629e+00
1.811412e+00
1.805599e+00
1.801579e+00
1.809755e+00
1.807275e+00
1.806664e+00
1.808284e+00
1.812683e+00
1.806693e+00
1.816717e+00
1.800718e+00
1.808936e+00
1.812844e+00
1.808865e+00
1.811474e+00
1.810454e+00
1.812792e+00
1.807135e+00
1.808664e+00
1.806558e+00
1.805100e+00
1.806949e+00
1.807338e+00
1.813647e+00
1.805487e+00
1.807157e+00
1.802192e+00
1.811000e+00
1.804120e+00
1.806226e+00
1.808941e+00
1.808107e+00
1.804338e+00
1.808157e+00
1.814548e+00
1.804585e+00
1.811157e+00
1.807799e+00
1.808575e+00
1.806735e+00
1.809433e+00
1.805752e+00
1.812952e+00
1.805137e+00
1.807593e+00
1.812127e+00
1.810529e+00
1.812854e+00
1.813383e+00
1.806732e+00
1.808923e+00
1.813740e+00
1.803351e+00
1.800403e+00
1.816975e+00
1.803137e+00
1.811711e+00
1.809970e+00
1.810821e+00
1.811527e+00
1.817761e+00
1.815226e+00
1.807907e+00
1.814190e+00
1.810090e+00
1.805881e+00
1.802712e+00
1.809359e+00
1.805610e+00
1.808199e+00
1.814891e+00
1.809939e+00
1.808860e+00
1.801879e+00
1.807803e+00
1.809854e+00
1.808774e+00
1.813262e+00
1.809003e+00
1.812289e+00
1.807471e+00
1.809062e+00
1.810953e+00
1.810546e+00
1.810969e+00
1.812776e+00
1.806348e+00
1.804658e+00
1.803697e+00
1.805678e+00
1.808698e+00
1.801688e+00
1.801293e+00
1.806242e+00
1.810380e+00
1.810199e+00
1.809526e+00
1.809002e+00
1.806317e+00
1.811663e+00
1.799781e+00
1.807626e+00
1.812233e+00
1.806315e+00
1.800796e+00
1.801773e+00
1.807406e+00
1.811559e+00
1.809738e+00
1.812996e+00
1.806935e+00
1.808812e+00
1.812226e+00
1.812681e+00
1.812336e+00
1.809147e+00
1.804047e+00
1.804641e+00
1.807997e+00
1.809243e+00
1.812019e+00
1.806318e+00
1.817787e+00
1.809393e+00
1.805568e+00
1.809464e+00
1.813232e+00
1.807527e+00
1.806772e+00
1.811762e+00
1.802096e+00
1.811787e+00
1.808417e+00
1.808003e+00
1.809173e+00
1.804074e+00
1.804149e+00
1.806438e+00
1.807411e+00
1.805187e+00
1.808375e+00
1.812229e+00
1.809387e+00
1.807773e+00
1.806539e+00
1.809177e+00
1.810966e+00
1.808273e+00
1.801190e+00
1.813832e+00
1.809686e+00
1.805247e+00
1.816142e+00
1.813452e+00
1.799371e+00
1.805221e+00
1.805386e+00
1.810974e+00
1.812517e+00
1.800127e+00
1.811304e+00
1.808550e+00
1.811130e+00
1.808887e+00
1.808846e+00
1.806718e+00
1.807128e+00
1.809558e+00
1.820973e+00
1.808560e+00
1.810858e+00
1.808033e+00
1.802790e+00
1.809918e+00
1.812658e+00
1.807513e+00
1.808064e+00
1.812162e+00
1.807290e+00
1.808873e+00
1.808841e+00
1.811357e+00
1.800298e+00
1.808926e+00
1.804707e+00
1.807055e+00
1.808008e+00
1.802543e+00
1.807944e+00
1.804680e+00
1.810189e+00
1.814193e+00
1.800195e+00
1.801679e+00
1.810426e+00
1.810572e+00
1.807239e+00
1.810573e+00
1.814715e+00
1.806583e+00
1.811408e+00
1.805334e+00
1.812426e+00
1.808153e+00
1.811511e+00
1.812652e+00
1.805185e+00
1.806036e+00
1.806332e+00
1.814099e+00
1.810514e+00
1.806566e+00
1.808396e+00
1.807456e+00
1.808067e+00
1.806041e+00
1.809132e+00
1.809908e+00
1.807586e+00
1.819798e+00
1.809828e+00
1.804827e+00
1.814752e+00
1.815422e+00
1.802476e+00
1.806548e+00
1.804211e+00
1.811077e+00
1.813306e+00
1.803792e+00
1.805097e+00
1.814245e+00
1.808018e+00
1.812064e+00
1.800723e+00
1.807652e+00
1.808264e+00
1.807878e+00
1.803449e+00
1.813880e+00
1.809646e+00
1.811263e+00
1.811439e+00
1.814485e+00
1.814120e+00
1.812486e+00
1.805082e+00
1.803618e+00
1.810498e+00
1.806283e+00
1.813172e+00
1.811915e+00
1.800597e+00
1.808849e+00
1.800452e+00
1.810153e+00
1.806339e+00
1.812027e+00
1.806782e+00
1.812564e+00
1.810958e+00
1.811188e+00
1.813755e+00
1.809193e+00
1.804926e+00
1.801203e+00
1.806448e+00
1.807427e+00
1.807750e+00
1.803965e+00
1.811466e+00
1.808449e+00
1.808231e+00
1.813944e+00
1.813137e+00
1.809326e+00
1.812583e+00
1.804387e+00
1.810645e+00
1.802427e+00
1.806609e+00
1.811090e+00
1.806557e+00
1.812183e+00
1.809106e+00
1.806709e+00
1.807344e+00
1.805715e+00
1.805304e+00
1.806621e+00
1.810916e+00
1.808937e+00
1.807814e+00
1.803217e+00
1.810449e+00
1.808677e+00
1.802675e+00
1.813125e+00
1.803613e+00
1.810499e+00
1.809379e+00
1.810994e+00
1.812871e+00
1.804416e+00
1.805725e+00
1.806253e+00
1.805148e+00
1.812243e+00
1.806076e+00
1.808231e+00
1.804379e+00
1.813644e+00
1.811258e+00
1.809431e+00
1.807567e+00
1.806404e+00
1.811589e+00
1.813452e+00
1.815714e+00
1.808613e+00
1.806949e+00
1.812252e+00
1.808571e+00
1.806762e+00
1.809953e+00
1.808967e+00
1.801503e+00
1.812040e+00
1.803606e+00
1.807843e+00
1.805334e+00
1.805021e+00
1.814257e+00
1.807969e+00
1.812915e+00
1.809587e+00
1.809755e+00
1.804883e+00
1.811585e+00
1.808509e+00
1.812540e+00
1.811825e+00
1.810773e+00
1.808947e+00
1.803036e+00
1.807622e+00
1.811897e+00
1.815173e+00
1.806344e+00
1.810375e+00
1.805006e+00
1.799877e+00
1.806061e+00
1.807653e+00
1.808713e+00
1.808016e+00
1.806494e+00
1.816944e+00
1.802354e+00
1.815791e+00
1.802182e+00
1.809934e+00
1.802792e+00
1.811266e+00
1.806368e+00
1.813394e+00
1.806387e+00
1.810062e+00
1.811230e+00
1.808057e+00
1.812054e+00
1.811982e+00
1.804979e+00
1.805170e+00
1.814019e+00
1.811506e+00
1.805367e+00
1.810084e+00
1.803913e+00
1.810790e+00
1.805861e+00
1.802274e+00
1.808096e+00
1.814559e+00
1.811764e+00
1.811033e+00
1.806308e+00
1.807961e+00
1.805336e+00
1.812470e+00
1.805167e+00
1.809398e+00
1.805595e+00
1.810159e+00
1.808074e+00
1.814267e+00
1.812124e+00
1.805777e+00
1.806027e+00
1.805075e+00
1.811478e+00
1.808809e+00
1.801786e+00
1.801144e+00
1.808314e+00
1.809983e+00
1.810723e+00
1.807663e+00
1.806344e+00
1.805098e+00
1.807097e+00
1.808594e+00
1.810214e+00
1.811356e+00
1.809022e+00
1.811002e+00
1.809834e+00
1.805489e+00
1.807128e+00
1.806871e+00
1.809609e+00
1.806524e+00
1.813828e+00
1.807165e+00
1.811096e+00
1.806419e+00
1.807438e+00
1.807603e+00
1.807470e+00
1.805187e+00
1.805602e+00
1.801327e+00
1.809255e+00
1.816161e+00
1.805870e+00
1.800606e+00
1.805864e+00
1.810833e+00
1.804272e+00
1.809428e+00
1.807456e+00
1.812506e+00
1.803732e+00
1.807268e+00
1.805445e+00
1.809304e+00
1.799743e+00
1.814768e+00
1.808771e+00
1.804878e+00
1.807425e+00
1.816287e+00
1.809522e+00
1.808212e+00
1.809942e+00
1.803859e+00
1.802461e+00
1.810509e+00
1.800157e+00
1.810640e+00
1.805851e+00
1.811542e+00
1.804442e+00
1.804675e+00
1.807151e+00
1.808108e+00
1.807723e+00
1.808923e+00
1.813463e+00
1.805816e+00
1.806097e+00
1.803786e+00
1.815079e+00
1.807808e+00
1.802932e+00
1.814079e+00
1.808754e+00
1.811119e+00
1.810050e+00
1.803704e+00
1.808310e+00
1.808114e+00
1.808530e+00
1.810772e+00
1.809447e+00
1.803640e+00
1.803892e+00
1.812019e+00
1.809489e+00
1.813680e+00
1.808098e+00
1.810146e+00
1.815086e+00
1.806582e+00
1.808378e+00
1.812468e+00
1.807266e+00
