# Rustico's pk normalizations for realistic mocks from 1 to 1000 of NGC
1.728467e+00
1.731734e+00
1.728706e+00
1.730725e+00
1.727540e+00
1.723394e+00
1.733076e+00
1.735470e+00
1.733689e+00
1.729911e+00
1.735141e+00
1.739275e+00
1.738009e+00
1.741060e+00
1.734379e+00
1.728923e+00
1.734421e+00
1.734355e+00
1.730993e+00
1.731007e+00
1.734507e+00
1.733699e+00
1.727498e+00
1.730422e+00
1.740668e+00
1.725696e+00
1.725671e+00
1.732156e+00
1.727127e+00
1.732042e+00
1.737324e+00
1.734329e+00
1.734574e+00
1.733348e+00
1.739423e+00
1.735677e+00
1.727251e+00
1.730599e+00
1.738351e+00
1.723402e+00
1.727556e+00
1.731348e+00
1.737584e+00
1.741211e+00
1.732771e+00
1.732297e+00
1.735491e+00
1.735007e+00
1.734316e+00
1.742361e+00
1.729844e+00
1.734848e+00
1.730760e+00
1.731977e+00
1.736275e+00
1.739266e+00
1.737160e+00
1.730818e+00
1.737382e+00
1.728695e+00
1.723253e+00
1.726006e+00
1.734280e+00
1.740214e+00
1.729096e+00
1.732138e+00
1.737826e+00
1.732445e+00
1.723561e+00
1.735702e+00
1.729713e+00
1.728099e+00
1.733666e+00
1.732027e+00
1.735975e+00
1.733416e+00
1.734069e+00
1.727491e+00
1.728397e+00
1.739063e+00
1.733367e+00
1.743420e+00
1.745040e+00
1.736989e+00
1.734384e+00
1.729165e+00
1.731892e+00
1.730819e+00
1.731933e+00
1.731192e+00
1.727844e+00
1.732456e+00
1.742888e+00
1.728981e+00
1.732644e+00
1.735773e+00
1.738447e+00
1.733784e+00
1.726423e+00
1.724633e+00
1.726810e+00
1.732142e+00
1.735633e+00
1.726934e+00
1.730395e+00
1.735294e+00
1.733133e+00
1.733827e+00
1.732049e+00
1.737519e+00
1.729484e+00
1.730642e+00
1.732077e+00
1.734000e+00
1.728391e+00
1.723689e+00
1.735194e+00
1.728382e+00
1.734747e+00
1.740618e+00
1.727757e+00
1.734458e+00
1.727503e+00
1.736673e+00
1.737768e+00
1.725265e+00
1.725935e+00
1.733851e+00
1.735429e+00
1.729260e+00
1.730308e+00
1.730264e+00
1.737505e+00
1.732758e+00
1.730922e+00
1.733937e+00
1.732746e+00
1.732501e+00
1.724696e+00
1.738301e+00
1.741487e+00
1.731577e+00
1.732998e+00
1.738313e+00
1.739227e+00
1.732630e+00
1.738502e+00
1.729504e+00
1.739378e+00
1.737881e+00
1.744431e+00
1.726076e+00
1.732540e+00
1.730571e+00
1.733370e+00
1.738842e+00
1.729776e+00
1.732794e+00
1.730456e+00
1.733121e+00
1.736342e+00
1.729431e+00
1.728913e+00
1.732722e+00
1.738587e+00
1.736165e+00
1.733823e+00
1.731871e+00
1.735801e+00
1.732271e+00
1.727935e+00
1.733286e+00
1.736999e+00
1.737900e+00
1.734831e+00
1.731692e+00
1.731944e+00
1.738139e+00
1.730759e+00
1.735635e+00
1.728633e+00
1.732899e+00
1.739717e+00
1.729465e+00
1.733731e+00
1.740237e+00
1.730886e+00
1.733259e+00
1.721416e+00
1.731287e+00
1.726100e+00
1.735090e+00
1.729842e+00
1.732188e+00
1.735854e+00
1.731557e+00
1.742219e+00
1.733820e+00
1.728600e+00
1.734182e+00
1.729960e+00
1.737286e+00
1.747385e+00
1.727736e+00
1.724389e+00
1.732154e+00
1.731964e+00
1.728009e+00
1.737095e+00
1.729215e+00
1.733005e+00
1.738560e+00
1.723832e+00
1.742314e+00
1.737499e+00
1.731252e+00
1.738711e+00
1.736460e+00
1.737125e+00
1.728312e+00
1.730603e+00
1.730176e+00
1.735895e+00
1.722642e+00
1.724998e+00
1.738992e+00
1.736500e+00
1.736994e+00
1.730813e+00
1.735213e+00
1.733588e+00
1.738751e+00
1.735262e+00
1.732888e+00
1.739510e+00
1.729651e+00
1.730070e+00
1.733950e+00
1.735734e+00
1.734578e+00
1.731774e+00
1.742379e+00
1.734903e+00
1.731984e+00
1.735928e+00
1.725300e+00
1.737848e+00
1.733783e+00
1.731487e+00
1.733698e+00
1.742144e+00
1.735776e+00
1.735641e+00
1.735731e+00
1.732218e+00
1.736544e+00
1.733576e+00
1.730363e+00
1.731296e+00
1.722336e+00
1.728959e+00
1.737188e+00
1.736462e+00
1.740395e+00
1.725546e+00
1.734517e+00
1.729671e+00
1.732651e+00
1.735236e+00
1.743545e+00
1.737085e+00
1.732307e+00
1.737000e+00
1.731263e+00
1.740719e+00
1.734933e+00
1.739189e+00
1.731772e+00
1.726840e+00
1.733880e+00
1.730109e+00
1.738380e+00
1.728174e+00
1.737678e+00
1.726242e+00
1.735411e+00
1.737402e+00
1.732206e+00
1.731108e+00
1.731932e+00
1.730971e+00
1.729519e+00
1.736285e+00
1.724902e+00
1.733704e+00
1.736089e+00
1.733705e+00
1.727991e+00
1.728726e+00
1.733937e+00
1.736473e+00
1.728718e+00
1.736327e+00
1.732894e+00
1.726384e+00
1.734047e+00
1.732832e+00
1.743829e+00
1.731729e+00
1.739006e+00
1.721963e+00
1.739889e+00
1.732497e+00
1.728832e+00
1.733355e+00
1.729920e+00
1.731646e+00
1.735741e+00
1.729460e+00
1.736718e+00
1.740801e+00
1.733424e+00
1.744624e+00
1.736826e+00
1.729121e+00
1.732826e+00
1.731507e+00
1.730363e+00
1.738937e+00
1.737456e+00
1.744579e+00
1.734372e+00
1.729424e+00
1.729109e+00
1.736562e+00
1.736648e+00
1.734081e+00
1.729337e+00
1.737580e+00
1.735543e+00
1.726218e+00
1.735524e+00
1.738828e+00
1.730888e+00
1.740211e+00
1.725950e+00
1.735658e+00
1.734404e+00
1.728470e+00
1.733484e+00
1.723466e+00
1.727788e+00
1.735713e+00
1.733274e+00
1.733384e+00
1.735803e+00
1.732490e+00
1.735825e+00
1.734182e+00
1.723200e+00
1.740271e+00
1.735904e+00
1.744237e+00
1.737023e+00
1.733904e+00
1.735388e+00
1.731979e+00
1.737109e+00
1.729488e+00
1.734664e+00
1.726082e+00
1.721826e+00
1.742905e+00
1.727894e+00
1.724832e+00
1.738412e+00
1.729581e+00
1.738374e+00
1.731778e+00
1.732353e+00
1.729479e+00
1.740528e+00
1.732323e+00
1.730546e+00
1.739372e+00
1.729108e+00
1.733804e+00
1.735800e+00
1.736876e+00
1.731176e+00
1.738504e+00
1.728232e+00
1.735510e+00
1.747808e+00
1.736302e+00
1.728075e+00
1.728597e+00
1.739484e+00
1.728087e+00
1.737452e+00
1.725382e+00
1.725304e+00
1.738792e+00
1.738165e+00
1.735981e+00
1.733438e+00
1.735942e+00
1.739224e+00
1.721944e+00
1.733274e+00
1.735534e+00
1.730301e+00
1.733410e+00
1.731437e+00
1.730227e+00
1.736986e+00
1.733743e+00
1.733249e+00
1.736960e+00
1.733052e+00
1.741246e+00
1.727541e+00
1.735705e+00
1.729779e+00
1.729023e+00
1.733097e+00
1.735432e+00
1.736287e+00
1.725255e+00
1.742665e+00
1.735951e+00
1.732718e+00
1.733279e+00
1.736272e+00
1.727931e+00
1.730403e+00
1.739468e+00
1.737398e+00
1.730994e+00
1.730019e+00
1.732806e+00
1.735889e+00
1.729160e+00
1.724675e+00
1.730457e+00
1.730793e+00
1.734951e+00
1.737497e+00
1.734991e+00
1.733522e+00
1.738985e+00
1.736010e+00
1.726134e+00
1.729280e+00
1.736159e+00
1.734452e+00
1.731682e+00
1.743790e+00
1.722087e+00
1.728199e+00
1.730101e+00
1.744157e+00
1.727460e+00
1.735637e+00
1.735105e+00
1.728586e+00
1.732648e+00
1.728213e+00
1.729335e+00
1.737533e+00
1.730032e+00
1.728793e+00
1.734033e+00
1.728414e+00
1.736821e+00
1.732753e+00
1.732078e+00
1.723817e+00
1.729528e+00
1.723584e+00
1.737174e+00
1.739588e+00
1.733867e+00
1.740533e+00
1.728105e+00
1.725531e+00
1.737610e+00
1.730376e+00
1.724042e+00
1.730326e+00
1.731758e+00
1.734382e+00
1.730921e+00
1.726175e+00
1.737629e+00
1.722555e+00
1.734299e+00
1.734702e+00
1.738063e+00
1.731940e+00
1.731496e+00
1.731431e+00
1.723780e+00
1.733268e+00
1.730762e+00
1.727837e+00
1.734769e+00
1.739679e+00
1.730186e+00
1.734159e+00
1.727617e+00
1.735129e+00
1.731634e+00
1.729263e+00
1.732921e+00
1.727585e+00
1.737544e+00
1.730397e+00
1.730919e+00
1.737142e+00
1.729551e+00
1.733648e+00
1.730576e+00
1.726510e+00
1.735800e+00
1.731540e+00
1.727739e+00
1.735956e+00
1.730658e+00
1.731775e+00
1.730723e+00
1.737196e+00
1.735305e+00
1.738780e+00
1.736010e+00
1.736583e+00
1.737758e+00
1.729349e+00
1.724921e+00
1.737492e+00
1.735201e+00
1.735291e+00
1.729541e+00
1.731492e+00
1.728350e+00
1.731173e+00
1.733468e+00
1.738490e+00
1.735799e+00
1.738305e+00
1.731122e+00
1.734799e+00
1.729711e+00
1.727315e+00
1.733735e+00
1.729035e+00
1.732072e+00
1.735791e+00
1.734043e+00
1.732091e+00
1.735345e+00
1.732331e+00
1.742189e+00
1.733969e+00
1.732505e+00
1.732237e+00
1.735269e+00
1.730659e+00
1.729923e+00
1.736015e+00
1.729331e+00
1.729636e+00
1.732830e+00
1.732003e+00
1.735232e+00
1.730726e+00
1.733750e+00
1.734953e+00
1.731580e+00
1.737268e+00
1.733188e+00
1.735705e+00
1.740135e+00
1.737817e+00
1.738985e+00
1.732156e+00
1.723205e+00
1.726792e+00
1.742125e+00
1.739596e+00
1.737826e+00
1.737352e+00
1.729164e+00
1.738510e+00
1.730181e+00
1.735002e+00
1.737441e+00
1.727266e+00
1.726063e+00
1.730957e+00
1.733968e+00
1.733708e+00
1.725179e+00
1.731069e+00
1.735066e+00
1.733554e+00
1.737641e+00
1.734916e+00
1.741308e+00
1.728583e+00
1.729142e+00
1.745680e+00
1.733178e+00
1.728922e+00
1.731714e+00
1.734256e+00
1.733906e+00
1.738393e+00
1.736356e+00
1.728202e+00
1.725965e+00
1.731523e+00
1.733245e+00
1.729811e+00
1.732301e+00
1.731177e+00
1.729084e+00
1.739499e+00
1.732031e+00
1.733253e+00
1.731497e+00
1.721312e+00
1.738371e+00
1.730872e+00
1.732137e+00
1.735455e+00
1.735900e+00
1.735519e+00
1.732937e+00
1.733974e+00
1.739482e+00
1.735871e+00
1.727228e+00
1.729766e+00
1.737619e+00
1.730618e+00
1.739063e+00
1.728106e+00
1.735776e+00
1.726708e+00
1.729026e+00
1.732104e+00
1.740522e+00
1.730291e+00
1.727722e+00
1.740509e+00
1.728255e+00
1.730396e+00
1.727434e+00
1.732399e+00
1.729926e+00
1.732042e+00
1.736705e+00
1.730968e+00
1.734304e+00
1.732367e+00
1.732356e+00
1.730779e+00
1.733697e+00
1.733971e+00
1.731410e+00
1.731367e+00
1.730871e+00
1.729345e+00
1.735150e+00
1.728891e+00
1.743587e+00
1.741907e+00
1.733106e+00
1.741731e+00
1.736561e+00
1.725369e+00
1.736322e+00
1.730649e+00
1.730778e+00
1.726450e+00
1.738412e+00
1.737069e+00
1.739221e+00
1.732246e+00
1.736242e+00
1.739675e+00
1.734762e+00
1.729040e+00
1.733125e+00
1.734259e+00
1.725535e+00
1.731774e+00
1.727835e+00
1.745604e+00
1.731425e+00
1.727282e+00
1.732308e+00
1.731201e+00
1.737617e+00
1.735455e+00
1.736953e+00
1.736173e+00
1.737543e+00
1.722202e+00
1.738311e+00
1.739004e+00
1.725294e+00
1.730324e+00
1.738856e+00
1.734511e+00
1.733383e+00
1.732484e+00
1.731737e+00
1.734020e+00
1.727738e+00
1.726956e+00
1.737624e+00
1.729404e+00
1.731919e+00
1.726557e+00
1.734324e+00
1.734171e+00
1.731840e+00
1.729701e+00
1.737851e+00
1.736603e+00
1.731792e+00
1.728438e+00
1.723552e+00
1.729810e+00
1.737016e+00
1.729836e+00
1.736949e+00
1.728956e+00
1.738779e+00
1.725179e+00
1.726254e+00
1.743351e+00
1.731324e+00
1.732080e+00
1.735992e+00
1.735857e+00
1.726556e+00
1.729602e+00
1.725217e+00
1.735040e+00
1.726072e+00
1.740408e+00
1.738878e+00
1.735458e+00
1.725551e+00
1.728435e+00
1.736515e+00
1.730558e+00
1.727182e+00
1.730412e+00
1.732793e+00
1.735184e+00
1.734964e+00
1.732596e+00
1.729974e+00
1.737372e+00
1.728820e+00
1.733221e+00
1.731409e+00
1.731771e+00
1.735938e+00
1.728431e+00
1.726767e+00
1.728377e+00
1.734949e+00
1.742948e+00
1.737199e+00
1.736259e+00
1.729437e+00
1.741424e+00
1.735753e+00
1.723905e+00
1.735736e+00
1.728955e+00
1.735849e+00
1.730287e+00
1.733229e+00
1.722349e+00
1.729535e+00
1.734894e+00
1.730335e+00
1.730103e+00
1.732283e+00
1.729146e+00
1.732486e+00
1.736269e+00
1.739192e+00
1.732276e+00
1.735673e+00
1.737704e+00
1.728950e+00
1.723117e+00
1.732348e+00
1.739148e+00
1.727072e+00
1.734114e+00
1.725275e+00
1.728549e+00
1.724689e+00
1.733345e+00
1.738219e+00
1.738369e+00
1.732047e+00
1.732286e+00
1.724269e+00
1.735415e+00
1.737893e+00
1.736166e+00
1.736335e+00
1.736399e+00
1.733643e+00
1.734492e+00
1.736224e+00
1.731969e+00
1.727862e+00
1.730319e+00
1.727475e+00
1.730035e+00
1.723779e+00
1.736409e+00
1.735700e+00
1.726060e+00
1.733769e+00
1.733370e+00
1.736449e+00
1.737986e+00
1.733851e+00
1.733532e+00
1.739541e+00
1.733135e+00
1.729604e+00
1.727133e+00
1.729807e+00
1.735402e+00
1.735603e+00
1.730936e+00
1.727952e+00
1.732929e+00
1.735047e+00
1.730162e+00
1.730438e+00
1.733192e+00
1.734656e+00
1.728974e+00
1.735964e+00
1.732121e+00
1.734277e+00
1.727905e+00
1.732067e+00
1.735716e+00
1.729845e+00
1.736185e+00
1.732316e+00
1.733187e+00
1.734021e+00
1.739684e+00
1.731498e+00
1.743166e+00
1.732881e+00
1.727470e+00
1.733168e+00
1.731935e+00
1.734477e+00
1.735483e+00
1.736861e+00
1.738776e+00
1.730534e+00
1.733159e+00
1.734264e+00
1.734468e+00
1.736284e+00
1.732839e+00
1.731190e+00
1.727458e+00
1.731183e+00
1.742715e+00
1.735262e+00
1.735640e+00
1.730586e+00
1.722117e+00
1.730469e+00
1.733281e+00
1.734007e+00
1.726265e+00
1.737010e+00
1.728084e+00
1.726253e+00
1.737010e+00
1.730172e+00
1.735340e+00
1.735632e+00
1.734338e+00
1.734358e+00
1.736408e+00
1.735840e+00
1.732151e+00
1.737156e+00
1.727192e+00
1.737126e+00
1.730199e+00
1.738928e+00
1.736811e+00
1.735723e+00
1.730499e+00
1.740262e+00
1.733031e+00
1.738884e+00
1.727002e+00
1.729555e+00
1.724492e+00
1.725422e+00
1.736195e+00
1.730865e+00
1.732214e+00
1.727676e+00
1.730792e+00
1.731818e+00
1.729327e+00
1.738702e+00
1.726116e+00
1.737560e+00
1.732129e+00
1.732370e+00
1.735051e+00
1.729697e+00
1.732881e+00
1.727046e+00
1.737070e+00
1.732713e+00
1.734227e+00
1.737029e+00
1.728040e+00
1.734873e+00
1.724467e+00
1.738224e+00
1.736309e+00
1.737224e+00
1.733855e+00
1.733393e+00
1.726882e+00
1.729254e+00
1.726867e+00
1.738443e+00
1.739472e+00
1.734595e+00
1.731195e+00
1.734284e+00
1.735842e+00
1.731582e+00
1.729380e+00
1.733696e+00
1.734686e+00
1.730451e+00
1.732662e+00
1.733499e+00
1.732072e+00
1.732910e+00
1.731536e+00
1.732965e+00
1.738379e+00
1.741712e+00
1.731672e+00
1.730187e+00
1.739281e+00
1.733495e+00
1.731810e+00
1.729760e+00
1.733056e+00
1.733894e+00
1.728568e+00
1.741184e+00
1.733253e+00
1.736833e+00
1.735515e+00
1.730480e+00
1.730961e+00
1.729403e+00
1.727411e+00
1.737234e+00
1.733818e+00
1.748614e+00
1.733192e+00
1.727677e+00
1.742779e+00
1.731402e+00
1.740134e+00
1.733042e+00
1.732492e+00
