# Bispectrum monopole for SGC EZmock_realistic
# Subtracted SN: kindep
# k1-eff  k2-eff  k3-eff  B0  B0-BSN  Std_dev  Std_dev(-BSN)
5.785000000000000211e-03 5.785000000000000211e-03 5.785000000000000211e-03 2.408658190003699493e+10 2.424598927999729919e+10 1.046900246248031769e+11 1.047590708078492737e+11
5.785000000000000211e-03 5.785000000000000211e-03 1.042599999999999950e-02 2.253150527024756622e+10 2.251715699306011581e+10 5.892958456242287445e+10 5.890188946925225830e+10
5.785000000000000211e-03 5.785000000000000211e-03 1.528299999999999971e-02 1.394625326463055420e+10 1.382867079786413193e+10 1.054551175463260956e+11 1.054679941074817047e+11
5.785000000000000211e-03 1.042599999999999950e-02 1.042599999999999950e-02 1.752857501445093536e+10 1.753907016340137863e+10 3.570029334039241028e+10 3.568399998647401428e+10
5.785000000000000211e-03 1.042599999999999950e-02 1.528299999999999971e-02 1.981931530048682404e+10 1.981553227069927597e+10 2.708571312681397629e+10 2.707244473537253952e+10
5.785000000000000211e-03 1.042599999999999950e-02 2.021500000000000033e-02 1.725108047198912430e+10 1.723831392480709457e+10 5.195293101405129242e+10 5.192854335572496033e+10
5.785000000000000211e-03 1.528299999999999971e-02 1.528299999999999971e-02 1.997011176886568832e+10 1.992334923748705673e+10 2.661268432219328690e+10 2.664046121474357605e+10
5.785000000000000211e-03 1.528299999999999971e-02 2.021500000000000033e-02 2.046080421411170959e+10 2.044049440587609100e+10 2.068796716191040421e+10 2.068760278964142990e+10
5.785000000000000211e-03 1.528299999999999971e-02 2.516799999999999940e-02 1.587281416182229614e+10 1.590612718106912422e+10 3.873204292388117218e+10 3.872702201089221954e+10
5.785000000000000211e-03 2.021500000000000033e-02 2.021500000000000033e-02 2.076622403050767517e+10 2.073214871355655289e+10 2.197024097126759720e+10 2.198568639551261520e+10
5.785000000000000211e-03 2.021500000000000033e-02 2.516799999999999940e-02 2.017641328420121765e+10 2.015429553087654114e+10 1.740649907950542068e+10 1.741185577961969376e+10
5.785000000000000211e-03 2.021500000000000033e-02 3.012099999999999847e-02 1.701696026193693542e+10 1.697582734967399406e+10 3.030780448447706985e+10 3.032057525465530777e+10
5.785000000000000211e-03 2.516799999999999940e-02 2.516799999999999940e-02 1.929488794430042648e+10 1.929034954703546906e+10 1.866295094793110275e+10 1.865417854943799591e+10
5.785000000000000211e-03 2.516799999999999940e-02 3.012099999999999847e-02 1.922578571950291824e+10 1.921529041671072388e+10 1.538139897798594475e+10 1.537729608277249908e+10
5.785000000000000211e-03 2.516799999999999940e-02 3.511199999999999738e-02 1.696179960653382111e+10 1.699022433901299667e+10 2.476506004870847321e+10 2.476900218274721146e+10
5.785000000000000211e-03 3.012099999999999847e-02 3.012099999999999847e-02 1.895469775745164490e+10 1.894441414323045349e+10 1.672421273196546555e+10 1.671901983831150627e+10
5.785000000000000211e-03 3.012099999999999847e-02 3.511199999999999738e-02 1.857274031438330078e+10 1.857177712816861725e+10 1.361049508406347466e+10 1.360372903453618622e+10
5.785000000000000211e-03 3.012099999999999847e-02 4.010899999999999882e-02 1.542700431960148239e+10 1.543982675490010452e+10 2.082482594860308075e+10 2.081837050542009735e+10
5.785000000000000211e-03 3.511199999999999738e-02 3.511199999999999738e-02 1.757111367058976364e+10 1.756429689638215256e+10 1.539057567140811539e+10 1.538439646920301247e+10
5.785000000000000211e-03 3.511199999999999738e-02 4.010899999999999882e-02 1.746721894154794312e+10 1.745185324225176239e+10 1.223490148948403740e+10 1.223843845844121170e+10
5.785000000000000211e-03 3.511199999999999738e-02 4.509300000000000114e-02 1.518917199701961517e+10 1.520904369644482040e+10 1.845594893354231262e+10 1.845742814441650009e+10
5.785000000000000211e-03 4.010899999999999882e-02 4.010899999999999882e-02 1.664076298309881020e+10 1.661868055765275192e+10 1.426089859309236145e+10 1.427086865391944695e+10
5.785000000000000211e-03 4.010899999999999882e-02 4.509300000000000114e-02 1.708108371703078651e+10 1.706971767832970238e+10 1.123351036426401520e+10 1.123364928464329910e+10
5.785000000000000211e-03 4.010899999999999882e-02 5.008300000000000252e-02 1.385392570172160530e+10 1.384038917914832687e+10 1.642124807187586021e+10 1.641862471954414368e+10
5.785000000000000211e-03 4.509300000000000114e-02 4.509300000000000114e-02 1.613001383029741669e+10 1.612071767150577164e+10 1.311028827750033569e+10 1.310703510854662132e+10
5.785000000000000211e-03 4.509300000000000114e-02 5.008300000000000252e-02 1.646088352175034904e+10 1.644185441742386055e+10 1.061422521189092827e+10 1.062597451684260941e+10
5.785000000000000211e-03 4.509300000000000114e-02 5.508300000000000002e-02 1.302307960433670616e+10 1.300705047643361282e+10 1.432480418381933403e+10 1.432661693583717918e+10
5.785000000000000211e-03 5.008300000000000252e-02 5.008300000000000252e-02 1.578540190973756599e+10 1.576783750645694542e+10 1.244229007231906319e+10 1.244847117440597916e+10
5.785000000000000211e-03 5.008300000000000252e-02 5.508300000000000002e-02 1.569392304739194679e+10 1.567681414803106880e+10 1.032397855013559341e+10 1.033299421687402916e+10
5.785000000000000211e-03 5.008300000000000252e-02 6.007599999999999746e-02 1.250090364333320999e+10 1.250232929866777611e+10 1.452068481331993866e+10 1.451349993258389664e+10
5.785000000000000211e-03 5.508300000000000002e-02 5.508300000000000002e-02 1.507895066520705605e+10 1.505828413476023102e+10 1.236721400232131386e+10 1.237829925607430649e+10
5.785000000000000211e-03 5.508300000000000002e-02 6.007599999999999746e-02 1.551557692032520294e+10 1.550175910353053093e+10 9.887262901518455505e+09 9.891978540076707840e+09
5.785000000000000211e-03 5.508300000000000002e-02 6.506599999999999884e-02 1.310600578575378609e+10 1.310849997038542366e+10 1.269617538976195335e+10 1.269007717261339951e+10
5.785000000000000211e-03 6.007599999999999746e-02 6.007599999999999746e-02 1.506071563881955147e+10 1.504706637771927071e+10 1.172998322050578690e+10 1.173206519035027313e+10
5.785000000000000211e-03 6.007599999999999746e-02 6.506599999999999884e-02 1.536597658514104080e+10 1.535204735623244286e+10 9.707809591635179520e+09 9.712952335195741653e+09
5.785000000000000211e-03 6.007599999999999746e-02 7.006400000000000128e-02 1.278858340483127594e+10 1.279289222151333046e+10 1.179432858155860519e+10 1.178922327261213875e+10
5.785000000000000211e-03 6.506599999999999884e-02 6.506599999999999884e-02 1.478878868447564507e+10 1.476791820846006775e+10 1.177425707213195610e+10 1.178686606926542282e+10
5.785000000000000211e-03 6.506599999999999884e-02 7.006400000000000128e-02 1.506328788436867523e+10 1.504907245633726883e+10 9.771660005545913696e+09 9.777117556252819061e+09
5.785000000000000211e-03 6.506599999999999884e-02 7.506100000000000272e-02 1.236402349939813423e+10 1.235466666889254570e+10 1.131056429910932732e+10 1.130878481436870766e+10
5.785000000000000211e-03 7.006400000000000128e-02 7.006400000000000128e-02 1.438830875589676476e+10 1.437235107529301643e+10 1.126119252253684044e+10 1.126687253991232109e+10
5.785000000000000211e-03 7.006400000000000128e-02 7.506100000000000272e-02 1.485312758827288055e+10 1.483708390309263420e+10 9.273854319384342194e+09 9.283095136636528015e+09
5.785000000000000211e-03 7.006400000000000128e-02 8.005600000000000216e-02 1.241180102030991554e+10 1.240281328467490387e+10 1.039784490554920769e+10 1.039653552392295837e+10
5.785000000000000211e-03 7.506100000000000272e-02 7.506100000000000272e-02 1.421922619588570976e+10 1.420298084259207153e+10 1.092613921270318031e+10 1.093275666710672569e+10
5.785000000000000211e-03 7.506100000000000272e-02 8.005600000000000216e-02 1.440887032873306274e+10 1.439261272398601532e+10 9.043648626222888947e+09 9.053738692501247406e+09
5.785000000000000211e-03 8.005600000000000216e-02 8.005600000000000216e-02 1.396809088990654945e+10 1.394989967543845749e+10 1.090460217843495560e+10 1.091432441320302391e+10
1.042599999999999950e-02 1.042599999999999950e-02 1.042599999999999950e-02 1.353733698489888000e+10 1.354852167800103760e+10 4.157163618021882629e+10 4.155237126326278687e+10
1.042599999999999950e-02 1.042599999999999950e-02 1.528299999999999971e-02 1.414843854055175972e+10 1.415592885716263199e+10 2.124607376329459381e+10 2.123677966389057159e+10
1.042599999999999950e-02 1.042599999999999950e-02 2.021500000000000033e-02 1.499837403688888931e+10 1.497473756638231659e+10 2.443695521559862900e+10 2.443618003565991211e+10
1.042599999999999950e-02 1.042599999999999950e-02 2.516799999999999940e-02 1.477505973618448830e+10 1.477937069403305244e+10 4.887522321631721497e+10 4.885099413276051331e+10
1.042599999999999950e-02 1.528299999999999971e-02 1.528299999999999971e-02 1.522896782354795647e+10 1.519552810770097923e+10 1.800598806280138779e+10 1.802803175610884857e+10
1.042599999999999950e-02 1.528299999999999971e-02 2.021500000000000033e-02 1.453003536180231094e+10 1.454259768883504868e+10 1.090864003081997108e+10 1.091042436547319221e+10
1.042599999999999950e-02 1.528299999999999971e-02 2.516799999999999940e-02 1.530114962956460953e+10 1.532148506055728531e+10 1.287691899848482704e+10 1.288654039118712807e+10
1.042599999999999950e-02 1.528299999999999971e-02 3.012099999999999847e-02 1.523896390877278328e+10 1.526362555064813805e+10 2.870416715560602188e+10 2.870042338661520386e+10
1.042599999999999950e-02 2.021500000000000033e-02 2.021500000000000033e-02 1.429859404625694656e+10 1.429553389249828339e+10 1.240413336781768990e+10 1.239831360838417625e+10
1.042599999999999950e-02 2.021500000000000033e-02 2.516799999999999940e-02 1.433800299088829231e+10 1.434792654477058029e+10 8.079091489747634888e+09 8.081150271377234459e+09
1.042599999999999950e-02 2.021500000000000033e-02 3.012099999999999847e-02 1.522672103507405853e+10 1.522614111362403107e+10 9.839749021269624710e+09 9.834849931422439575e+09
1.042599999999999950e-02 2.021500000000000033e-02 3.511199999999999738e-02 1.599043952173137474e+10 1.598916491460319138e+10 2.056040486387477112e+10 2.055017189343071747e+10
1.042599999999999950e-02 2.516799999999999940e-02 2.516799999999999940e-02 1.447300613613978195e+10 1.448812295003415871e+10 9.738205176129005432e+09 9.745071585809545517e+09
1.042599999999999950e-02 2.516799999999999940e-02 3.012099999999999847e-02 1.429834492746412086e+10 1.429718313923491478e+10 6.853722525765925407e+09 6.850396749547176361e+09
1.042599999999999950e-02 2.516799999999999940e-02 3.511199999999999738e-02 1.507258247487370491e+10 1.506380638810097122e+10 8.199602276478910446e+09 8.200203099942060471e+09
1.042599999999999950e-02 2.516799999999999940e-02 4.010899999999999882e-02 1.554715248857446289e+10 1.555960632185574341e+10 1.785810819315019608e+10 1.785352998056274414e+10
1.042599999999999950e-02 3.012099999999999847e-02 3.012099999999999847e-02 1.395906710047009659e+10 1.395699700370697784e+10 8.622749163628122330e+09 8.618689628583045959e+09
1.042599999999999950e-02 3.012099999999999847e-02 3.511199999999999738e-02 1.336909770685042572e+10 1.336599481572190475e+10 5.461682384753514290e+09 5.459835366655732155e+09
1.042599999999999950e-02 3.012099999999999847e-02 4.010899999999999882e-02 1.409991694390420914e+10 1.410375549799863243e+10 6.549657849607690811e+09 6.547510769878834724e+09
1.042599999999999950e-02 3.012099999999999847e-02 4.509300000000000114e-02 1.389164151358109283e+10 1.389214543304799080e+10 1.428495102752388191e+10 1.427782279704071999e+10
1.042599999999999950e-02 3.511199999999999738e-02 3.511199999999999738e-02 1.260014124733084297e+10 1.260918612430303383e+10 6.615771952911821365e+09 6.618649682416915894e+09
1.042599999999999950e-02 3.511199999999999738e-02 4.010899999999999882e-02 1.255791825373914909e+10 1.255342179854504585e+10 4.788074240227849007e+09 4.787793885190587044e+09
1.042599999999999950e-02 3.511199999999999738e-02 4.509300000000000114e-02 1.314255052073071480e+10 1.313570348183564949e+10 5.469539303627644539e+09 5.471092775793375015e+09
1.042599999999999950e-02 3.511199999999999738e-02 5.008300000000000252e-02 1.365672673484545708e+10 1.362062105125525475e+10 1.246433569771205902e+10 1.251031895328211594e+10
1.042599999999999950e-02 4.010899999999999882e-02 4.010899999999999882e-02 1.219746207325015831e+10 1.220111688195077515e+10 5.818827738609580994e+09 5.817068758999689102e+09
1.042599999999999950e-02 4.010899999999999882e-02 4.509300000000000114e-02 1.246239722384312630e+10 1.246262980783168030e+10 4.119605917665783405e+09 4.117554227142676353e+09
1.042599999999999950e-02 4.010899999999999882e-02 5.008300000000000252e-02 1.269198604355590630e+10 1.268682557674068451e+10 4.930466640812722206e+09 4.930704462633914948e+09
1.042599999999999950e-02 4.010899999999999882e-02 5.508300000000000002e-02 1.326156430564764404e+10 1.323409602070442200e+10 1.140276274990899086e+10 1.143011863032087898e+10
1.042599999999999950e-02 4.509300000000000114e-02 4.509300000000000114e-02 1.207618960631450844e+10 1.207081747546608734e+10 4.979385859174540520e+09 4.979796563151898384e+09
1.042599999999999950e-02 4.509300000000000114e-02 5.008300000000000252e-02 1.207171131347142410e+10 1.206841768998421288e+10 3.835500315184873104e+09 3.834998599368360519e+09
1.042599999999999950e-02 4.509300000000000114e-02 5.508300000000000002e-02 1.220641143481226158e+10 1.219174447122745132e+10 4.475695678079696655e+09 4.497439247351383209e+09
1.042599999999999950e-02 4.509300000000000114e-02 6.007599999999999746e-02 1.270168222622536469e+10 1.267616903274305344e+10 9.601875964620668411e+09 9.630931479535297394e+09
1.042599999999999950e-02 5.008300000000000252e-02 5.008300000000000252e-02 1.153871880740567780e+10 1.153304401880335617e+10 4.640801836010283470e+09 4.641953185959815979e+09
1.042599999999999950e-02 5.008300000000000252e-02 5.508300000000000002e-02 1.148571558942089081e+10 1.148451234779118919e+10 3.653081958887596607e+09 3.651455040480064869e+09
1.042599999999999950e-02 5.008300000000000252e-02 6.007599999999999746e-02 1.175506231086901093e+10 1.175053440851239395e+10 3.941153504157923698e+09 3.941785847724075794e+09
1.042599999999999950e-02 5.008300000000000252e-02 6.506599999999999884e-02 1.223582348804902077e+10 1.222805387922596169e+10 8.634010381597339630e+09 8.633193524252080917e+09
1.042599999999999950e-02 5.508300000000000002e-02 5.508300000000000002e-02 1.129421157954578972e+10 1.129533707256099892e+10 4.157399806338153362e+09 4.155475084490881920e+09
1.042599999999999950e-02 5.508300000000000002e-02 6.007599999999999746e-02 1.126815736219461823e+10 1.126811788169291496e+10 3.325440720542623520e+09 3.323779480662897110e+09
1.042599999999999950e-02 5.508300000000000002e-02 6.506599999999999884e-02 1.161844458822806549e+10 1.161484621530832863e+10 3.801184382828473568e+09 3.800988875514432907e+09
1.042599999999999950e-02 5.508300000000000002e-02 7.006400000000000128e-02 1.161456316896520424e+10 1.162083347429366875e+10 8.074975724197895050e+09 8.073376591144742012e+09
1.042599999999999950e-02 6.007599999999999746e-02 6.007599999999999746e-02 1.108536660021524239e+10 1.108121880855203819e+10 3.922543730285269260e+09 3.922777397883284569e+09
1.042599999999999950e-02 6.007599999999999746e-02 6.506599999999999884e-02 1.111149197248328590e+10 1.110738536389494705e+10 3.156554752991546631e+09 3.157649166501362324e+09
1.042599999999999950e-02 6.007599999999999746e-02 7.006400000000000128e-02 1.135807480463728142e+10 1.135409976922437668e+10 3.471251772310035229e+09 3.471793804646808147e+09
1.042599999999999950e-02 6.007599999999999746e-02 7.506100000000000272e-02 1.135771220796725464e+10 1.133998255831649399e+10 7.204965966043031693e+09 7.223158268630152702e+09
1.042599999999999950e-02 6.506599999999999884e-02 6.506599999999999884e-02 1.087051878887033463e+10 1.086482222328267479e+10 3.647194128091654301e+09 3.649820150529205322e+09
1.042599999999999950e-02 6.506599999999999884e-02 7.006400000000000128e-02 1.087915811896495819e+10 1.087519834949587250e+10 2.945503280400170803e+09 2.946693405640274048e+09
1.042599999999999950e-02 6.506599999999999884e-02 7.506100000000000272e-02 1.112496055983634186e+10 1.112352362314795494e+10 3.211546229130855560e+09 3.210263266997684479e+09
1.042599999999999950e-02 6.506599999999999884e-02 8.005600000000000216e-02 1.181746880001898956e+10 1.182810911062202263e+10 7.132445902273009300e+09 7.136818604602108955e+09
1.042599999999999950e-02 7.006400000000000128e-02 7.006400000000000128e-02 1.081205909063434410e+10 1.080754113134415054e+10 3.376083164888903141e+09 3.377419568458865166e+09
1.042599999999999950e-02 7.006400000000000128e-02 7.506100000000000272e-02 1.064733216776901054e+10 1.064767723052329826e+10 2.831684212511174202e+09 2.830290466124475002e+09
1.042599999999999950e-02 7.006400000000000128e-02 8.005600000000000216e-02 1.089191322290343857e+10 1.089162580076192665e+10 3.022142610599258900e+09 3.020646346156739712e+09
1.042599999999999950e-02 7.506100000000000272e-02 7.506100000000000272e-02 1.041738298379018211e+10 1.041865385018272018e+10 3.242486401680821419e+09 3.241115541233060837e+09
1.042599999999999950e-02 7.506100000000000272e-02 8.005600000000000216e-02 1.036404101349188805e+10 1.036223453850296783e+10 2.650187047638929367e+09 2.649478866578519821e+09
1.042599999999999950e-02 8.005600000000000216e-02 8.005600000000000216e-02 1.007566138762798500e+10 1.006962506847239876e+10 3.021566875081906319e+09 3.026083737094093323e+09
1.528299999999999971e-02 1.528299999999999971e-02 1.528299999999999971e-02 1.567538729910032272e+10 1.564494775473323822e+10 2.310484877000835800e+10 2.311335764899345016e+10
1.528299999999999971e-02 1.528299999999999971e-02 2.021500000000000033e-02 1.527644932776637459e+10 1.525755911263541031e+10 1.208640787266312218e+10 1.209512960542891502e+10
1.528299999999999971e-02 1.528299999999999971e-02 2.516799999999999940e-02 1.593220454646965408e+10 1.594018343406458282e+10 1.133658936094054794e+10 1.133373420887277794e+10
1.528299999999999971e-02 1.528299999999999971e-02 3.012099999999999847e-02 1.621075512419819450e+10 1.621112364563219833e+10 1.409629251220052719e+10 1.408925446721486664e+10
1.528299999999999971e-02 1.528299999999999971e-02 3.511199999999999738e-02 1.481688782855128479e+10 1.484276495283694839e+10 2.909912978480308151e+10 2.909610053518026352e+10
1.528299999999999971e-02 2.021500000000000033e-02 2.021500000000000033e-02 1.551650893713647461e+10 1.551177925745516014e+10 1.048751112381502533e+10 1.048333827702183533e+10
1.528299999999999971e-02 2.021500000000000033e-02 2.516799999999999940e-02 1.518727729118705940e+10 1.517699503388405609e+10 6.773584108554539680e+09 6.778003458603298187e+09
1.528299999999999971e-02 2.021500000000000033e-02 3.012099999999999847e-02 1.556379883868519402e+10 1.555609472742745590e+10 6.056500052566545486e+09 6.058374507132410049e+09
1.528299999999999971e-02 2.021500000000000033e-02 3.511199999999999738e-02 1.549989395293661880e+10 1.549484401161057472e+10 7.471926168430782318e+09 7.469900177854941368e+09
1.528299999999999971e-02 2.021500000000000033e-02 4.010899999999999882e-02 1.586594841744952583e+10 1.588568319453515434e+10 1.649512825667717361e+10 1.649869389352029037e+10
1.528299999999999971e-02 2.516799999999999940e-02 2.516799999999999940e-02 1.482400650622822762e+10 1.481761216525377655e+10 8.513007067176788330e+09 8.511156092556650162e+09
1.528299999999999971e-02 2.516799999999999940e-02 3.012099999999999847e-02 1.476909711214216232e+10 1.475425208540003395e+10 5.249615835200732231e+09 5.267951243195311546e+09
1.528299999999999971e-02 2.516799999999999940e-02 3.511199999999999738e-02 1.467744227339979553e+10 1.466444675958186913e+10 4.876363546666095734e+09 4.891221693235028267e+09
1.528299999999999971e-02 2.516799999999999940e-02 4.010899999999999882e-02 1.526423587630106354e+10 1.526258958110522461e+10 5.843083956811987877e+09 5.840396638210601807e+09
1.528299999999999971e-02 2.516799999999999940e-02 4.509300000000000114e-02 1.562896590013295174e+10 1.563393817264614105e+10 1.380838048152440262e+10 1.380237711866539192e+10
1.528299999999999971e-02 3.012099999999999847e-02 3.012099999999999847e-02 1.447323260959307289e+10 1.446446201460409355e+10 6.591606861525581360e+09 6.594148806194022179e+09
1.528299999999999971e-02 3.012099999999999847e-02 3.511199999999999738e-02 1.426260268131657219e+10 1.425308739639688683e+10 4.184341211903491497e+09 4.193061030390480042e+09
1.528299999999999971e-02 3.012099999999999847e-02 4.010899999999999882e-02 1.455535367676913643e+10 1.454651611282935524e+10 3.868850140939699650e+09 3.877002824486227036e+09
1.528299999999999971e-02 3.012099999999999847e-02 4.509300000000000114e-02 1.442218312191194534e+10 1.441841618325759506e+10 5.083918746886387825e+09 5.082774758176184654e+09
1.528299999999999971e-02 3.012099999999999847e-02 5.008300000000000252e-02 1.429371218031646347e+10 1.428719281030093193e+10 1.181901331165530777e+10 1.181490703815945816e+10
1.528299999999999971e-02 3.511199999999999738e-02 3.511199999999999738e-02 1.360047492922599602e+10 1.358744763834926033e+10 5.141245449113431931e+09 5.155163341432291985e+09
1.528299999999999971e-02 3.511199999999999738e-02 4.010899999999999882e-02 1.367001013415057755e+10 1.365931725298109818e+10 3.534586795940346241e+09 3.548966145618381977e+09
1.528299999999999971e-02 3.511199999999999738e-02 4.509300000000000114e-02 1.380477922389934921e+10 1.380187409139611053e+10 3.636139461366021633e+09 3.635483692094347477e+09
1.528299999999999971e-02 3.511199999999999738e-02 5.008300000000000252e-02 1.387158183730919266e+10 1.386792194348358345e+10 4.406634487612756729e+09 4.405953166087211609e+09
1.528299999999999971e-02 3.511199999999999738e-02 5.508300000000000002e-02 1.417619551537023163e+10 1.414831305865571022e+10 1.017722813418199158e+10 1.021028556836818314e+10
1.528299999999999971e-02 4.010899999999999882e-02 4.010899999999999882e-02 1.307583288612252045e+10 1.306548498694853783e+10 4.518736738520516396e+09 4.528317805349024773e+09
1.528299999999999971e-02 4.010899999999999882e-02 4.509300000000000114e-02 1.302843031515405083e+10 1.302086981905816269e+10 3.046606671146460056e+09 3.054455887751706600e+09
1.528299999999999971e-02 4.010899999999999882e-02 5.008300000000000252e-02 1.316791901734101677e+10 1.316073643103837967e+10 2.991219516467650890e+09 2.998340421958767891e+09
1.528299999999999971e-02 4.010899999999999882e-02 5.508300000000000002e-02 1.337191924362749863e+10 1.337010628529556847e+10 3.827879185118857861e+09 3.826396196520257473e+09
1.528299999999999971e-02 4.010899999999999882e-02 6.007599999999999746e-02 1.310494478550872231e+10 1.311045250051776695e+10 9.400110619331323624e+09 9.397028294861984253e+09
1.528299999999999971e-02 4.509300000000000114e-02 4.509300000000000114e-02 1.250581911445722961e+10 1.250180088303779793e+10 3.919000277233852386e+09 3.919102720871974945e+09
1.528299999999999971e-02 4.509300000000000114e-02 5.008300000000000252e-02 1.248456468513582230e+10 1.248373782572014046e+10 2.773259951095266819e+09 2.771997684950934887e+09
1.528299999999999971e-02 4.509300000000000114e-02 5.508300000000000002e-02 1.271013383319459724e+10 1.270714342798894310e+10 2.769659718878065586e+09 2.769890635036509991e+09
1.528299999999999971e-02 4.509300000000000114e-02 6.007599999999999746e-02 1.293463531199363518e+10 1.293170646257993698e+10 3.331308749393579483e+09 3.330932243565152645e+09
1.528299999999999971e-02 4.509300000000000114e-02 6.506599999999999884e-02 1.276746613261129379e+10 1.275201111272809792e+10 7.818738788301179886e+09 7.830099761474320412e+09
1.528299999999999971e-02 5.008300000000000252e-02 5.008300000000000252e-02 1.215022741911651230e+10 1.214767361222809029e+10 3.527972440009620667e+09 3.527134433461349964e+09
1.528299999999999971e-02 5.008300000000000252e-02 5.508300000000000002e-02 1.213533776619041061e+10 1.212874509003784180e+10 2.453821769006706715e+09 2.461440518650784016e+09
1.528299999999999971e-02 5.008300000000000252e-02 6.007599999999999746e-02 1.235783864225563049e+10 1.235197212105596542e+10 2.438347565443472385e+09 2.444179887332264900e+09
1.528299999999999971e-02 5.008300000000000252e-02 6.506599999999999884e-02 1.253943924858632851e+10 1.253439040186816216e+10 3.052422763405341625e+09 3.055072438255567074e+09
1.528299999999999971e-02 5.008300000000000252e-02 7.006400000000000128e-02 1.235129904610301399e+10 1.235092811454962921e+10 7.059531996051004410e+09 7.056014625033508301e+09
1.528299999999999971e-02 5.508300000000000002e-02 5.508300000000000002e-02 1.201303529880660439e+10 1.201016080615062714e+10 3.162406742409691334e+09 3.162133502382319927e+09
1.528299999999999971e-02 5.508300000000000002e-02 6.007599999999999746e-02 1.195772608267586708e+10 1.195418446665114784e+10 2.246052501200369358e+09 2.247722218177539349e+09
1.528299999999999971e-02 5.508300000000000002e-02 6.506599999999999884e-02 1.204744751267019844e+10 1.204185391782930756e+10 2.219828538712713242e+09 2.225759270114856720e+09
1.528299999999999971e-02 5.508300000000000002e-02 7.006400000000000128e-02 1.207390643561590576e+10 1.207718363613234329e+10 2.800520659875986099e+09 2.801039258691611767e+09
1.528299999999999971e-02 5.508300000000000002e-02 7.506100000000000272e-02 1.246576379245346069e+10 1.246782699259048653e+10 6.458716301752655983e+09 6.455819058679331779e+09
1.528299999999999971e-02 6.007599999999999746e-02 6.007599999999999746e-02 1.173303105752992249e+10 1.173054657765173912e+10 2.898967515027362347e+09 2.898584081308124542e+09
1.528299999999999971e-02 6.007599999999999746e-02 6.506599999999999884e-02 1.167710434871381378e+10 1.167007977332251740e+10 2.001450405647291183e+09 2.012746030618216276e+09
1.528299999999999971e-02 6.007599999999999746e-02 7.006400000000000128e-02 1.179633361267236710e+10 1.179119063740864372e+10 2.055416335664095879e+09 2.060816826329057217e+09
1.528299999999999971e-02 6.007599999999999746e-02 7.506100000000000272e-02 1.198157141797634888e+10 1.197667370166010666e+10 2.505120574482941151e+09 2.508654491570961475e+09
1.528299999999999971e-02 6.007599999999999746e-02 8.005600000000000216e-02 1.226897567737991524e+10 1.227242651933847427e+10 6.128236954868548393e+09 6.126147134605467796e+09
1.528299999999999971e-02 6.506599999999999884e-02 6.506599999999999884e-02 1.153766607453630066e+10 1.153151906697235680e+10 2.584235739094906330e+09 2.590248724438274860e+09
1.528299999999999971e-02 6.506599999999999884e-02 7.006400000000000128e-02 1.153525812333453941e+10 1.153230142435729980e+10 1.861605581035692215e+09 1.863023160070518970e+09
1.528299999999999971e-02 6.506599999999999884e-02 7.506100000000000272e-02 1.153539764204211807e+10 1.153371448456097794e+10 1.928887058015952826e+09 1.928657930607075214e+09
1.528299999999999971e-02 6.506599999999999884e-02 8.005600000000000216e-02 1.178734945177867699e+10 1.178331988301291847e+10 2.443888451180435658e+09 2.445988872033846378e+09
1.528299999999999971e-02 7.006400000000000128e-02 7.006400000000000128e-02 1.128267677303719330e+10 1.127772234535751724e+10 2.367530167967117786e+09 2.371528167737171650e+09
1.528299999999999971e-02 7.006400000000000128e-02 7.506100000000000272e-02 1.119381917359752274e+10 1.119162889765318680e+10 1.725808563027865887e+09 1.726336312882336855e+09
1.528299999999999971e-02 7.006400000000000128e-02 8.005600000000000216e-02 1.136719307494059753e+10 1.136242312238922882e+10 1.749263126808190346e+09 1.754883776644740343e+09
1.528299999999999971e-02 7.506100000000000272e-02 7.506100000000000272e-02 1.101415879495621872e+10 1.101267899697697067e+10 2.236939680381783485e+09 2.236311703562924862e+09
1.528299999999999971e-02 7.506100000000000272e-02 8.005600000000000216e-02 1.104966581223255539e+10 1.104644812263880348e+10 1.634313429063675165e+09 1.636662945956575155e+09
1.528299999999999971e-02 8.005600000000000216e-02 8.005600000000000216e-02 1.075959896759901047e+10 1.075826940407703590e+10 2.072619292962152958e+09 2.072010379665993929e+09
2.021500000000000033e-02 2.021500000000000033e-02 2.021500000000000033e-02 1.527244270278787231e+10 1.526713205656497574e+10 1.512960989737732124e+10 1.512298324375501251e+10
2.021500000000000033e-02 2.021500000000000033e-02 2.516799999999999940e-02 1.507505002828036118e+10 1.506278835586365128e+10 8.082413558174969673e+09 8.087675647987411499e+09
2.021500000000000033e-02 2.021500000000000033e-02 3.012099999999999847e-02 1.513618327265228081e+10 1.513010113413466263e+10 6.806623494247167587e+09 6.805940931409278870e+09
2.021500000000000033e-02 2.021500000000000033e-02 3.511199999999999738e-02 1.520067336952533722e+10 1.519126814109140968e+10 6.688229024681302071e+09 6.691500436278618813e+09
2.021500000000000033e-02 2.021500000000000033e-02 4.010899999999999882e-02 1.533689916468673515e+10 1.533607916322663116e+10 8.013038550786595345e+09 8.009077011529631615e+09
2.021500000000000033e-02 2.021500000000000033e-02 4.509300000000000114e-02 1.488900544497884369e+10 1.487701157195954514e+10 1.936280558760365295e+10 1.935684761310095596e+10
2.021500000000000033e-02 2.516799999999999940e-02 2.516799999999999940e-02 1.516359908789881516e+10 1.514319101558354378e+10 6.984570475470080376e+09 7.010847213653714180e+09
2.021500000000000033e-02 2.516799999999999940e-02 3.012099999999999847e-02 1.461034121184067917e+10 1.459892244107765007e+10 4.611912474337302208e+09 4.623729718366318703e+09
2.021500000000000033e-02 2.516799999999999940e-02 3.511199999999999738e-02 1.474531505281847382e+10 1.473401765473137665e+10 4.002232071574677944e+09 4.016153744390810013e+09
2.021500000000000033e-02 2.516799999999999940e-02 4.010899999999999882e-02 1.491288437999163246e+10 1.491010068093170929e+10 3.772530541413329124e+09 3.771673089947690964e+09
2.021500000000000033e-02 2.516799999999999940e-02 4.509300000000000114e-02 1.500042045117918205e+10 1.498656690520267677e+10 4.757465142745305061e+09 4.775226115781223297e+09
2.021500000000000033e-02 2.516799999999999940e-02 5.008300000000000252e-02 1.480520226650198936e+10 1.479606713975848961e+10 1.126620848051632690e+10 1.126428441642895699e+10
2.021500000000000033e-02 3.012099999999999847e-02 3.012099999999999847e-02 1.426934490168245506e+10 1.426220989477363205e+10 5.645387204117196083e+09 5.647075920321319580e+09
2.021500000000000033e-02 3.012099999999999847e-02 3.511199999999999738e-02 1.404872467949667358e+10 1.403736240701357079e+10 3.673018325128325939e+09 3.688724341378477573e+09
2.021500000000000033e-02 3.012099999999999847e-02 4.010899999999999882e-02 1.410495955094793510e+10 1.409663093617962837e+10 3.367583626491075993e+09 3.376189570385294914e+09
2.021500000000000033e-02 3.012099999999999847e-02 4.509300000000000114e-02 1.424539028910305214e+10 1.423686684877157784e+10 3.224401709248995304e+09 3.234042213343763351e+09
2.021500000000000033e-02 3.012099999999999847e-02 5.008300000000000252e-02 1.440179796142957687e+10 1.439295588530250931e+10 3.896244003098165035e+09 3.904322487978589058e+09
2.021500000000000033e-02 3.012099999999999847e-02 5.508300000000000002e-02 1.405560794416619873e+10 1.404616454007577896e+10 9.817979062476396561e+09 9.817616530277864456e+09
2.021500000000000033e-02 3.511199999999999738e-02 3.511199999999999738e-02 1.339566482197642517e+10 1.338183184053396988e+10 4.584728603653448105e+09 4.603269382418750763e+09
2.021500000000000033e-02 3.511199999999999738e-02 4.010899999999999882e-02 1.346971064987685204e+10 1.346637868715575409e+10 2.840977641582561493e+09 2.841512422052328110e+09
2.021500000000000033e-02 3.511199999999999738e-02 4.509300000000000114e-02 1.349839608883865166e+10 1.349058499365854073e+10 2.934915076883056164e+09 2.943829919516601086e+09
2.021500000000000033e-02 3.511199999999999738e-02 5.008300000000000252e-02 1.359612718873051262e+10 1.358687894877023888e+10 2.723808657300184250e+09 2.738110995205726147e+09
2.021500000000000033e-02 3.511199999999999738e-02 5.508300000000000002e-02 1.384930667694697571e+10 1.384640463728044701e+10 3.456572370908713341e+09 3.456064008804940701e+09
2.021500000000000033e-02 3.511199999999999738e-02 6.007599999999999746e-02 1.359521209577066803e+10 1.360303393301449585e+10 8.721606329669246674e+09 8.720757288277917862e+09
2.021500000000000033e-02 4.010899999999999882e-02 4.010899999999999882e-02 1.310942682455522537e+10 1.310589845961202621e+10 3.921540801565544605e+09 3.921169276934688568e+09
2.021500000000000033e-02 4.010899999999999882e-02 4.509300000000000114e-02 1.300501569360128212e+10 1.299994612015557671e+10 2.564048863057698727e+09 2.567777125896157742e+09
2.021500000000000033e-02 4.010899999999999882e-02 5.008300000000000252e-02 1.305191162526433182e+10 1.304542315184005928e+10 2.378635695567141056e+09 2.386284937740458012e+09
2.021500000000000033e-02 4.010899999999999882e-02 5.508300000000000002e-02 1.320263784008681107e+10 1.319615249287251282e+10 2.451219513363675594e+09 2.458563474176896095e+09
2.021500000000000033e-02 4.010899999999999882e-02 6.007599999999999746e-02 1.324271114012760544e+10 1.324219913243642616e+10 3.089746460021742821e+09 3.088245188274673462e+09
2.021500000000000033e-02 4.010899999999999882e-02 6.506599999999999884e-02 1.325522344702964973e+10 1.325046740546700287e+10 7.484100399318094254e+09 7.481872955045061111e+09
2.021500000000000033e-02 4.509300000000000114e-02 4.509300000000000114e-02 1.254962290122618294e+10 1.254665003351368713e+10 3.368424134440704823e+09 3.368053465388475418e+09
2.021500000000000033e-02 4.509300000000000114e-02 5.008300000000000252e-02 1.244047884362204170e+10 1.243783505278857994e+10 2.310151153981005192e+09 2.310510012383307934e+09
2.021500000000000033e-02 4.509300000000000114e-02 5.508300000000000002e-02 1.258318549404292297e+10 1.257784749054351234e+10 2.162151604710036278e+09 2.167653942348151684e+09
2.021500000000000033e-02 4.509300000000000114e-02 6.007599999999999746e-02 1.277972501532700920e+10 1.277344196160897064e+10 2.129723100458622932e+09 2.137911611679844618e+09
2.021500000000000033e-02 4.509300000000000114e-02 6.506599999999999884e-02 1.287339660683512688e+10 1.286634647305383301e+10 2.711079264783871174e+09 2.718880754667887211e+09
2.021500000000000033e-02 4.509300000000000114e-02 7.006400000000000128e-02 1.252538725416187668e+10 1.251447480639661407e+10 6.865586007218275070e+09 6.870826992196826935e+09
2.021500000000000033e-02 5.008300000000000252e-02 5.008300000000000252e-02 1.219403578568981552e+10 1.219209142849216461e+10 2.904241318580372334e+09 2.903441401168004990e+09
2.021500000000000033e-02 5.008300000000000252e-02 5.508300000000000002e-02 1.211885453473179817e+10 1.211470880801404381e+10 2.030399749608022451e+09 2.033615447543648243e+09
2.021500000000000033e-02 5.008300000000000252e-02 6.007599999999999746e-02 1.206940445949087334e+10 1.206195259756492424e+10 1.929076348531196833e+09 1.942459314036041260e+09
2.021500000000000033e-02 5.008300000000000252e-02 6.506599999999999884e-02 1.243175645290494919e+10 1.242205534759257889e+10 1.940642256543046713e+09 1.963782442666281462e+09
2.021500000000000033e-02 5.008300000000000252e-02 7.006400000000000128e-02 1.253700098580385590e+10 1.252994273887215233e+10 2.515922931165884495e+09 2.524552138630591869e+09
2.021500000000000033e-02 5.008300000000000252e-02 7.506100000000000272e-02 1.229462135942634201e+10 1.229664218772434807e+10 5.863153819949929237e+09 5.860572858767101288e+09
2.021500000000000033e-02 5.508300000000000002e-02 5.508300000000000002e-02 1.185039424247789764e+10 1.184605382445077705e+10 2.647647235496116161e+09 2.649881521772168636e+09
2.021500000000000033e-02 5.508300000000000002e-02 6.007599999999999746e-02 1.165823342182119942e+10 1.165258849859196854e+10 1.794784803607611418e+09 1.802747795746234655e+09
2.021500000000000033e-02 5.508300000000000002e-02 6.506599999999999884e-02 1.179104622300294495e+10 1.178528177789633560e+10 1.801044500386353731e+09 1.809350601455516338e+09
2.021500000000000033e-02 5.508300000000000002e-02 7.006400000000000128e-02 1.203283897571893120e+10 1.202766690470910263e+10 1.837973754847989082e+09 1.844321845364841938e+09
2.021500000000000033e-02 5.508300000000000002e-02 7.506100000000000272e-02 1.212335946717905045e+10 1.211925348913912010e+10 2.300844371526611805e+09 2.303357393333544731e+09
2.021500000000000033e-02 5.508300000000000002e-02 8.005600000000000216e-02 1.219883876200777817e+10 1.219738612767526245e+10 5.509297372915735245e+09 5.506736388661848068e+09
2.021500000000000033e-02 6.007599999999999746e-02 6.007599999999999746e-02 1.161366255513142967e+10 1.160691381528755760e+10 2.368634243037956715e+09 2.377050450330896854e+09
2.021500000000000033e-02 6.007599999999999746e-02 6.506599999999999884e-02 1.160417938425127220e+10 1.159805728931671906e+10 1.696740241121962309e+09 1.706906980721516848e+09
2.021500000000000033e-02 6.007599999999999746e-02 7.006400000000000128e-02 1.170802577351544189e+10 1.170286160849115372e+10 1.552767841934589863e+09 1.560560121255387783e+09
2.021500000000000033e-02 6.007599999999999746e-02 7.506100000000000272e-02 1.185695227382866096e+10 1.185042806632429886e+10 1.665946273516852379e+09 1.677846734783239365e+09
2.021500000000000033e-02 6.007599999999999746e-02 8.005600000000000216e-02 1.187741593718944550e+10 1.187328522988396645e+10 2.044404774452507973e+09 2.047554201768883228e+09
2.021500000000000033e-02 6.506599999999999884e-02 6.506599999999999884e-02 1.142854651441786194e+10 1.142422838888248253e+10 2.221279849351213455e+09 2.224365352692520618e+09
2.021500000000000033e-02 6.506599999999999884e-02 7.006400000000000128e-02 1.139582915688649750e+10 1.138937058076674271e+10 1.567533030288952351e+09 1.580005791586092472e+09
2.021500000000000033e-02 6.506599999999999884e-02 7.506100000000000272e-02 1.148964711162804031e+10 1.148282733137823486e+10 1.455998537986520529e+09 1.471163937617371559e+09
2.021500000000000033e-02 6.506599999999999884e-02 8.005600000000000216e-02 1.163367820047956276e+10 1.162616007208787727e+10 1.534256761069128752e+09 1.551810062856774330e+09
2.021500000000000033e-02 7.006400000000000128e-02 7.006400000000000128e-02 1.120400653506242943e+10 1.119860986610690308e+10 2.067420214467065096e+09 2.073422393680501938e+09
2.021500000000000033e-02 7.006400000000000128e-02 7.506100000000000272e-02 1.117375092943804741e+10 1.116733207220742607e+10 1.426667651790712357e+09 1.440329465633368015e+09
2.021500000000000033e-02 7.006400000000000128e-02 8.005600000000000216e-02 1.125903106031109047e+10 1.125134064861592674e+10 1.446711095400599957e+09 1.466296199096507072e+09
2.021500000000000033e-02 7.506100000000000272e-02 7.506100000000000272e-02 1.112890085640372658e+10 1.112091737942108345e+10 1.864577138002451897e+09 1.880667603157182217e+09
2.021500000000000033e-02 7.506100000000000272e-02 8.005600000000000216e-02 1.104603949035408020e+10 1.104213277870441246e+10 1.298637075479594231e+09 1.303854238879296064e+09
2.021500000000000033e-02 8.005600000000000216e-02 8.005600000000000216e-02 1.089917694141855049e+10 1.089547119576533508e+10 1.704418424473052740e+09 1.707592626039327145e+09
2.516799999999999940e-02 2.516799999999999940e-02 2.516799999999999940e-02 1.433025334635212708e+10 1.430391929720096779e+10 1.018377714193793869e+10 1.021269765097293854e+10
2.516799999999999940e-02 2.516799999999999940e-02 3.012099999999999847e-02 1.395639638667815399e+10 1.394356135407978249e+10 5.575286315060695648e+09 5.587262549046194077e+09
2.516799999999999940e-02 2.516799999999999940e-02 3.511199999999999738e-02 1.418923854463983727e+10 1.417608924293293381e+10 4.807747377043926239e+09 4.823302564981170654e+09
2.516799999999999940e-02 2.516799999999999940e-02 4.010899999999999882e-02 1.436046419735018539e+10 1.435078268774752617e+10 4.601193584456747055e+09 4.609074114967476845e+09
2.516799999999999940e-02 2.516799999999999940e-02 4.509300000000000114e-02 1.467240137478928375e+10 1.466400040495104980e+10 4.435814658327197075e+09 4.441550538085224152e+09
2.516799999999999940e-02 2.516799999999999940e-02 5.008300000000000252e-02 1.470874593851913834e+10 1.470312799750146103e+10 5.496784773445592880e+09 5.496910009130051613e+09
2.516799999999999940e-02 2.516799999999999940e-02 5.508300000000000002e-02 1.421815108579264259e+10 1.422029170274135780e+10 1.361704746693699455e+10 1.361041238224477959e+10
2.516799999999999940e-02 3.012099999999999847e-02 3.012099999999999847e-02 1.382843214641586876e+10 1.381641829095819473e+10 5.123008467105289459e+09 5.134523296298614502e+09
2.516799999999999940e-02 3.012099999999999847e-02 3.511199999999999738e-02 1.373552595397435379e+10 1.372876243616933060e+10 3.144534695211175919e+09 3.150232594945416927e+09
2.516799999999999940e-02 3.012099999999999847e-02 4.010899999999999882e-02 1.373109237984835815e+10 1.372227472830279732e+10 3.017115652956786633e+09 3.028472213695449352e+09
2.516799999999999940e-02 3.012099999999999847e-02 4.509300000000000114e-02 1.365432999514993858e+10 1.364497194122386360e+10 2.980302614655459881e+09 2.993476827680635452e+09
2.516799999999999940e-02 3.012099999999999847e-02 5.008300000000000252e-02 1.389157536631517982e+10 1.388646262818187523e+10 2.792800700695167065e+09 2.796083672069414616e+09
2.516799999999999940e-02 3.012099999999999847e-02 5.508300000000000002e-02 1.388432270870395088e+10 1.387732916602051163e+10 3.426437258129083157e+09 3.431858560549937725e+09
2.516799999999999940e-02 3.012099999999999847e-02 6.007599999999999746e-02 1.374913869177773094e+10 1.374014383881918526e+10 8.436473851870379448e+09 8.437054903517771721e+09
2.516799999999999940e-02 3.511199999999999738e-02 3.511199999999999738e-02 1.310817824012941933e+10 1.309656254796291161e+10 4.066892253221964836e+09 4.081423013400364399e+09
2.516799999999999940e-02 3.511199999999999738e-02 4.010899999999999882e-02 1.317851356703444862e+10 1.317122770345127487e+10 2.685669302639102936e+09 2.694197059849458694e+09
2.516799999999999940e-02 3.511199999999999738e-02 4.509300000000000114e-02 1.312542573422903252e+10 1.312074572883503532e+10 2.506261637580971718e+09 2.509377367829360485e+09
2.516799999999999940e-02 3.511199999999999738e-02 5.008300000000000252e-02 1.312455426699480057e+10 1.311494106282448006e+10 2.389995705289962769e+09 2.408067024114266872e+09
2.516799999999999940e-02 3.511199999999999738e-02 5.508300000000000002e-02 1.337982836641753578e+10 1.336962987096763802e+10 2.331141797835054874e+09 2.352191020679846764e+09
2.516799999999999940e-02 3.511199999999999738e-02 6.007599999999999746e-02 1.333981811387095451e+10 1.333852584207887268e+10 3.019467338151708603e+09 3.018235394666614056e+09
2.516799999999999940e-02 3.511199999999999738e-02 6.506599999999999884e-02 1.281724525368024063e+10 1.283114387291433716e+10 7.287719191818812370e+09 7.297325869261496544e+09
2.516799999999999940e-02 4.010899999999999882e-02 4.010899999999999882e-02 1.286448903071971703e+10 1.285141800337681007e+10 3.347444513268814564e+09 3.371207845065867901e+09
2.516799999999999940e-02 4.010899999999999882e-02 4.509300000000000114e-02 1.268926393816028595e+10 1.267877250278524780e+10 2.214659219275091171e+09 2.238277430996176720e+09
2.516799999999999940e-02 4.010899999999999882e-02 5.008300000000000252e-02 1.259109745442014503e+10 1.258757455108383751e+10 2.164333625142812252e+09 2.166118932205764294e+09
2.516799999999999940e-02 4.010899999999999882e-02 5.508300000000000002e-02 1.265856530590969849e+10 1.265489535091516495e+10 2.094470271714104414e+09 2.096638229514159441e+09
2.516799999999999940e-02 4.010899999999999882e-02 6.007599999999999746e-02 1.295780193059720993e+10 1.295466550054638672e+10 2.046656241032097816e+09 2.048036705058662176e+09
2.516799999999999940e-02 4.010899999999999882e-02 6.506599999999999884e-02 1.274173862964529610e+10 1.273907103824164772e+10 2.624482331261672020e+09 2.624527104931645870e+09
2.516799999999999940e-02 4.010899999999999882e-02 7.006400000000000128e-02 1.245100508251184273e+10 1.244853661632500458e+10 6.366055967744730949e+09 6.363354125567097664e+09
2.516799999999999940e-02 4.509300000000000114e-02 4.509300000000000114e-02 1.240521165623410606e+10 1.239292693855819511e+10 2.959081383094913960e+09 2.983006789288137436e+09
2.516799999999999940e-02 4.509300000000000114e-02 5.008300000000000252e-02 1.223890126905198288e+10 1.223401296046567535e+10 1.939761674822088480e+09 1.944945243317891359e+09
2.516799999999999940e-02 4.509300000000000114e-02 5.508300000000000002e-02 1.213471103822162628e+10 1.213103396814223480e+10 1.878985969601011753e+09 1.881643445797710419e+09
2.516799999999999940e-02 4.509300000000000114e-02 6.007599999999999746e-02 1.230405101932497406e+10 1.230030502215367508e+10 1.819117693924067736e+09 1.822063609167902946e+09
2.516799999999999940e-02 4.509300000000000114e-02 6.506599999999999884e-02 1.241167695747781944e+10 1.240820918326585007e+10 1.849812945665115356e+09 1.852137954470740318e+09
2.516799999999999940e-02 4.509300000000000114e-02 7.006400000000000128e-02 1.245351831712011719e+10 1.244690475486752892e+10 2.305246006002183437e+09 2.313566403533728600e+09
2.516799999999999940e-02 4.509300000000000114e-02 7.506100000000000272e-02 1.243194851679577065e+10 1.243150400815844917e+10 5.592365671209367752e+09 5.589589258430320740e+09
2.516799999999999940e-02 5.008300000000000252e-02 5.008300000000000252e-02 1.186265198302001190e+10 1.185688944613617134e+10 2.637029491091403008e+09 2.642003858941937923e+09
2.516799999999999940e-02 5.008300000000000252e-02 5.508300000000000002e-02 1.184878029924523735e+10 1.184425700065710449e+10 1.836539200567965508e+09 1.841186291120953083e+09
2.516799999999999940e-02 5.008300000000000252e-02 6.007599999999999746e-02 1.173523712588953590e+10 1.173417996574985695e+10 1.701825387391360521e+09 1.701303594423357725e+09
2.516799999999999940e-02 5.008300000000000252e-02 6.506599999999999884e-02 1.201473667956799698e+10 1.200805354532908249e+10 1.658990407867856503e+09 1.671575292046149731e+09
2.516799999999999940e-02 5.008300000000000252e-02 7.006400000000000128e-02 1.210048270429851151e+10 1.209375972176444054e+10 1.639956146076147795e+09 1.652866566246253729e+09
2.516799999999999940e-02 5.008300000000000252e-02 7.506100000000000272e-02 1.207565080202614212e+10 1.207317318082612038e+10 2.140089957941570997e+09 2.140455144420149565e+09
2.516799999999999940e-02 5.008300000000000252e-02 8.005600000000000216e-02 1.209902933370335388e+10 1.209232322894838715e+10 5.168364968114830017e+09 5.170133748123800278e+09
2.516799999999999940e-02 5.508300000000000002e-02 5.508300000000000002e-02 1.161681838204348183e+10 1.161172775087272453e+10 2.329513580839730263e+09 2.333908060897522449e+09
2.516799999999999940e-02 5.508300000000000002e-02 6.007599999999999746e-02 1.154035973709148026e+10 1.153336125015342331e+10 1.560175035991792440e+09 1.575021665859126091e+09
2.516799999999999940e-02 5.508300000000000002e-02 6.506599999999999884e-02 1.154800576773063087e+10 1.154160374745430183e+10 1.483222029947481394e+09 1.496240523411859035e+09
2.516799999999999940e-02 5.508300000000000002e-02 7.006400000000000128e-02 1.170725224256008339e+10 1.169985430043085098e+10 1.483115741486086607e+09 1.500721298417380571e+09
2.516799999999999940e-02 5.508300000000000002e-02 7.506100000000000272e-02 1.175106987783731079e+10 1.174559332495611382e+10 1.461087653293837309e+09 1.470590737622844696e+09
2.516799999999999940e-02 5.508300000000000002e-02 8.005600000000000216e-02 1.184860147001527977e+10 1.184417843703525734e+10 1.937435843337939501e+09 1.941512544397704124e+09
2.516799999999999940e-02 6.007599999999999746e-02 6.007599999999999746e-02 1.133171766797075272e+10 1.132408968363102341e+10 2.110139755151476860e+09 2.122834823959028721e+09
2.516799999999999940e-02 6.007599999999999746e-02 6.506599999999999884e-02 1.131776319116714287e+10 1.131269757653392220e+10 1.439356551085446596e+09 1.447528257120162249e+09
2.516799999999999940e-02 6.007599999999999746e-02 7.006400000000000128e-02 1.139275601382896996e+10 1.138718603873742485e+10 1.430446285134343386e+09 1.440540546021826029e+09
2.516799999999999940e-02 6.007599999999999746e-02 7.506100000000000272e-02 1.153936439222945404e+10 1.153303703953503418e+10 1.381567394385057449e+09 1.395298188812672853e+09
2.516799999999999940e-02 6.007599999999999746e-02 8.005600000000000216e-02 1.152310517684512901e+10 1.151650155721883774e+10 1.316179905835827827e+09 1.331993520160354137e+09
2.516799999999999940e-02 6.506599999999999884e-02 6.506599999999999884e-02 1.130729666784340096e+10 1.130216868937746811e+10 1.952985048924836159e+09 1.958733372414416552e+09
2.516799999999999940e-02 6.506599999999999884e-02 7.006400000000000128e-02 1.114106194545141029e+10 1.113302438618316460e+10 1.371667527403918028e+09 1.394343778453301430e+09
2.516799999999999940e-02 6.506599999999999884e-02 7.506100000000000272e-02 1.112797397997918510e+10 1.111873713730142975e+10 1.317578663336495876e+09 1.348924948793807983e+09
2.516799999999999940e-02 6.506599999999999884e-02 8.005600000000000216e-02 1.122509995403461075e+10 1.121868774837560654e+10 1.226383245638391256e+09 1.242428965069667101e+09
2.516799999999999940e-02 7.006400000000000128e-02 7.006400000000000128e-02 1.110163382008009911e+10 1.109518220545876312e+10 1.806612093136138678e+09 1.817198393026903629e+09
2.516799999999999940e-02 7.006400000000000128e-02 7.506100000000000272e-02 1.096822750799091911e+10 1.096096796382643700e+10 1.267068710247231007e+09 1.287074294167366266e+09
2.516799999999999940e-02 7.006400000000000128e-02 8.005600000000000216e-02 1.093345600933537483e+10 1.092499588336970520e+10 1.188217303668364763e+09 1.217383933761701345e+09
2.516799999999999940e-02 7.506100000000000272e-02 7.506100000000000272e-02 1.083678473831516647e+10 1.082912078974301147e+10 1.608571346229267359e+09 1.625931415148687840e+09
2.516799999999999940e-02 7.506100000000000272e-02 8.005600000000000216e-02 1.075570612732486153e+10 1.074906916173846054e+10 1.138774342198903084e+09 1.157393970588516474e+09
2.516799999999999940e-02 8.005600000000000216e-02 8.005600000000000216e-02 1.059870504742246246e+10 1.059504708790651894e+10 1.539963158975003004e+09 1.543534282549940586e+09
3.012099999999999847e-02 3.012099999999999847e-02 3.012099999999999847e-02 1.323098820819875908e+10 1.323052393850518799e+10 7.536830845801511765e+09 7.533079561006061554e+09
3.012099999999999847e-02 3.012099999999999847e-02 3.511199999999999738e-02 1.347605608258534241e+10 1.346974709592741776e+10 3.929351703535673618e+09 3.932452637006437302e+09
3.012099999999999847e-02 3.012099999999999847e-02 4.010899999999999882e-02 1.331043243241777420e+10 1.330463383307768822e+10 3.642598273806559563e+09 3.645393075064464569e+09
3.012099999999999847e-02 3.012099999999999847e-02 4.509300000000000114e-02 1.310650382372371674e+10 1.309627491427341461e+10 3.557143346526504040e+09 3.570050244481258869e+09
3.012099999999999847e-02 3.012099999999999847e-02 5.008300000000000252e-02 1.303437793067432785e+10 1.303107172542609787e+10 3.227330099236326218e+09 3.227411549255074501e+09
3.012099999999999847e-02 3.012099999999999847e-02 5.508300000000000002e-02 1.329807639741031075e+10 1.328935287033190918e+10 3.349315989319497108e+09 3.358989551950626373e+09
3.012099999999999847e-02 3.012099999999999847e-02 6.007599999999999746e-02 1.324393054525665665e+10 1.324199859494529724e+10 4.087738898079922676e+09 4.086153302863063812e+09
3.012099999999999847e-02 3.012099999999999847e-02 6.506599999999999884e-02 1.296448963676168633e+10 1.297299196986448479e+10 1.048467146843926811e+10 1.048288161490014076e+10
3.012099999999999847e-02 3.511199999999999738e-02 3.511199999999999738e-02 1.298837762917111206e+10 1.298421505505064011e+10 3.662458762493669033e+09 3.662994813850012302e+09
3.012099999999999847e-02 3.511199999999999738e-02 4.010899999999999882e-02 1.290051899941698837e+10 1.289647402347787666e+10 2.349448172648162842e+09 2.351755547242131710e+09
3.012099999999999847e-02 3.511199999999999738e-02 4.509300000000000114e-02 1.271364424889579010e+10 1.270274758409626961e+10 2.223653348246098995e+09 2.249095778841038227e+09
3.012099999999999847e-02 3.511199999999999738e-02 5.008300000000000252e-02 1.262333646505135155e+10 1.261841591100499725e+10 2.166993026235817909e+09 2.171492449968369484e+09
3.012099999999999847e-02 3.511199999999999738e-02 5.508300000000000002e-02 1.271009355142365265e+10 1.270289462775757790e+10 2.082572811493878841e+09 2.093943943945260763e+09
3.012099999999999847e-02 3.511199999999999738e-02 6.007599999999999746e-02 1.286691312997018814e+10 1.286400743250302887e+10 2.004150667986542225e+09 2.005255687055610180e+09
3.012099999999999847e-02 3.511199999999999738e-02 6.506599999999999884e-02 1.267982833989138603e+10 1.268041308051571274e+10 2.640692081762272835e+09 2.639437497630394459e+09
3.012099999999999847e-02 3.511199999999999738e-02 7.006400000000000128e-02 1.224048534902815247e+10 1.222832095349326897e+10 6.319477751820285797e+09 6.328023046049067497e+09
3.012099999999999847e-02 4.010899999999999882e-02 4.010899999999999882e-02 1.252466556522820663e+10 1.251537437247668839e+10 2.997922359703519344e+09 3.010794941147814274e+09
3.012099999999999847e-02 4.010899999999999882e-02 4.509300000000000114e-02 1.231589755683600044e+10 1.230581813109793854e+10 2.098182391649247646e+09 2.121218093562941313e+09
3.012099999999999847e-02 4.010899999999999882e-02 5.008300000000000252e-02 1.215443987121053505e+10 1.214888642545405769e+10 1.872232492650394201e+09 1.879519490069808006e+09
3.012099999999999847e-02 4.010899999999999882e-02 5.508300000000000002e-02 1.211677641364615822e+10 1.211217748667940331e+10 1.777935884448233128e+09 1.782988569885734320e+09
3.012099999999999847e-02 4.010899999999999882e-02 6.007599999999999746e-02 1.224870152043847084e+10 1.224353508850454712e+10 1.757591632449185848e+09 1.764294284715312243e+09
3.012099999999999847e-02 4.010899999999999882e-02 6.506599999999999884e-02 1.227282506552560234e+10 1.226894994533299828e+10 1.764737845716111660e+09 1.768107754672844172e+09
3.012099999999999847e-02 4.010899999999999882e-02 7.006400000000000128e-02 1.227750796225734329e+10 1.227140445591173553e+10 2.310033450395061016e+09 2.316932542832585335e+09
3.012099999999999847e-02 4.010899999999999882e-02 7.506100000000000272e-02 1.214273980914334297e+10 1.213528714831946373e+10 5.658344161287433624e+09 5.660425419273509979e+09
3.012099999999999847e-02 4.509300000000000114e-02 4.509300000000000114e-02 1.205390627820156479e+10 1.204366824971610641e+10 2.702818041654290676e+09 2.720798534644217014e+09
3.012099999999999847e-02 4.509300000000000114e-02 5.008300000000000252e-02 1.188784074130003929e+10 1.188044716936370659e+10 1.763715987430084944e+09 1.778272027502089024e+09
3.012099999999999847e-02 4.509300000000000114e-02 5.508300000000000002e-02 1.177935736943743134e+10 1.177478004527479553e+10 1.693502077530297995e+09 1.698833746688264847e+09
3.012099999999999847e-02 4.509300000000000114e-02 6.007599999999999746e-02 1.185457275876393890e+10 1.184781492010579491e+10 1.584730632197954178e+09 1.598289929156076193e+09
3.012099999999999847e-02 4.509300000000000114e-02 6.506599999999999884e-02 1.188161476218350601e+10 1.187569546900832176e+10 1.526048282463071346e+09 1.536728634222296715e+09
3.012099999999999847e-02 4.509300000000000114e-02 7.006400000000000128e-02 1.197176190924656296e+10 1.196770971206201744e+10 1.597997125233550549e+09 1.602330824302092314e+09
3.012099999999999847e-02 4.509300000000000114e-02 7.506100000000000272e-02 1.197237084281995010e+10 1.196916944739241409e+10 2.048134486961578608e+09 2.049612925689222574e+09
3.012099999999999847e-02 4.509300000000000114e-02 8.005600000000000216e-02 1.188038251090238571e+10 1.188276467489458275e+10 5.103070122014142036e+09 5.101076755560369492e+09
3.012099999999999847e-02 5.008300000000000252e-02 5.008300000000000252e-02 1.165398779746988106e+10 1.165042466332350922e+10 2.275850063728586674e+09 2.277501946942101955e+09
3.012099999999999847e-02 5.008300000000000252e-02 5.508300000000000002e-02 1.146444338946500397e+10 1.145721671471000671e+10 1.594995004955543518e+09 1.610494466382736921e+09
3.012099999999999847e-02 5.008300000000000252e-02 6.007599999999999746e-02 1.142275682905211449e+10 1.141818390630528069e+10 1.559761785401015997e+09 1.565674941756780148e+09
3.012099999999999847e-02 5.008300000000000252e-02 6.506599999999999884e-02 1.149640786307572746e+10 1.148905350785968399e+10 1.481978280389441729e+09 1.499383906353472233e+09
3.012099999999999847e-02 5.008300000000000252e-02 7.006400000000000128e-02 1.152351984269418526e+10 1.152010745192997360e+10 1.392735029387640476e+09 1.396215420242188692e+09
3.012099999999999847e-02 5.008300000000000252e-02 7.506100000000000272e-02 1.163284883444537735e+10 1.162711759847150230e+10 1.371893209739238739e+09 1.383133339179087162e+09
3.012099999999999847e-02 5.008300000000000252e-02 8.005600000000000216e-02 1.158775794508577728e+10 1.158242499929679871e+10 1.778667207058934450e+09 1.785759459646812677e+09
3.012099999999999847e-02 5.508300000000000002e-02 5.508300000000000002e-02 1.136288402997412682e+10 1.135423066916233635e+10 2.141524839206261873e+09 2.157875747856343269e+09
3.012099999999999847e-02 5.508300000000000002e-02 6.007599999999999746e-02 1.131446178531129456e+10 1.130548537753892326e+10 1.417683968247500420e+09 1.445128336968053579e+09
3.012099999999999847e-02 5.508300000000000002e-02 6.506599999999999884e-02 1.130608645193847656e+10 1.129821215285044289e+10 1.379339936796338081e+09 1.400957732904840469e+09
3.012099999999999847e-02 5.508300000000000002e-02 7.006400000000000128e-02 1.122649000681574440e+10 1.122128303875216675e+10 1.399616685122893095e+09 1.408574602850041389e+09
3.012099999999999847e-02 5.508300000000000002e-02 7.506100000000000272e-02 1.122803140102858925e+10 1.122378005678612900e+10 1.266398900953290462e+09 1.272885674438704252e+09
3.012099999999999847e-02 5.508300000000000002e-02 8.005600000000000216e-02 1.136054884352462578e+10 1.135591835278532791e+10 1.287993585133912325e+09 1.295651052416380882e+09
3.012099999999999847e-02 6.007599999999999746e-02 6.007599999999999746e-02 1.119068236956446266e+10 1.118493394079536629e+10 1.888176918607964754e+09 1.895968053225501060e+09
3.012099999999999847e-02 6.007599999999999746e-02 6.506599999999999884e-02 1.111341039892634773e+10 1.110829741916727257e+10 1.329734383636691093e+09 1.338868800868275642e+09
3.012099999999999847e-02 6.007599999999999746e-02 7.006400000000000128e-02 1.105807098847710991e+10 1.105320779399904823e+10 1.267931997075280190e+09 1.276595536665802479e+09
3.012099999999999847e-02 6.007599999999999746e-02 7.506100000000000272e-02 1.097768941579375267e+10 1.097186168925439835e+10 1.191423602758556128e+09 1.205003952565548182e+09
3.012099999999999847e-02 6.007599999999999746e-02 8.005600000000000216e-02 1.102383236247672081e+10 1.101906859895933723e+10 1.208269992075680971e+09 1.217025619567756176e+09
3.012099999999999847e-02 6.506599999999999884e-02 6.506599999999999884e-02 1.092718235378937340e+10 1.092283232440414238e+10 1.719350866648074389e+09 1.723988672847764492e+09
3.012099999999999847e-02 6.506599999999999884e-02 7.006400000000000128e-02 1.088226852267676353e+10 1.087611302060974121e+10 1.227756977394715786e+09 1.242486024035802841e+09
3.012099999999999847e-02 6.506599999999999884e-02 7.506100000000000272e-02 1.079098804696210289e+10 1.078493170895939827e+10 1.167815382537192583e+09 1.182839620301985741e+09
3.012099999999999847e-02 6.506599999999999884e-02 8.005600000000000216e-02 1.075279573599811935e+10 1.074666278085717583e+10 1.149171135095505238e+09 1.164855425138588190e+09
3.012099999999999847e-02 7.006400000000000128e-02 7.006400000000000128e-02 1.071382769048154259e+10 1.070801527416933060e+10 1.591746385280264139e+09 1.601533519165190697e+09
3.012099999999999847e-02 7.006400000000000128e-02 7.506100000000000272e-02 1.064553035793074226e+10 1.063890417955145645e+10 1.136402659849951029e+09 1.155000919628954411e+09
3.012099999999999847e-02 7.006400000000000128e-02 8.005600000000000216e-02 1.061697262714799690e+10 1.060979081158627701e+10 1.082189372926264524e+09 1.105234070123657227e+09
3.012099999999999847e-02 7.506100000000000272e-02 7.506100000000000272e-02 1.049153128339796448e+10 1.048541920148021698e+10 1.470386663474117279e+09 1.482307190979235172e+09
3.012099999999999847e-02 7.506100000000000272e-02 8.005600000000000216e-02 1.044691449803778839e+10 1.044118160611224937e+10 1.027199486729609013e+09 1.042569302572575331e+09
3.012099999999999847e-02 8.005600000000000216e-02 8.005600000000000216e-02 1.036764487963417053e+10 1.036225433500831223e+10 1.319051255378943682e+09 1.329366776937001228e+09
3.511199999999999738e-02 3.511199999999999738e-02 3.511199999999999738e-02 1.277063714586061478e+10 1.277210917025342751e+10 5.697106937615442276e+09 5.694450782260152817e+09
3.511199999999999738e-02 3.511199999999999738e-02 4.010899999999999882e-02 1.243392604447829247e+10 1.243157820890302277e+10 3.139256790129339218e+09 3.138566621589448929e+09
3.511199999999999738e-02 3.511199999999999738e-02 4.509300000000000114e-02 1.236679675931505775e+10 1.236278717099005508e+10 2.724070373336345673e+09 2.725660112921674728e+09
3.511199999999999738e-02 3.511199999999999738e-02 5.008300000000000252e-02 1.226927527521224785e+10 1.226485438821210098e+10 2.644613766941218376e+09 2.646986819608625412e+09
3.511199999999999738e-02 3.511199999999999738e-02 5.508300000000000002e-02 1.216794301285516739e+10 1.216112585942963791e+10 2.651832589885599136e+09 2.659260136713345528e+09
3.511199999999999738e-02 3.511199999999999738e-02 6.007599999999999746e-02 1.219751465574149132e+10 1.219099488461016464e+10 2.430140625752521515e+09 2.437661008581911564e+09
3.511199999999999738e-02 3.511199999999999738e-02 6.506599999999999884e-02 1.242287019371371841e+10 1.241771327304009628e+10 2.442327406822791100e+09 2.446548178310372829e+09
3.511199999999999738e-02 3.511199999999999738e-02 7.006400000000000128e-02 1.226498071469970512e+10 1.226567673098663712e+10 3.125773575235282421e+09 3.124289388415697098e+09
3.511199999999999738e-02 3.511199999999999738e-02 7.506100000000000272e-02 1.197435879300279236e+10 1.196894235769623375e+10 7.915312649901195526e+09 7.913211897349591255e+09
3.511199999999999738e-02 4.010899999999999882e-02 4.010899999999999882e-02 1.208867055992289734e+10 1.208156543433560944e+10 2.856660636053385735e+09 2.864060132321964741e+09
3.511199999999999738e-02 4.010899999999999882e-02 4.509300000000000114e-02 1.189341796911025810e+10 1.188613680050540543e+10 1.897323254984538555e+09 1.910302256414626598e+09
3.511199999999999738e-02 4.010899999999999882e-02 5.008300000000000252e-02 1.189152149422018051e+10 1.188507682286513519e+10 1.769124932197693586e+09 1.779946667248389721e+09
3.511199999999999738e-02 4.010899999999999882e-02 5.508300000000000002e-02 1.169945873623735619e+10 1.169387815096014214e+10 1.751263872217767954e+09 1.759262408193441868e+09
3.511199999999999738e-02 4.010899999999999882e-02 6.007599999999999746e-02 1.173794983356287384e+10 1.173308689917882538e+10 1.633884234393176317e+09 1.640292324996220589e+09
3.511199999999999738e-02 4.010899999999999882e-02 6.506599999999999884e-02 1.173182008558556557e+10 1.172750811713261032e+10 1.551396374548233747e+09 1.556605074068570614e+09
3.511199999999999738e-02 4.010899999999999882e-02 7.006400000000000128e-02 1.188439100140444565e+10 1.187799102188760376e+10 1.553066829482867718e+09 1.565428601912612677e+09
3.511199999999999738e-02 4.010899999999999882e-02 7.506100000000000272e-02 1.192701671749516487e+10 1.192093622325755692e+10 2.063752421767358065e+09 2.071663980785759687e+09
3.511199999999999738e-02 4.010899999999999882e-02 8.005600000000000216e-02 1.168377058202687836e+10 1.168494744922411346e+10 5.096491066453056335e+09 5.094080676031567574e+09
3.511199999999999738e-02 4.509300000000000114e-02 4.509300000000000114e-02 1.161939062636730766e+10 1.161500298278124046e+10 2.406127166706707001e+09 2.408924177786493301e+09
3.511199999999999738e-02 4.509300000000000114e-02 5.008300000000000252e-02 1.154983269726619720e+10 1.154211818521409035e+10 1.625020879309252977e+09 1.642427623851266623e+09
3.511199999999999738e-02 4.509300000000000114e-02 5.508300000000000002e-02 1.141877269273967934e+10 1.141123701074624634e+10 1.514914101546343327e+09 1.532794365238578320e+09
3.511199999999999738e-02 4.509300000000000114e-02 6.007599999999999746e-02 1.134194216640226364e+10 1.133690008878910637e+10 1.485604890348399878e+09 1.493398680798614025e+09
3.511199999999999738e-02 4.509300000000000114e-02 6.506599999999999884e-02 1.136139125299833679e+10 1.135721228849495316e+10 1.443535019598247290e+09 1.448853127644722939e+09
3.511199999999999738e-02 4.509300000000000114e-02 7.006400000000000128e-02 1.141964479431259155e+10 1.141370175403701401e+10 1.358152422742057562e+09 1.370421466501870394e+09
3.511199999999999738e-02 4.509300000000000114e-02 7.506100000000000272e-02 1.146620654657319260e+10 1.145987996690004921e+10 1.366072944050201416e+09 1.379969785114571095e+09
3.511199999999999738e-02 4.509300000000000114e-02 8.005600000000000216e-02 1.138055008410416222e+10 1.137518695591080856e+10 1.769667577514138222e+09 1.776895574923565626e+09
3.511199999999999738e-02 5.008300000000000252e-02 5.008300000000000252e-02 1.130438798443352509e+10 1.129634356787969780e+10 2.072367010595859528e+09 2.086894163508425236e+09
3.511199999999999738e-02 5.008300000000000252e-02 5.508300000000000002e-02 1.111328848486738014e+10 1.110471498267700577e+10 1.454983734403096676e+09 1.479313267831184149e+09
3.511199999999999738e-02 5.008300000000000252e-02 6.007599999999999746e-02 1.105453052037804031e+10 1.104634313219908905e+10 1.412883491133064747e+09 1.435715445063949347e+09
3.511199999999999738e-02 5.008300000000000252e-02 6.506599999999999884e-02 1.108939273037440491e+10 1.108135593265392685e+10 1.291611684825416088e+09 1.315744757856632710e+09
3.511199999999999738e-02 5.008300000000000252e-02 7.006400000000000128e-02 1.110997808084988785e+10 1.110457447183548737e+10 1.240707002153349638e+09 1.251804713013867140e+09
3.511199999999999738e-02 5.008300000000000252e-02 7.506100000000000272e-02 1.113777919804200745e+10 1.113039499431307983e+10 1.193258822962208748e+09 1.215306808634369850e+09
3.511199999999999738e-02 5.008300000000000252e-02 8.005600000000000216e-02 1.114200221271013641e+10 1.113730251177952194e+10 1.218252392368083477e+09 1.226679837656311035e+09
3.511199999999999738e-02 5.508300000000000002e-02 5.508300000000000002e-02 1.107147529955335808e+10 1.106505174749151993e+10 1.858789736461433649e+09 1.868932759044250727e+09
3.511199999999999738e-02 5.508300000000000002e-02 6.007599999999999746e-02 1.095967123365041161e+10 1.095306894306055832e+10 1.274448088709771395e+09 1.290808109872800112e+09
3.511199999999999738e-02 5.508300000000000002e-02 6.506599999999999884e-02 1.090994423444346046e+10 1.090394211848838234e+10 1.236527179081210375e+09 1.250398891774991989e+09
3.511199999999999738e-02 5.508300000000000002e-02 7.006400000000000128e-02 1.089365779570710182e+10 1.088805817805227852e+10 1.232577980796709538e+09 1.244623021592121124e+09
3.511199999999999738e-02 5.508300000000000002e-02 7.506100000000000272e-02 1.081292232220045662e+10 1.080662299008670616e+10 1.138915617361688852e+09 1.155644640708881855e+09
3.511199999999999738e-02 5.508300000000000002e-02 8.005600000000000216e-02 1.085069445682650566e+10 1.084507562861153793e+10 1.093292201237452269e+09 1.107097544958163023e+09
3.511199999999999738e-02 6.007599999999999746e-02 6.007599999999999746e-02 1.079571271646044731e+10 1.079168769699094582e+10 1.674550656796114922e+09 1.678546801647949219e+09
3.511199999999999738e-02 6.007599999999999746e-02 6.506599999999999884e-02 1.075431987104826164e+10 1.074785641800143242e+10 1.181303030705663443e+09 1.198273338130898714e+09
3.511199999999999738e-02 6.007599999999999746e-02 7.006400000000000128e-02 1.062446253038416290e+10 1.061546377611405373e+10 1.099732634284053087e+09 1.135421173688381433e+09
3.511199999999999738e-02 6.007599999999999746e-02 7.506100000000000272e-02 1.062578025879716682e+10 1.061804028946619606e+10 1.047424138361664772e+09 1.075131828913427591e+09
3.511199999999999738e-02 6.007599999999999746e-02 8.005600000000000216e-02 1.057137111321020889e+10 1.056584937610575294e+10 1.038863455861731410e+09 1.052923882080231190e+09
3.511199999999999738e-02 6.506599999999999884e-02 6.506599999999999884e-02 1.064982002533276367e+10 1.064408516109952164e+10 1.483737032061568260e+09 1.494043162623013973e+09
3.511199999999999738e-02 6.506599999999999884e-02 7.006400000000000128e-02 1.052868596635930252e+10 1.052149885236775398e+10 1.107876924851906776e+09 1.130406883839324236e+09
3.511199999999999738e-02 6.506599999999999884e-02 7.506100000000000272e-02 1.044136114885580826e+10 1.043481019970815849e+10 1.060415811602650881e+09 1.079941327062187672e+09
3.511199999999999738e-02 6.506599999999999884e-02 8.005600000000000216e-02 1.039362149077700996e+10 1.038855330431134033e+10 1.015662580177323580e+09 1.027728782746892691e+09
3.511199999999999738e-02 7.006400000000000128e-02 7.006400000000000128e-02 1.039244405679581833e+10 1.038729075626436806e+10 1.382880652216781616e+09 1.391763254362292528e+09
3.511199999999999738e-02 7.006400000000000128e-02 7.506100000000000272e-02 1.037476487680084610e+10 1.036826286002742386e+10 9.777035393544363976e+08 9.986117782834545374e+08
3.511199999999999738e-02 7.006400000000000128e-02 8.005600000000000216e-02 1.025697535309454727e+10 1.025039234556860161e+10 9.733630403290877342e+08 9.948995463091688156e+08
3.511199999999999738e-02 7.506100000000000272e-02 7.506100000000000272e-02 1.014078970255780983e+10 1.013449824233207512e+10 1.319599702434666872e+09 1.333861403095088959e+09
3.511199999999999738e-02 7.506100000000000272e-02 8.005600000000000216e-02 1.010801860832644844e+10 1.010143005251343918e+10 9.693045790595707893e+08 9.909701417968006134e+08
3.511199999999999738e-02 8.005600000000000216e-02 8.005600000000000216e-02 9.953179466897710800e+09 9.949462208513017654e+09 1.224617145444908619e+09 1.229636927654761791e+09
4.010899999999999882e-02 4.010899999999999882e-02 4.010899999999999882e-02 1.184686566818806458e+10 1.184400982892338943e+10 4.369407127357500076e+09 4.368157714244025230e+09
4.010899999999999882e-02 4.010899999999999882e-02 4.509300000000000114e-02 1.170565624854061127e+10 1.170399455071088600e+10 2.430716962366346359e+09 2.430070720852403164e+09
4.010899999999999882e-02 4.010899999999999882e-02 5.008300000000000252e-02 1.154895696191425896e+10 1.154586072139798927e+10 2.141597969427261114e+09 2.142766134692937136e+09
4.010899999999999882e-02 4.010899999999999882e-02 5.508300000000000002e-02 1.137376050475401497e+10 1.136909485873138428e+10 2.168519534230496407e+09 2.172451942841682434e+09
4.010899999999999882e-02 4.010899999999999882e-02 6.007599999999999746e-02 1.129259644819452286e+10 1.128616084530340004e+10 2.001853935313889742e+09 2.011176955700658321e+09
4.010899999999999882e-02 4.010899999999999882e-02 6.506599999999999884e-02 1.133267395461377144e+10 1.133185943325001717e+10 1.986917762925056934e+09 1.986092078273511887e+09
4.010899999999999882e-02 4.010899999999999882e-02 7.006400000000000128e-02 1.132631595960408592e+10 1.132037809413142586e+10 1.896757990988877296e+09 1.905086619020767927e+09
4.010899999999999882e-02 4.010899999999999882e-02 7.506100000000000272e-02 1.146935183024125290e+10 1.146211403029870605e+10 1.918757554081468105e+09 1.931408384250800371e+09
4.010899999999999882e-02 4.010899999999999882e-02 8.005600000000000216e-02 1.147347421408390427e+10 1.146754532436751747e+10 2.497782650809951305e+09 2.503564901988975525e+09
4.010899999999999882e-02 4.509300000000000114e-02 4.509300000000000114e-02 1.131138882367144585e+10 1.130785939446926880e+10 2.278540936756720543e+09 2.280135765416421890e+09
4.010899999999999882e-02 4.509300000000000114e-02 5.008300000000000252e-02 1.116750565373695564e+10 1.116302419030608559e+10 1.532133815003072739e+09 1.537911718083958149e+09
4.010899999999999882e-02 4.509300000000000114e-02 5.508300000000000002e-02 1.100185974280098724e+10 1.099400478511426926e+10 1.446396121595268250e+09 1.466857910316185474e+09
4.010899999999999882e-02 4.509300000000000114e-02 6.007599999999999746e-02 1.089235996432214737e+10 1.088719240665680885e+10 1.381643884972830057e+09 1.390588524443991184e+09
4.010899999999999882e-02 4.509300000000000114e-02 6.506599999999999884e-02 1.095548574569662285e+10 1.095226646249648094e+10 1.304601739591726303e+09 1.307917886510825396e+09
4.010899999999999882e-02 4.509300000000000114e-02 7.006400000000000128e-02 1.102712788217944336e+10 1.102221843174783707e+10 1.288734886519831896e+09 1.297413246750777245e+09
4.010899999999999882e-02 4.509300000000000114e-02 7.506100000000000272e-02 1.103658604481469727e+10 1.103024900164718628e+10 1.238175152477860212e+09 1.253676305175464869e+09
4.010899999999999882e-02 4.509300000000000114e-02 8.005600000000000216e-02 1.107822876551256180e+10 1.107367289612211800e+10 1.235252973079531908e+09 1.243013084332858562e+09
4.010899999999999882e-02 5.008300000000000252e-02 5.008300000000000252e-02 1.097609291769438934e+10 1.097155946472216225e+10 1.909925322077223539e+09 1.914346562458800316e+09
4.010899999999999882e-02 5.008300000000000252e-02 5.508300000000000002e-02 1.080119901227021027e+10 1.079230420048368835e+10 1.325212028764240742e+09 1.354086468956244230e+09
4.010899999999999882e-02 5.008300000000000252e-02 6.007599999999999746e-02 1.082790018071162415e+10 1.082035103508346558e+10 1.240409991619269609e+09 1.262564638803351879e+09
4.010899999999999882e-02 5.008300000000000252e-02 6.506599999999999884e-02 1.069456650148640633e+10 1.068802978338309479e+10 1.178656066168219805e+09 1.196064782358065367e+09
4.010899999999999882e-02 5.008300000000000252e-02 7.006400000000000128e-02 1.071631495808949089e+10 1.071445345055911064e+10 1.156732522147568226e+09 1.157652212300902605e+09
4.010899999999999882e-02 5.008300000000000252e-02 7.506100000000000272e-02 1.070775259939762115e+10 1.070432817291294289e+10 1.119480797040004730e+09 1.124149441320245266e+09
4.010899999999999882e-02 5.008300000000000252e-02 8.005600000000000216e-02 1.071873848140520477e+10 1.071506980645202827e+10 1.101841375736029863e+09 1.107384644836752176e+09
4.010899999999999882e-02 5.508300000000000002e-02 5.508300000000000002e-02 1.078409879590179253e+10 1.077801102140845108e+10 1.740995548305750370e+09 1.750742259740269899e+09
4.010899999999999882e-02 5.508300000000000002e-02 6.007599999999999746e-02 1.064554780231569099e+10 1.064147381101260757e+10 1.181354121005898237e+09 1.187771342051723480e+09
4.010899999999999882e-02 5.508300000000000002e-02 6.506599999999999884e-02 1.058036117536970520e+10 1.057587388561943245e+10 1.128237568191828966e+09 1.136566817754408598e+09
4.010899999999999882e-02 5.508300000000000002e-02 7.006400000000000128e-02 1.050416268031291771e+10 1.049875011232095337e+10 1.086736591716767788e+09 1.099596514836534977e+09
4.010899999999999882e-02 5.508300000000000002e-02 7.506100000000000272e-02 1.044709509090756226e+10 1.044257968536588669e+10 1.068204137073261976e+09 1.077176422647624493e+09
4.010899999999999882e-02 5.508300000000000002e-02 8.005600000000000216e-02 1.047293493647823906e+10 1.046776607425372887e+10 9.918937713108921051e+08 1.004782324624653935e+09
4.010899999999999882e-02 6.007599999999999746e-02 6.007599999999999746e-02 1.058451815457902145e+10 1.058193939232600212e+10 1.534990900112459183e+09 1.536389675494289637e+09
4.010899999999999882e-02 6.007599999999999746e-02 6.506599999999999884e-02 1.047796553426048660e+10 1.047214975247453308e+10 1.166688619296791553e+09 1.180519313542393446e+09
4.010899999999999882e-02 6.007599999999999746e-02 7.006400000000000128e-02 1.035203055513563156e+10 1.034711055381195450e+10 1.051946315897536516e+09 1.062869690502758384e+09
4.010899999999999882e-02 6.007599999999999746e-02 7.506100000000000272e-02 1.031762147229977798e+10 1.031205681804487610e+10 9.905141572773263454e+08 1.005536441202297330e+09
4.010899999999999882e-02 6.007599999999999746e-02 8.005600000000000216e-02 1.027910767117852020e+10 1.027366767593429565e+10 9.550193870250939131e+08 9.699198044025266171e+08
4.010899999999999882e-02 6.506599999999999884e-02 6.506599999999999884e-02 1.037839467086445427e+10 1.037061078074227524e+10 1.475581348741642475e+09 1.495243825279603720e+09
4.010899999999999882e-02 6.506599999999999884e-02 7.006400000000000128e-02 1.018551671171998405e+10 1.018182758431818390e+10 1.015308230705578446e+09 1.021484529174500108e+09
4.010899999999999882e-02 6.506599999999999884e-02 7.506100000000000272e-02 1.014358837609070396e+10 1.013776639485675049e+10 9.266801092111876011e+08 9.443376579113510847e+08
4.010899999999999882e-02 6.506599999999999884e-02 8.005600000000000216e-02 1.012547365175317574e+10 1.012106738223494720e+10 9.182805408251873255e+08 9.283382820774832964e+08
4.010899999999999882e-02 7.006400000000000128e-02 7.006400000000000128e-02 1.014264486912558746e+10 1.013864572240704727e+10 1.357589883969610214e+09 1.362792081885223627e+09
4.010899999999999882e-02 7.006400000000000128e-02 7.506100000000000272e-02 1.004483731754568481e+10 1.003923229775533104e+10 9.139876789969058037e+08 9.305671309851838350e+08
4.010899999999999882e-02 7.006400000000000128e-02 8.005600000000000216e-02 9.993805484885879517e+09 9.988275403824171066e+09 9.046519535820424557e+08 9.209556862788321972e+08
4.010899999999999882e-02 7.506100000000000272e-02 7.506100000000000272e-02 1.002013130631073189e+10 1.001378064568513107e+10 1.231179662374583006e+09 1.246844000809396267e+09
4.010899999999999882e-02 7.506100000000000272e-02 8.005600000000000216e-02 9.847179861602561951e+09 9.842019438850099564e+09 8.552274444552295208e+08 8.702374741615672112e+08
4.010899999999999882e-02 8.005600000000000216e-02 8.005600000000000216e-02 9.705743845640434265e+09 9.701034692214597702e+09 1.140087743536007643e+09 1.149207417043454647e+09
4.509300000000000114e-02 4.509300000000000114e-02 4.509300000000000114e-02 1.110540117564144707e+10 1.109723340820133400e+10 3.453709239876456738e+09 3.461633104076962948e+09
4.509300000000000114e-02 4.509300000000000114e-02 5.008300000000000252e-02 1.099161113133175278e+10 1.098695567446711922e+10 2.016457663846898794e+09 2.020819821071324825e+09
4.509300000000000114e-02 4.509300000000000114e-02 5.508300000000000002e-02 1.074583972762635422e+10 1.074193068162183952e+10 1.797862390133055210e+09 1.801210907813571453e+09
4.509300000000000114e-02 4.509300000000000114e-02 6.007599999999999746e-02 1.072838305213705444e+10 1.072044181289723206e+10 1.781597473095349312e+09 1.798327533617374897e+09
4.509300000000000114e-02 4.509300000000000114e-02 6.506599999999999884e-02 1.068524264879387283e+10 1.067895701301155853e+10 1.662112343868655205e+09 1.673130838650224686e+09
4.509300000000000114e-02 4.509300000000000114e-02 7.006400000000000128e-02 1.068538240717897415e+10 1.067835109712019730e+10 1.624952328179561138e+09 1.639289955365498543e+09
4.509300000000000114e-02 4.509300000000000114e-02 7.506100000000000272e-02 1.065449511439933395e+10 1.065203217397203636e+10 1.558409875864354134e+09 1.559577250928566456e+09
4.509300000000000114e-02 4.509300000000000114e-02 8.005600000000000216e-02 1.064191275736781693e+10 1.063837197321121597e+10 1.459674673105467319e+09 1.463235723360902309e+09
4.509300000000000114e-02 5.008300000000000252e-02 5.008300000000000252e-02 1.082459166945447922e+10 1.081515010354513550e+10 1.935975797624826908e+09 1.957907351684093237e+09
4.509300000000000114e-02 5.008300000000000252e-02 5.508300000000000002e-02 1.060972892558836174e+10 1.060322226778061485e+10 1.299498952743645906e+09 1.315046430165601254e+09
4.509300000000000114e-02 5.008300000000000252e-02 6.007599999999999746e-02 1.054161677537178993e+10 1.053468715857822800e+10 1.146749344033948898e+09 1.166936127905116081e+09
4.509300000000000114e-02 5.008300000000000252e-02 6.506599999999999884e-02 1.047520922183765411e+10 1.046965199869444084e+10 1.127104565005774975e+09 1.140165923852965355e+09
4.509300000000000114e-02 5.008300000000000252e-02 7.006400000000000128e-02 1.042503831739068794e+10 1.041948969617901993e+10 1.073776141213323355e+09 1.087488186341103315e+09
4.509300000000000114e-02 5.008300000000000252e-02 7.506100000000000272e-02 1.037094591423869514e+10 1.036693532775426865e+10 1.079664927699945927e+09 1.086552644012302637e+09
4.509300000000000114e-02 5.008300000000000252e-02 8.005600000000000216e-02 1.038170445441037941e+10 1.037650158181565857e+10 1.018712607636309266e+09 1.031410937287236214e+09
4.509300000000000114e-02 5.508300000000000002e-02 5.508300000000000002e-02 1.043295897055233002e+10 1.042319193886254120e+10 1.637310600537333727e+09 1.665383680347121239e+09
4.509300000000000114e-02 5.508300000000000002e-02 6.007599999999999746e-02 1.037485646304642296e+10 1.036933056839330292e+10 1.123789447740911245e+09 1.136739457171009302e+09
4.509300000000000114e-02 5.508300000000000002e-02 6.506599999999999884e-02 1.031036697512061501e+10 1.030540234776543045e+10 1.050436430818301320e+09 1.061584620077618480e+09
4.509300000000000114e-02 5.508300000000000002e-02 7.006400000000000128e-02 1.027350677382036972e+10 1.026747611817647171e+10 1.033769463607021928e+09 1.050704763332410336e+09
4.509300000000000114e-02 5.508300000000000002e-02 7.506100000000000272e-02 1.016106728953365898e+10 1.015561886471009827e+10 1.015238091094323397e+09 1.029254116321094871e+09
4.509300000000000114e-02 5.508300000000000002e-02 8.005600000000000216e-02 1.019300803086718178e+10 1.018736407713826561e+10 9.164722779597923756e+08 9.332398232014256716e+08
4.509300000000000114e-02 6.007599999999999746e-02 6.007599999999999746e-02 1.021842378644867706e+10 1.021001357561251640e+10 1.494314884355525494e+09 1.517062251091816664e+09
4.509300000000000114e-02 6.007599999999999746e-02 6.506599999999999884e-02 1.023690251231070137e+10 1.023183820056970406e+10 1.026255339136001348e+09 1.038169122369718909e+09
4.509300000000000114e-02 6.007599999999999746e-02 7.006400000000000128e-02 1.008800121928814697e+10 1.008196405371141815e+10 9.724077769683309793e+08 9.904946343402780294e+08
4.509300000000000114e-02 6.007599999999999746e-02 7.506100000000000272e-02 1.004157648510697174e+10 1.003453745761800194e+10 9.609949099550896883e+08 9.859698455438416004e+08
4.509300000000000114e-02 6.007599999999999746e-02 8.005600000000000216e-02 1.000251175831000519e+10 9.996240669345865250e+09 8.855668030961340666e+08 9.070676239533935785e+08
4.509300000000000114e-02 6.506599999999999884e-02 6.506599999999999884e-02 1.017270639811946487e+10 1.016738467289781761e+10 1.347349197163182259e+09 1.357150353537968159e+09
4.509300000000000114e-02 6.506599999999999884e-02 7.006400000000000128e-02 1.005058532631045151e+10 1.004525960329219055e+10 9.404895081178189516e+08 9.549870175394678116e+08
4.509300000000000114e-02 6.506599999999999884e-02 7.506100000000000272e-02 9.959567551603305817e+09 9.953533558145717621e+09 8.693173584558739662e+08 8.895879883670501709e+08
4.509300000000000114e-02 6.506599999999999884e-02 8.005600000000000216e-02 9.874616792355180740e+09 9.868105110681730270e+09 8.401685322969092131e+08 8.646270773539386988e+08
4.509300000000000114e-02 7.006400000000000128e-02 7.006400000000000128e-02 1.001594912704347229e+10 1.001165645123283195e+10 1.289023346439691067e+09 1.295510838246995687e+09
4.509300000000000114e-02 7.006400000000000128e-02 7.506100000000000272e-02 9.838046575357498169e+09 9.832337522391622543e+09 8.482633855829386711e+08 8.668478673610661030e+08
4.509300000000000114e-02 7.006400000000000128e-02 8.005600000000000216e-02 9.743388290837457657e+09 9.737721103124832153e+09 8.071524928923257589e+08 8.264147379191324711e+08
4.509300000000000114e-02 7.506100000000000272e-02 7.506100000000000272e-02 9.786612850640857697e+09 9.780140526044845581e+09 1.088756516401687860e+09 1.107292884081628561e+09
4.509300000000000114e-02 7.506100000000000272e-02 8.005600000000000216e-02 9.632122241664793015e+09 9.625459750137601852e+09 7.926978641305433512e+08 8.198359317481613159e+08
4.509300000000000114e-02 8.005600000000000216e-02 8.005600000000000216e-02 9.550513462191961288e+09 9.545933675203731537e+09 1.046932887214943409e+09 1.056384374029135704e+09
5.008300000000000252e-02 5.008300000000000252e-02 5.008300000000000252e-02 1.059411586269481850e+10 1.058542563550537491e+10 2.879499936017117500e+09 2.891151447690325737e+09
5.008300000000000252e-02 5.008300000000000252e-02 5.508300000000000002e-02 1.041186643980108070e+10 1.040524369464088249e+10 1.681779497763159752e+09 1.693935499312489510e+09
5.008300000000000252e-02 5.008300000000000252e-02 6.007599999999999746e-02 1.036477119963362694e+10 1.035597578205020905e+10 1.478220694614101887e+09 1.503433682935019016e+09
5.008300000000000252e-02 5.008300000000000252e-02 6.506599999999999884e-02 1.028300050556571579e+10 1.027649433712575340e+10 1.477325912624102354e+09 1.490852698404243946e+09
5.008300000000000252e-02 5.008300000000000252e-02 7.006400000000000128e-02 1.021304677736634827e+10 1.020585333033333397e+10 1.334489571006002665e+09 1.353081302808063269e+09
5.008300000000000252e-02 5.008300000000000252e-02 7.506100000000000272e-02 1.018014495149002075e+10 1.017394266540878105e+10 1.364373080575112581e+09 1.377723702845684767e+09
5.008300000000000252e-02 5.008300000000000252e-02 8.005600000000000216e-02 1.009141658979366875e+10 1.008511134467344475e+10 1.287990987537637949e+09 1.302697062437703133e+09
5.008300000000000252e-02 5.508300000000000002e-02 5.508300000000000002e-02 1.028566009539379120e+10 1.027791151089324760e+10 1.553018788383810043e+09 1.571463795617321491e+09
5.008300000000000252e-02 5.508300000000000002e-02 6.007599999999999746e-02 1.012605000350811005e+10 1.011925355968719673e+10 1.080507778434876204e+09 1.101145938166492701e+09
5.008300000000000252e-02 5.508300000000000002e-02 6.506599999999999884e-02 1.010918068079053879e+10 1.010226900468556786e+10 1.001066097918399453e+09 1.024159883407560229e+09
5.008300000000000252e-02 5.508300000000000002e-02 7.006400000000000128e-02 1.006327495861584854e+10 1.005745185436503220e+10 9.503782740293480158e+08 9.675872520427649021e+08
5.008300000000000252e-02 5.508300000000000002e-02 7.506100000000000272e-02 9.976240861478651047e+09 9.970647848540893555e+09 9.475453290224156380e+08 9.634453793904323578e+08
5.008300000000000252e-02 5.508300000000000002e-02 8.005600000000000216e-02 9.971630361063550949e+09 9.964934483837320328e+09 9.206874845329837799e+08 9.442740054554371834e+08
5.008300000000000252e-02 6.007599999999999746e-02 6.007599999999999746e-02 9.981442245427139282e+09 9.977303371218088150e+09 1.369990963433977365e+09 1.375547352645282030e+09
5.008300000000000252e-02 6.007599999999999746e-02 6.506599999999999884e-02 9.951467727283130646e+09 9.944894143219636917e+09 9.618746475947731733e+08 9.836109833497391939e+08
5.008300000000000252e-02 6.007599999999999746e-02 7.006400000000000128e-02 9.918454650230909348e+09 9.914388064592025757e+09 8.940584613179031610e+08 9.028173176353349686e+08
5.008300000000000252e-02 6.007599999999999746e-02 7.506100000000000272e-02 9.811196315448265076e+09 9.804897043655546188e+09 8.855966634572976828e+08 9.072920023304984570e+08
5.008300000000000252e-02 6.007599999999999746e-02 8.005600000000000216e-02 9.767505859861845016e+09 9.760222759967161179e+09 8.506862066958585978e+08 8.809015962412301302e+08
5.008300000000000252e-02 6.506599999999999884e-02 6.506599999999999884e-02 9.878052847028263092e+09 9.871186462665098190e+09 1.211697199167704344e+09 1.230402614323645115e+09
5.008300000000000252e-02 6.506599999999999884e-02 7.006400000000000128e-02 9.828958462138889313e+09 9.823506928783010483e+09 8.621523588679820299e+08 8.787965303220686913e+08
5.008300000000000252e-02 6.506599999999999884e-02 7.506100000000000272e-02 9.746492253904476166e+09 9.741669092126764297e+09 8.316100355621620417e+08 8.450723379775350094e+08
5.008300000000000252e-02 6.506599999999999884e-02 8.005600000000000216e-02 9.630698946674886703e+09 9.623974840071771622e+09 8.029516889553675652e+08 8.302414932288360596e+08
5.008300000000000252e-02 7.006400000000000128e-02 7.006400000000000128e-02 9.702036200674425125e+09 9.695608273303306580e+09 1.118503475965402842e+09 1.136273943998340845e+09
5.008300000000000252e-02 7.006400000000000128e-02 7.506100000000000272e-02 9.671936765156713486e+09 9.667096744224313736e+09 8.234323360962915421e+08 8.371315615280449390e+08
5.008300000000000252e-02 7.006400000000000128e-02 8.005600000000000216e-02 9.567923817774059296e+09 9.562343776907520294e+09 7.795302493435467482e+08 7.988724587595740557e+08
5.008300000000000252e-02 7.506100000000000272e-02 7.506100000000000272e-02 9.537304393934432983e+09 9.531240812914791107e+09 1.071817164419247150e+09 1.088306668332013130e+09
5.008300000000000252e-02 7.506100000000000272e-02 8.005600000000000216e-02 9.427683950365083694e+09 9.422762524813316345e+09 7.361507030908986330e+08 7.520617731554028988e+08
5.008300000000000252e-02 8.005600000000000216e-02 8.005600000000000216e-02 9.342226357752656937e+09 9.337762821700691223e+09 1.002753611459557652e+09 1.012142998339353919e+09
5.508300000000000002e-02 5.508300000000000002e-02 5.508300000000000002e-02 1.018418251723892975e+10 1.017603757293132019e+10 2.509178175446828365e+09 2.521115933169680595e+09
5.508300000000000002e-02 5.508300000000000002e-02 6.007599999999999746e-02 1.000920128295884514e+10 1.000437143444829178e+10 1.424492279363110065e+09 1.431949209817561626e+09
5.508300000000000002e-02 5.508300000000000002e-02 6.506599999999999884e-02 1.002607097961071396e+10 1.002268395646230888e+10 1.296225062655865908e+09 1.299997237678942204e+09
5.508300000000000002e-02 5.508300000000000002e-02 7.006400000000000128e-02 9.900859827503015518e+09 9.893544484940546036e+09 1.235869233166733265e+09 1.256726362968420744e+09
5.508300000000000002e-02 5.508300000000000002e-02 7.506100000000000272e-02 9.758982474781333923e+09 9.754972880934946060e+09 1.158519605815115690e+09 1.164862091846411943e+09
5.508300000000000002e-02 5.508300000000000002e-02 8.005600000000000216e-02 9.798096006391628265e+09 9.792554695073431015e+09 1.134350989993802547e+09 1.147245759601370096e+09
5.508300000000000002e-02 6.007599999999999746e-02 6.007599999999999746e-02 9.856553982193653107e+09 9.852961949596603394e+09 1.307025015911408901e+09 1.311301064825330496e+09
5.508300000000000002e-02 6.007599999999999746e-02 6.506599999999999884e-02 9.794307364985206604e+09 9.788338839029510498e+09 9.582908041559921503e+08 9.762311015083963871e+08
5.508300000000000002e-02 6.007599999999999746e-02 7.006400000000000128e-02 9.783142022906171799e+09 9.778379399027093887e+09 8.670147002189388275e+08 8.795715508600898981e+08
5.508300000000000002e-02 6.007599999999999746e-02 7.506100000000000272e-02 9.675098655901693344e+09 9.670447706037818909e+09 8.610110844911462069e+08 8.730583157869589329e+08
5.508300000000000002e-02 6.007599999999999746e-02 8.005600000000000216e-02 9.624687626234668732e+09 9.618265697125001907e+09 8.075931349257359505e+08 8.323438531954803467e+08
5.508300000000000002e-02 6.506599999999999884e-02 6.506599999999999884e-02 9.760379833530590057e+09 9.754671509621248245e+09 1.225196970793143034e+09 1.237817826291671515e+09
5.508300000000000002e-02 6.506599999999999884e-02 7.006400000000000128e-02 9.683718049978822708e+09 9.678559501945993423e+09 8.250983453726027012e+08 8.406650879935714006e+08
5.508300000000000002e-02 6.506599999999999884e-02 7.506100000000000272e-02 9.610785563457962036e+09 9.605763653304586411e+09 8.164360924961328506e+08 8.313372196213808060e+08
5.508300000000000002e-02 6.506599999999999884e-02 8.005600000000000216e-02 9.541520835993789673e+09 9.536143519090770721e+09 7.436082438631685972e+08 7.624410512277172804e+08
5.508300000000000002e-02 7.006400000000000128e-02 7.006400000000000128e-02 9.593491281846565247e+09 9.588914612986122131e+09 1.045046967422455788e+09 1.054503688872175217e+09
5.508300000000000002e-02 7.006400000000000128e-02 7.506100000000000272e-02 9.513140279769704819e+09 9.507221798113613129e+09 7.459405504051259756e+08 7.687001095478650331e+08
5.508300000000000002e-02 7.006400000000000128e-02 8.005600000000000216e-02 9.418429900739486694e+09 9.412660243267030716e+09 7.318699258663691282e+08 7.539147413648482561e+08
5.508300000000000002e-02 7.506100000000000272e-02 7.506100000000000272e-02 9.392369146081283569e+09 9.387430812178787231e+09 1.003087868375207424e+09 1.014675925269961834e+09
5.508300000000000002e-02 7.506100000000000272e-02 8.005600000000000216e-02 9.290655070747562408e+09 9.285981764056064606e+09 7.279101764386848211e+08 7.424039981672592163e+08
5.508300000000000002e-02 8.005600000000000216e-02 8.005600000000000216e-02 9.180888680532155991e+09 9.175531280968908310e+09 9.422801474789123535e+08 9.569255987493015528e+08
6.007599999999999746e-02 6.007599999999999746e-02 6.007599999999999746e-02 9.835622770941417694e+09 9.832652792435405731e+09 2.041341127008635044e+09 2.042481691094665289e+09
6.007599999999999746e-02 6.007599999999999746e-02 6.506599999999999884e-02 9.713535883689586639e+09 9.707139001512407303e+09 1.215513445106223822e+09 1.231631860534798145e+09
6.007599999999999746e-02 6.007599999999999746e-02 7.006400000000000128e-02 9.724411026207698822e+09 9.718267763495983124e+09 1.149868379266912699e+09 1.165596881417353868e+09
6.007599999999999746e-02 6.007599999999999746e-02 7.506100000000000272e-02 9.537929198302659988e+09 9.533418957574781418e+09 1.092709206902606487e+09 1.101436726136774063e+09
6.007599999999999746e-02 6.007599999999999746e-02 8.005600000000000216e-02 9.439592560944036484e+09 9.432844339943874359e+09 1.030562413749313354e+09 1.051920328451306820e+09
6.007599999999999746e-02 6.506599999999999884e-02 6.506599999999999884e-02 9.701316701155281067e+09 9.696010915996873856e+09 1.109171173998534441e+09 1.121241730277143717e+09
6.007599999999999746e-02 6.506599999999999884e-02 7.006400000000000128e-02 9.565500120601428986e+09 9.559332754280687332e+09 8.085686621587591171e+08 8.313642755183538198e+08
6.007599999999999746e-02 6.506599999999999884e-02 7.506100000000000272e-02 9.470741044794158936e+09 9.464821913637538910e+09 7.609043719456144571e+08 7.832197519400569201e+08
6.007599999999999746e-02 6.506599999999999884e-02 8.005600000000000216e-02 9.371372821832878113e+09 9.364794129972764969e+09 7.279748877022258043e+08 7.567676034928349257e+08
6.007599999999999746e-02 7.006400000000000128e-02 7.006400000000000128e-02 9.489240203043825150e+09 9.481051002773696899e+09 1.019973817295738101e+09 1.051841376706771016e+09
6.007599999999999746e-02 7.006400000000000128e-02 7.506100000000000272e-02 9.363656127890684128e+09 9.357994090614969254e+09 6.951730433893101215e+08 7.175245247301784754e+08
6.007599999999999746e-02 7.006400000000000128e-02 8.005600000000000216e-02 9.285339484637582779e+09 9.279679132048488617e+09 6.962701572485477924e+08 7.185731803259342909e+08
6.007599999999999746e-02 7.506100000000000272e-02 7.506100000000000272e-02 9.277153415478708267e+09 9.271550173119869232e+09 9.363994510624543428e+08 9.525567116544700861e+08
6.007599999999999746e-02 7.506100000000000272e-02 8.005600000000000216e-02 9.181435509253065109e+09 9.176018112426990509e+09 6.871718726041811705e+08 7.078712011520466805e+08
6.007599999999999746e-02 8.005600000000000216e-02 8.005600000000000216e-02 9.078452912203147888e+09 9.072568672526313782e+09 8.565644572289537191e+08 8.761244068411073685e+08
6.506599999999999884e-02 6.506599999999999884e-02 6.506599999999999884e-02 9.584251965068067551e+09 9.578558749514680862e+09 1.772213714127814054e+09 1.780454028621725559e+09
6.506599999999999884e-02 6.506599999999999884e-02 7.006400000000000128e-02 9.502139123109828949e+09 9.493969383031253815e+09 1.090603272275560141e+09 1.120255293752010107e+09
6.506599999999999884e-02 6.506599999999999884e-02 7.506100000000000272e-02 9.367907500058084488e+09 9.361695166434495926e+09 9.892331827185709476e+08 1.008066354044796228e+09
6.506599999999999884e-02 6.506599999999999884e-02 8.005600000000000216e-02 9.278753477240043640e+09 9.272930375415765762e+09 9.457033439387487173e+08 9.630004507991981506e+08
6.506599999999999884e-02 7.006400000000000128e-02 7.006400000000000128e-02 9.366330184380521774e+09 9.359102459958618164e+09 1.038724525724637151e+09 1.063066681770849109e+09
6.506599999999999884e-02 7.006400000000000128e-02 7.506100000000000272e-02 9.274024652577173233e+09 9.268546062146110535e+09 7.250117826825996637e+08 7.450717557201343775e+08
6.506599999999999884e-02 7.006400000000000128e-02 8.005600000000000216e-02 9.207742548485080719e+09 9.201764973986045837e+09 6.497293717824189663e+08 6.763563608914040327e+08
6.506599999999999884e-02 7.506100000000000272e-02 7.506100000000000272e-02 9.171675799555276871e+09 9.167211565718620300e+09 8.978508742270730734e+08 9.084383552212965488e+08
6.506599999999999884e-02 7.506100000000000272e-02 8.005600000000000216e-02 9.091262182962020874e+09 9.085436726107307434e+09 6.490937471346448660e+08 6.744165910953418016e+08
6.506599999999999884e-02 8.005600000000000216e-02 8.005600000000000216e-02 8.941936002605110168e+09 8.936804724080314636e+09 8.382449121368921995e+08 8.533947500672092438e+08
7.006400000000000128e-02 7.006400000000000128e-02 7.006400000000000128e-02 9.270665669865613937e+09 9.267107967423034668e+09 1.594852783016923189e+09 1.598021161243378878e+09
7.006400000000000128e-02 7.006400000000000128e-02 7.506100000000000272e-02 9.162257041719837189e+09 9.156711864814100266e+09 9.296865267693806887e+08 9.456228483851132393e+08
7.006400000000000128e-02 7.006400000000000128e-02 8.005600000000000216e-02 9.076437531540246964e+09 9.071425473462383270e+09 8.818783461978207827e+08 8.955742354397386312e+08
7.006400000000000128e-02 7.506100000000000272e-02 7.506100000000000272e-02 9.059348452138734818e+09 9.054090622604257584e+09 9.000426448253917694e+08 9.148290913733021021e+08
7.006400000000000128e-02 7.506100000000000272e-02 8.005600000000000216e-02 8.967203705005254745e+09 8.961559273963699341e+09 6.362607035337870121e+08 6.605171166476937532e+08
7.006400000000000128e-02 8.005600000000000216e-02 8.005600000000000216e-02 8.880191040823320389e+09 8.873912259962125778e+09 8.390853249105050564e+08 8.618491229684020281e+08
7.506100000000000272e-02 7.506100000000000272e-02 7.506100000000000272e-02 8.904224776992362976e+09 8.896903707911706924e+09 1.417607838451431513e+09 1.435688835278522730e+09
7.506100000000000272e-02 7.506100000000000272e-02 8.005600000000000216e-02 8.881806295582962036e+09 8.875555631920896530e+09 8.153553064342606068e+08 8.385767298292877674e+08
7.506100000000000272e-02 8.005600000000000216e-02 8.005600000000000216e-02 8.772899474510202408e+09 8.766589231455240250e+09 8.481778194405877590e+08 8.709225533175907135e+08
8.005600000000000216e-02 8.005600000000000216e-02 8.005600000000000216e-02 8.652769813787891388e+09 8.645393819641952515e+09 1.278386536309580088e+09 1.298862882047907352e+09
