5.738000000000000045e-03 5.738000000000000045e-03 5.738000000000000045e-03
5.738000000000000045e-03 5.738000000000000045e-03 1.037300000000000028e-02
5.738000000000000045e-03 5.738000000000000045e-03 1.525999999999999926e-02
5.738000000000000045e-03 1.037300000000000028e-02 1.037300000000000028e-02
5.738000000000000045e-03 1.037300000000000028e-02 1.525999999999999926e-02
5.738000000000000045e-03 1.037300000000000028e-02 2.019699999999999968e-02
5.738000000000000045e-03 1.525999999999999926e-02 1.525999999999999926e-02
5.738000000000000045e-03 1.525999999999999926e-02 2.019699999999999968e-02
5.738000000000000045e-03 1.525999999999999926e-02 2.516699999999999840e-02
5.738000000000000045e-03 2.019699999999999968e-02 2.019699999999999968e-02
5.738000000000000045e-03 2.019699999999999968e-02 2.516699999999999840e-02
5.738000000000000045e-03 2.019699999999999968e-02 3.013700000000000059e-02
5.738000000000000045e-03 2.516699999999999840e-02 2.516699999999999840e-02
5.738000000000000045e-03 2.516699999999999840e-02 3.013700000000000059e-02
5.738000000000000045e-03 2.516699999999999840e-02 3.511100000000000332e-02
5.738000000000000045e-03 3.013700000000000059e-02 3.013700000000000059e-02
5.738000000000000045e-03 3.013700000000000059e-02 3.511100000000000332e-02
5.738000000000000045e-03 3.013700000000000059e-02 4.009599999999999970e-02
5.738000000000000045e-03 3.511100000000000332e-02 3.511100000000000332e-02
5.738000000000000045e-03 3.511100000000000332e-02 4.009599999999999970e-02
5.738000000000000045e-03 3.511100000000000332e-02 4.509300000000000114e-02
5.738000000000000045e-03 4.009599999999999970e-02 4.009599999999999970e-02
5.738000000000000045e-03 4.009599999999999970e-02 4.509300000000000114e-02
5.738000000000000045e-03 4.009599999999999970e-02 5.009299999999999864e-02
5.738000000000000045e-03 4.509300000000000114e-02 4.509300000000000114e-02
5.738000000000000045e-03 4.509300000000000114e-02 5.009299999999999864e-02
5.738000000000000045e-03 4.509300000000000114e-02 5.507800000000000196e-02
5.738000000000000045e-03 5.009299999999999864e-02 5.009299999999999864e-02
5.738000000000000045e-03 5.009299999999999864e-02 5.507800000000000196e-02
5.738000000000000045e-03 5.009299999999999864e-02 6.006700000000000234e-02
5.738000000000000045e-03 5.507800000000000196e-02 5.507800000000000196e-02
5.738000000000000045e-03 5.507800000000000196e-02 6.006700000000000234e-02
5.738000000000000045e-03 5.507800000000000196e-02 6.505900000000000571e-02
5.738000000000000045e-03 6.006700000000000234e-02 6.006700000000000234e-02
5.738000000000000045e-03 6.006700000000000234e-02 6.505900000000000571e-02
5.738000000000000045e-03 6.006700000000000234e-02 7.005400000000000515e-02
5.738000000000000045e-03 6.505900000000000571e-02 6.505900000000000571e-02
5.738000000000000045e-03 6.505900000000000571e-02 7.005400000000000515e-02
5.738000000000000045e-03 6.505900000000000571e-02 7.505299999999999472e-02
5.738000000000000045e-03 7.005400000000000515e-02 7.005400000000000515e-02
5.738000000000000045e-03 7.005400000000000515e-02 7.505299999999999472e-02
5.738000000000000045e-03 7.005400000000000515e-02 8.005400000000000016e-02
5.738000000000000045e-03 7.505299999999999472e-02 7.505299999999999472e-02
5.738000000000000045e-03 7.505299999999999472e-02 8.005400000000000016e-02
5.738000000000000045e-03 8.005400000000000016e-02 8.005400000000000016e-02
1.037300000000000028e-02 1.037300000000000028e-02 1.037300000000000028e-02
1.037300000000000028e-02 1.037300000000000028e-02 1.525999999999999926e-02
1.037300000000000028e-02 1.037300000000000028e-02 2.019699999999999968e-02
1.037300000000000028e-02 1.037300000000000028e-02 2.516699999999999840e-02
1.037300000000000028e-02 1.525999999999999926e-02 1.525999999999999926e-02
1.037300000000000028e-02 1.525999999999999926e-02 2.019699999999999968e-02
1.037300000000000028e-02 1.525999999999999926e-02 2.516699999999999840e-02
1.037300000000000028e-02 1.525999999999999926e-02 3.013700000000000059e-02
1.037300000000000028e-02 2.019699999999999968e-02 2.019699999999999968e-02
1.037300000000000028e-02 2.019699999999999968e-02 2.516699999999999840e-02
1.037300000000000028e-02 2.019699999999999968e-02 3.013700000000000059e-02
1.037300000000000028e-02 2.019699999999999968e-02 3.511100000000000332e-02
1.037300000000000028e-02 2.516699999999999840e-02 2.516699999999999840e-02
1.037300000000000028e-02 2.516699999999999840e-02 3.013700000000000059e-02
1.037300000000000028e-02 2.516699999999999840e-02 3.511100000000000332e-02
1.037300000000000028e-02 2.516699999999999840e-02 4.009599999999999970e-02
1.037300000000000028e-02 3.013700000000000059e-02 3.013700000000000059e-02
1.037300000000000028e-02 3.013700000000000059e-02 3.511100000000000332e-02
1.037300000000000028e-02 3.013700000000000059e-02 4.009599999999999970e-02
1.037300000000000028e-02 3.013700000000000059e-02 4.509300000000000114e-02
1.037300000000000028e-02 3.511100000000000332e-02 3.511100000000000332e-02
1.037300000000000028e-02 3.511100000000000332e-02 4.009599999999999970e-02
1.037300000000000028e-02 3.511100000000000332e-02 4.509300000000000114e-02
1.037300000000000028e-02 3.511100000000000332e-02 5.009299999999999864e-02
1.037300000000000028e-02 4.009599999999999970e-02 4.009599999999999970e-02
1.037300000000000028e-02 4.009599999999999970e-02 4.509300000000000114e-02
1.037300000000000028e-02 4.009599999999999970e-02 5.009299999999999864e-02
1.037300000000000028e-02 4.009599999999999970e-02 5.507800000000000196e-02
1.037300000000000028e-02 4.509300000000000114e-02 4.509300000000000114e-02
1.037300000000000028e-02 4.509300000000000114e-02 5.009299999999999864e-02
1.037300000000000028e-02 4.509300000000000114e-02 5.507800000000000196e-02
1.037300000000000028e-02 4.509300000000000114e-02 6.006700000000000234e-02
1.037300000000000028e-02 5.009299999999999864e-02 5.009299999999999864e-02
1.037300000000000028e-02 5.009299999999999864e-02 5.507800000000000196e-02
1.037300000000000028e-02 5.009299999999999864e-02 6.006700000000000234e-02
1.037300000000000028e-02 5.009299999999999864e-02 6.505900000000000571e-02
1.037300000000000028e-02 5.507800000000000196e-02 5.507800000000000196e-02
1.037300000000000028e-02 5.507800000000000196e-02 6.006700000000000234e-02
1.037300000000000028e-02 5.507800000000000196e-02 6.505900000000000571e-02
1.037300000000000028e-02 5.507800000000000196e-02 7.005400000000000515e-02
1.037300000000000028e-02 6.006700000000000234e-02 6.006700000000000234e-02
1.037300000000000028e-02 6.006700000000000234e-02 6.505900000000000571e-02
1.037300000000000028e-02 6.006700000000000234e-02 7.005400000000000515e-02
1.037300000000000028e-02 6.006700000000000234e-02 7.505299999999999472e-02
1.037300000000000028e-02 6.505900000000000571e-02 6.505900000000000571e-02
1.037300000000000028e-02 6.505900000000000571e-02 7.005400000000000515e-02
1.037300000000000028e-02 6.505900000000000571e-02 7.505299999999999472e-02
1.037300000000000028e-02 6.505900000000000571e-02 8.005400000000000016e-02
1.037300000000000028e-02 7.005400000000000515e-02 7.005400000000000515e-02
1.037300000000000028e-02 7.005400000000000515e-02 7.505299999999999472e-02
1.037300000000000028e-02 7.005400000000000515e-02 8.005400000000000016e-02
1.037300000000000028e-02 7.505299999999999472e-02 7.505299999999999472e-02
1.037300000000000028e-02 7.505299999999999472e-02 8.005400000000000016e-02
1.037300000000000028e-02 8.005400000000000016e-02 8.005400000000000016e-02
1.525999999999999926e-02 1.525999999999999926e-02 1.525999999999999926e-02
1.525999999999999926e-02 1.525999999999999926e-02 2.019699999999999968e-02
1.525999999999999926e-02 1.525999999999999926e-02 2.516699999999999840e-02
1.525999999999999926e-02 1.525999999999999926e-02 3.013700000000000059e-02
1.525999999999999926e-02 1.525999999999999926e-02 3.511100000000000332e-02
1.525999999999999926e-02 2.019699999999999968e-02 2.019699999999999968e-02
1.525999999999999926e-02 2.019699999999999968e-02 2.516699999999999840e-02
1.525999999999999926e-02 2.019699999999999968e-02 3.013700000000000059e-02
1.525999999999999926e-02 2.019699999999999968e-02 3.511100000000000332e-02
1.525999999999999926e-02 2.019699999999999968e-02 4.009599999999999970e-02
1.525999999999999926e-02 2.516699999999999840e-02 2.516699999999999840e-02
1.525999999999999926e-02 2.516699999999999840e-02 3.013700000000000059e-02
1.525999999999999926e-02 2.516699999999999840e-02 3.511100000000000332e-02
1.525999999999999926e-02 2.516699999999999840e-02 4.009599999999999970e-02
1.525999999999999926e-02 2.516699999999999840e-02 4.509300000000000114e-02
1.525999999999999926e-02 3.013700000000000059e-02 3.013700000000000059e-02
1.525999999999999926e-02 3.013700000000000059e-02 3.511100000000000332e-02
1.525999999999999926e-02 3.013700000000000059e-02 4.009599999999999970e-02
1.525999999999999926e-02 3.013700000000000059e-02 4.509300000000000114e-02
1.525999999999999926e-02 3.013700000000000059e-02 5.009299999999999864e-02
1.525999999999999926e-02 3.511100000000000332e-02 3.511100000000000332e-02
1.525999999999999926e-02 3.511100000000000332e-02 4.009599999999999970e-02
1.525999999999999926e-02 3.511100000000000332e-02 4.509300000000000114e-02
1.525999999999999926e-02 3.511100000000000332e-02 5.009299999999999864e-02
1.525999999999999926e-02 3.511100000000000332e-02 5.507800000000000196e-02
1.525999999999999926e-02 4.009599999999999970e-02 4.009599999999999970e-02
1.525999999999999926e-02 4.009599999999999970e-02 4.509300000000000114e-02
1.525999999999999926e-02 4.009599999999999970e-02 5.009299999999999864e-02
1.525999999999999926e-02 4.009599999999999970e-02 5.507800000000000196e-02
1.525999999999999926e-02 4.009599999999999970e-02 6.006700000000000234e-02
1.525999999999999926e-02 4.509300000000000114e-02 4.509300000000000114e-02
1.525999999999999926e-02 4.509300000000000114e-02 5.009299999999999864e-02
1.525999999999999926e-02 4.509300000000000114e-02 5.507800000000000196e-02
1.525999999999999926e-02 4.509300000000000114e-02 6.006700000000000234e-02
1.525999999999999926e-02 4.509300000000000114e-02 6.505900000000000571e-02
1.525999999999999926e-02 5.009299999999999864e-02 5.009299999999999864e-02
1.525999999999999926e-02 5.009299999999999864e-02 5.507800000000000196e-02
1.525999999999999926e-02 5.009299999999999864e-02 6.006700000000000234e-02
1.525999999999999926e-02 5.009299999999999864e-02 6.505900000000000571e-02
1.525999999999999926e-02 5.009299999999999864e-02 7.005400000000000515e-02
1.525999999999999926e-02 5.507800000000000196e-02 5.507800000000000196e-02
1.525999999999999926e-02 5.507800000000000196e-02 6.006700000000000234e-02
1.525999999999999926e-02 5.507800000000000196e-02 6.505900000000000571e-02
1.525999999999999926e-02 5.507800000000000196e-02 7.005400000000000515e-02
1.525999999999999926e-02 5.507800000000000196e-02 7.505299999999999472e-02
1.525999999999999926e-02 6.006700000000000234e-02 6.006700000000000234e-02
1.525999999999999926e-02 6.006700000000000234e-02 6.505900000000000571e-02
1.525999999999999926e-02 6.006700000000000234e-02 7.005400000000000515e-02
1.525999999999999926e-02 6.006700000000000234e-02 7.505299999999999472e-02
1.525999999999999926e-02 6.006700000000000234e-02 8.005400000000000016e-02
1.525999999999999926e-02 6.505900000000000571e-02 6.505900000000000571e-02
1.525999999999999926e-02 6.505900000000000571e-02 7.005400000000000515e-02
1.525999999999999926e-02 6.505900000000000571e-02 7.505299999999999472e-02
1.525999999999999926e-02 6.505900000000000571e-02 8.005400000000000016e-02
1.525999999999999926e-02 7.005400000000000515e-02 7.005400000000000515e-02
1.525999999999999926e-02 7.005400000000000515e-02 7.505299999999999472e-02
1.525999999999999926e-02 7.005400000000000515e-02 8.005400000000000016e-02
1.525999999999999926e-02 7.505299999999999472e-02 7.505299999999999472e-02
1.525999999999999926e-02 7.505299999999999472e-02 8.005400000000000016e-02
1.525999999999999926e-02 8.005400000000000016e-02 8.005400000000000016e-02
2.019699999999999968e-02 2.019699999999999968e-02 2.019699999999999968e-02
2.019699999999999968e-02 2.019699999999999968e-02 2.516699999999999840e-02
2.019699999999999968e-02 2.019699999999999968e-02 3.013700000000000059e-02
2.019699999999999968e-02 2.019699999999999968e-02 3.511100000000000332e-02
2.019699999999999968e-02 2.019699999999999968e-02 4.009599999999999970e-02
2.019699999999999968e-02 2.019699999999999968e-02 4.509300000000000114e-02
2.019699999999999968e-02 2.516699999999999840e-02 2.516699999999999840e-02
2.019699999999999968e-02 2.516699999999999840e-02 3.013700000000000059e-02
2.019699999999999968e-02 2.516699999999999840e-02 3.511100000000000332e-02
2.019699999999999968e-02 2.516699999999999840e-02 4.009599999999999970e-02
2.019699999999999968e-02 2.516699999999999840e-02 4.509300000000000114e-02
2.019699999999999968e-02 2.516699999999999840e-02 5.009299999999999864e-02
2.019699999999999968e-02 3.013700000000000059e-02 3.013700000000000059e-02
2.019699999999999968e-02 3.013700000000000059e-02 3.511100000000000332e-02
2.019699999999999968e-02 3.013700000000000059e-02 4.009599999999999970e-02
2.019699999999999968e-02 3.013700000000000059e-02 4.509300000000000114e-02
2.019699999999999968e-02 3.013700000000000059e-02 5.009299999999999864e-02
2.019699999999999968e-02 3.013700000000000059e-02 5.507800000000000196e-02
2.019699999999999968e-02 3.511100000000000332e-02 3.511100000000000332e-02
2.019699999999999968e-02 3.511100000000000332e-02 4.009599999999999970e-02
2.019699999999999968e-02 3.511100000000000332e-02 4.509300000000000114e-02
2.019699999999999968e-02 3.511100000000000332e-02 5.009299999999999864e-02
2.019699999999999968e-02 3.511100000000000332e-02 5.507800000000000196e-02
2.019699999999999968e-02 3.511100000000000332e-02 6.006700000000000234e-02
2.019699999999999968e-02 4.009599999999999970e-02 4.009599999999999970e-02
2.019699999999999968e-02 4.009599999999999970e-02 4.509300000000000114e-02
2.019699999999999968e-02 4.009599999999999970e-02 5.009299999999999864e-02
2.019699999999999968e-02 4.009599999999999970e-02 5.507800000000000196e-02
2.019699999999999968e-02 4.009599999999999970e-02 6.006700000000000234e-02
2.019699999999999968e-02 4.009599999999999970e-02 6.505900000000000571e-02
2.019699999999999968e-02 4.509300000000000114e-02 4.509300000000000114e-02
2.019699999999999968e-02 4.509300000000000114e-02 5.009299999999999864e-02
2.019699999999999968e-02 4.509300000000000114e-02 5.507800000000000196e-02
2.019699999999999968e-02 4.509300000000000114e-02 6.006700000000000234e-02
2.019699999999999968e-02 4.509300000000000114e-02 6.505900000000000571e-02
2.019699999999999968e-02 4.509300000000000114e-02 7.005400000000000515e-02
2.019699999999999968e-02 5.009299999999999864e-02 5.009299999999999864e-02
2.019699999999999968e-02 5.009299999999999864e-02 5.507800000000000196e-02
2.019699999999999968e-02 5.009299999999999864e-02 6.006700000000000234e-02
2.019699999999999968e-02 5.009299999999999864e-02 6.505900000000000571e-02
2.019699999999999968e-02 5.009299999999999864e-02 7.005400000000000515e-02
2.019699999999999968e-02 5.009299999999999864e-02 7.505299999999999472e-02
2.019699999999999968e-02 5.507800000000000196e-02 5.507800000000000196e-02
2.019699999999999968e-02 5.507800000000000196e-02 6.006700000000000234e-02
2.019699999999999968e-02 5.507800000000000196e-02 6.505900000000000571e-02
2.019699999999999968e-02 5.507800000000000196e-02 7.005400000000000515e-02
2.019699999999999968e-02 5.507800000000000196e-02 7.505299999999999472e-02
2.019699999999999968e-02 5.507800000000000196e-02 8.005400000000000016e-02
2.019699999999999968e-02 6.006700000000000234e-02 6.006700000000000234e-02
2.019699999999999968e-02 6.006700000000000234e-02 6.505900000000000571e-02
2.019699999999999968e-02 6.006700000000000234e-02 7.005400000000000515e-02
2.019699999999999968e-02 6.006700000000000234e-02 7.505299999999999472e-02
2.019699999999999968e-02 6.006700000000000234e-02 8.005400000000000016e-02
2.019699999999999968e-02 6.505900000000000571e-02 6.505900000000000571e-02
2.019699999999999968e-02 6.505900000000000571e-02 7.005400000000000515e-02
2.019699999999999968e-02 6.505900000000000571e-02 7.505299999999999472e-02
2.019699999999999968e-02 6.505900000000000571e-02 8.005400000000000016e-02
2.019699999999999968e-02 7.005400000000000515e-02 7.005400000000000515e-02
2.019699999999999968e-02 7.005400000000000515e-02 7.505299999999999472e-02
2.019699999999999968e-02 7.005400000000000515e-02 8.005400000000000016e-02
2.019699999999999968e-02 7.505299999999999472e-02 7.505299999999999472e-02
2.019699999999999968e-02 7.505299999999999472e-02 8.005400000000000016e-02
2.019699999999999968e-02 8.005400000000000016e-02 8.005400000000000016e-02
2.516699999999999840e-02 2.516699999999999840e-02 2.516699999999999840e-02
2.516699999999999840e-02 2.516699999999999840e-02 3.013700000000000059e-02
2.516699999999999840e-02 2.516699999999999840e-02 3.511100000000000332e-02
2.516699999999999840e-02 2.516699999999999840e-02 4.009599999999999970e-02
2.516699999999999840e-02 2.516699999999999840e-02 4.509300000000000114e-02
2.516699999999999840e-02 2.516699999999999840e-02 5.009299999999999864e-02
2.516699999999999840e-02 2.516699999999999840e-02 5.507800000000000196e-02
2.516699999999999840e-02 3.013700000000000059e-02 3.013700000000000059e-02
2.516699999999999840e-02 3.013700000000000059e-02 3.511100000000000332e-02
2.516699999999999840e-02 3.013700000000000059e-02 4.009599999999999970e-02
2.516699999999999840e-02 3.013700000000000059e-02 4.509300000000000114e-02
2.516699999999999840e-02 3.013700000000000059e-02 5.009299999999999864e-02
2.516699999999999840e-02 3.013700000000000059e-02 5.507800000000000196e-02
2.516699999999999840e-02 3.013700000000000059e-02 6.006700000000000234e-02
2.516699999999999840e-02 3.511100000000000332e-02 3.511100000000000332e-02
2.516699999999999840e-02 3.511100000000000332e-02 4.009599999999999970e-02
2.516699999999999840e-02 3.511100000000000332e-02 4.509300000000000114e-02
2.516699999999999840e-02 3.511100000000000332e-02 5.009299999999999864e-02
2.516699999999999840e-02 3.511100000000000332e-02 5.507800000000000196e-02
2.516699999999999840e-02 3.511100000000000332e-02 6.006700000000000234e-02
2.516699999999999840e-02 3.511100000000000332e-02 6.505900000000000571e-02
2.516699999999999840e-02 4.009599999999999970e-02 4.009599999999999970e-02
2.516699999999999840e-02 4.009599999999999970e-02 4.509300000000000114e-02
2.516699999999999840e-02 4.009599999999999970e-02 5.009299999999999864e-02
2.516699999999999840e-02 4.009599999999999970e-02 5.507800000000000196e-02
2.516699999999999840e-02 4.009599999999999970e-02 6.006700000000000234e-02
2.516699999999999840e-02 4.009599999999999970e-02 6.505900000000000571e-02
2.516699999999999840e-02 4.009599999999999970e-02 7.005400000000000515e-02
2.516699999999999840e-02 4.509300000000000114e-02 4.509300000000000114e-02
2.516699999999999840e-02 4.509300000000000114e-02 5.009299999999999864e-02
2.516699999999999840e-02 4.509300000000000114e-02 5.507800000000000196e-02
2.516699999999999840e-02 4.509300000000000114e-02 6.006700000000000234e-02
2.516699999999999840e-02 4.509300000000000114e-02 6.505900000000000571e-02
2.516699999999999840e-02 4.509300000000000114e-02 7.005400000000000515e-02
2.516699999999999840e-02 4.509300000000000114e-02 7.505299999999999472e-02
2.516699999999999840e-02 5.009299999999999864e-02 5.009299999999999864e-02
2.516699999999999840e-02 5.009299999999999864e-02 5.507800000000000196e-02
2.516699999999999840e-02 5.009299999999999864e-02 6.006700000000000234e-02
2.516699999999999840e-02 5.009299999999999864e-02 6.505900000000000571e-02
2.516699999999999840e-02 5.009299999999999864e-02 7.005400000000000515e-02
2.516699999999999840e-02 5.009299999999999864e-02 7.505299999999999472e-02
2.516699999999999840e-02 5.009299999999999864e-02 8.005400000000000016e-02
2.516699999999999840e-02 5.507800000000000196e-02 5.507800000000000196e-02
2.516699999999999840e-02 5.507800000000000196e-02 6.006700000000000234e-02
2.516699999999999840e-02 5.507800000000000196e-02 6.505900000000000571e-02
2.516699999999999840e-02 5.507800000000000196e-02 7.005400000000000515e-02
2.516699999999999840e-02 5.507800000000000196e-02 7.505299999999999472e-02
2.516699999999999840e-02 5.507800000000000196e-02 8.005400000000000016e-02
2.516699999999999840e-02 6.006700000000000234e-02 6.006700000000000234e-02
2.516699999999999840e-02 6.006700000000000234e-02 6.505900000000000571e-02
2.516699999999999840e-02 6.006700000000000234e-02 7.005400000000000515e-02
2.516699999999999840e-02 6.006700000000000234e-02 7.505299999999999472e-02
2.516699999999999840e-02 6.006700000000000234e-02 8.005400000000000016e-02
2.516699999999999840e-02 6.505900000000000571e-02 6.505900000000000571e-02
2.516699999999999840e-02 6.505900000000000571e-02 7.005400000000000515e-02
2.516699999999999840e-02 6.505900000000000571e-02 7.505299999999999472e-02
2.516699999999999840e-02 6.505900000000000571e-02 8.005400000000000016e-02
2.516699999999999840e-02 7.005400000000000515e-02 7.005400000000000515e-02
2.516699999999999840e-02 7.005400000000000515e-02 7.505299999999999472e-02
2.516699999999999840e-02 7.005400000000000515e-02 8.005400000000000016e-02
2.516699999999999840e-02 7.505299999999999472e-02 7.505299999999999472e-02
2.516699999999999840e-02 7.505299999999999472e-02 8.005400000000000016e-02
2.516699999999999840e-02 8.005400000000000016e-02 8.005400000000000016e-02
3.013700000000000059e-02 3.013700000000000059e-02 3.013700000000000059e-02
3.013700000000000059e-02 3.013700000000000059e-02 3.511100000000000332e-02
3.013700000000000059e-02 3.013700000000000059e-02 4.009599999999999970e-02
3.013700000000000059e-02 3.013700000000000059e-02 4.509300000000000114e-02
3.013700000000000059e-02 3.013700000000000059e-02 5.009299999999999864e-02
3.013700000000000059e-02 3.013700000000000059e-02 5.507800000000000196e-02
3.013700000000000059e-02 3.013700000000000059e-02 6.006700000000000234e-02
3.013700000000000059e-02 3.013700000000000059e-02 6.505900000000000571e-02
3.013700000000000059e-02 3.511100000000000332e-02 3.511100000000000332e-02
3.013700000000000059e-02 3.511100000000000332e-02 4.009599999999999970e-02
3.013700000000000059e-02 3.511100000000000332e-02 4.509300000000000114e-02
3.013700000000000059e-02 3.511100000000000332e-02 5.009299999999999864e-02
3.013700000000000059e-02 3.511100000000000332e-02 5.507800000000000196e-02
3.013700000000000059e-02 3.511100000000000332e-02 6.006700000000000234e-02
3.013700000000000059e-02 3.511100000000000332e-02 6.505900000000000571e-02
3.013700000000000059e-02 3.511100000000000332e-02 7.005400000000000515e-02
3.013700000000000059e-02 4.009599999999999970e-02 4.009599999999999970e-02
3.013700000000000059e-02 4.009599999999999970e-02 4.509300000000000114e-02
3.013700000000000059e-02 4.009599999999999970e-02 5.009299999999999864e-02
3.013700000000000059e-02 4.009599999999999970e-02 5.507800000000000196e-02
3.013700000000000059e-02 4.009599999999999970e-02 6.006700000000000234e-02
3.013700000000000059e-02 4.009599999999999970e-02 6.505900000000000571e-02
3.013700000000000059e-02 4.009599999999999970e-02 7.005400000000000515e-02
3.013700000000000059e-02 4.009599999999999970e-02 7.505299999999999472e-02
3.013700000000000059e-02 4.509300000000000114e-02 4.509300000000000114e-02
3.013700000000000059e-02 4.509300000000000114e-02 5.009299999999999864e-02
3.013700000000000059e-02 4.509300000000000114e-02 5.507800000000000196e-02
3.013700000000000059e-02 4.509300000000000114e-02 6.006700000000000234e-02
3.013700000000000059e-02 4.509300000000000114e-02 6.505900000000000571e-02
3.013700000000000059e-02 4.509300000000000114e-02 7.005400000000000515e-02
3.013700000000000059e-02 4.509300000000000114e-02 7.505299999999999472e-02
3.013700000000000059e-02 4.509300000000000114e-02 8.005400000000000016e-02
3.013700000000000059e-02 5.009299999999999864e-02 5.009299999999999864e-02
3.013700000000000059e-02 5.009299999999999864e-02 5.507800000000000196e-02
3.013700000000000059e-02 5.009299999999999864e-02 6.006700000000000234e-02
3.013700000000000059e-02 5.009299999999999864e-02 6.505900000000000571e-02
3.013700000000000059e-02 5.009299999999999864e-02 7.005400000000000515e-02
3.013700000000000059e-02 5.009299999999999864e-02 7.505299999999999472e-02
3.013700000000000059e-02 5.009299999999999864e-02 8.005400000000000016e-02
3.013700000000000059e-02 5.507800000000000196e-02 5.507800000000000196e-02
3.013700000000000059e-02 5.507800000000000196e-02 6.006700000000000234e-02
3.013700000000000059e-02 5.507800000000000196e-02 6.505900000000000571e-02
3.013700000000000059e-02 5.507800000000000196e-02 7.005400000000000515e-02
3.013700000000000059e-02 5.507800000000000196e-02 7.505299999999999472e-02
3.013700000000000059e-02 5.507800000000000196e-02 8.005400000000000016e-02
3.013700000000000059e-02 6.006700000000000234e-02 6.006700000000000234e-02
3.013700000000000059e-02 6.006700000000000234e-02 6.505900000000000571e-02
3.013700000000000059e-02 6.006700000000000234e-02 7.005400000000000515e-02
3.013700000000000059e-02 6.006700000000000234e-02 7.505299999999999472e-02
3.013700000000000059e-02 6.006700000000000234e-02 8.005400000000000016e-02
3.013700000000000059e-02 6.505900000000000571e-02 6.505900000000000571e-02
3.013700000000000059e-02 6.505900000000000571e-02 7.005400000000000515e-02
3.013700000000000059e-02 6.505900000000000571e-02 7.505299999999999472e-02
3.013700000000000059e-02 6.505900000000000571e-02 8.005400000000000016e-02
3.013700000000000059e-02 7.005400000000000515e-02 7.005400000000000515e-02
3.013700000000000059e-02 7.005400000000000515e-02 7.505299999999999472e-02
3.013700000000000059e-02 7.005400000000000515e-02 8.005400000000000016e-02
3.013700000000000059e-02 7.505299999999999472e-02 7.505299999999999472e-02
3.013700000000000059e-02 7.505299999999999472e-02 8.005400000000000016e-02
3.013700000000000059e-02 8.005400000000000016e-02 8.005400000000000016e-02
3.511100000000000332e-02 3.511100000000000332e-02 3.511100000000000332e-02
3.511100000000000332e-02 3.511100000000000332e-02 4.009599999999999970e-02
3.511100000000000332e-02 3.511100000000000332e-02 4.509300000000000114e-02
3.511100000000000332e-02 3.511100000000000332e-02 5.009299999999999864e-02
3.511100000000000332e-02 3.511100000000000332e-02 5.507800000000000196e-02
3.511100000000000332e-02 3.511100000000000332e-02 6.006700000000000234e-02
3.511100000000000332e-02 3.511100000000000332e-02 6.505900000000000571e-02
3.511100000000000332e-02 3.511100000000000332e-02 7.005400000000000515e-02
3.511100000000000332e-02 3.511100000000000332e-02 7.505299999999999472e-02
3.511100000000000332e-02 4.009599999999999970e-02 4.009599999999999970e-02
3.511100000000000332e-02 4.009599999999999970e-02 4.509300000000000114e-02
3.511100000000000332e-02 4.009599999999999970e-02 5.009299999999999864e-02
3.511100000000000332e-02 4.009599999999999970e-02 5.507800000000000196e-02
3.511100000000000332e-02 4.009599999999999970e-02 6.006700000000000234e-02
3.511100000000000332e-02 4.009599999999999970e-02 6.505900000000000571e-02
3.511100000000000332e-02 4.009599999999999970e-02 7.005400000000000515e-02
3.511100000000000332e-02 4.009599999999999970e-02 7.505299999999999472e-02
3.511100000000000332e-02 4.009599999999999970e-02 8.005400000000000016e-02
3.511100000000000332e-02 4.509300000000000114e-02 4.509300000000000114e-02
3.511100000000000332e-02 4.509300000000000114e-02 5.009299999999999864e-02
3.511100000000000332e-02 4.509300000000000114e-02 5.507800000000000196e-02
3.511100000000000332e-02 4.509300000000000114e-02 6.006700000000000234e-02
3.511100000000000332e-02 4.509300000000000114e-02 6.505900000000000571e-02
3.511100000000000332e-02 4.509300000000000114e-02 7.005400000000000515e-02
3.511100000000000332e-02 4.509300000000000114e-02 7.505299999999999472e-02
3.511100000000000332e-02 4.509300000000000114e-02 8.005400000000000016e-02
3.511100000000000332e-02 5.009299999999999864e-02 5.009299999999999864e-02
3.511100000000000332e-02 5.009299999999999864e-02 5.507800000000000196e-02
3.511100000000000332e-02 5.009299999999999864e-02 6.006700000000000234e-02
3.511100000000000332e-02 5.009299999999999864e-02 6.505900000000000571e-02
3.511100000000000332e-02 5.009299999999999864e-02 7.005400000000000515e-02
3.511100000000000332e-02 5.009299999999999864e-02 7.505299999999999472e-02
3.511100000000000332e-02 5.009299999999999864e-02 8.005400000000000016e-02
3.511100000000000332e-02 5.507800000000000196e-02 5.507800000000000196e-02
3.511100000000000332e-02 5.507800000000000196e-02 6.006700000000000234e-02
3.511100000000000332e-02 5.507800000000000196e-02 6.505900000000000571e-02
3.511100000000000332e-02 5.507800000000000196e-02 7.005400000000000515e-02
3.511100000000000332e-02 5.507800000000000196e-02 7.505299999999999472e-02
3.511100000000000332e-02 5.507800000000000196e-02 8.005400000000000016e-02
3.511100000000000332e-02 6.006700000000000234e-02 6.006700000000000234e-02
3.511100000000000332e-02 6.006700000000000234e-02 6.505900000000000571e-02
3.511100000000000332e-02 6.006700000000000234e-02 7.005400000000000515e-02
3.511100000000000332e-02 6.006700000000000234e-02 7.505299999999999472e-02
3.511100000000000332e-02 6.006700000000000234e-02 8.005400000000000016e-02
3.511100000000000332e-02 6.505900000000000571e-02 6.505900000000000571e-02
3.511100000000000332e-02 6.505900000000000571e-02 7.005400000000000515e-02
3.511100000000000332e-02 6.505900000000000571e-02 7.505299999999999472e-02
3.511100000000000332e-02 6.505900000000000571e-02 8.005400000000000016e-02
3.511100000000000332e-02 7.005400000000000515e-02 7.005400000000000515e-02
3.511100000000000332e-02 7.005400000000000515e-02 7.505299999999999472e-02
3.511100000000000332e-02 7.005400000000000515e-02 8.005400000000000016e-02
3.511100000000000332e-02 7.505299999999999472e-02 7.505299999999999472e-02
3.511100000000000332e-02 7.505299999999999472e-02 8.005400000000000016e-02
3.511100000000000332e-02 8.005400000000000016e-02 8.005400000000000016e-02
4.009599999999999970e-02 4.009599999999999970e-02 4.009599999999999970e-02
4.009599999999999970e-02 4.009599999999999970e-02 4.509300000000000114e-02
4.009599999999999970e-02 4.009599999999999970e-02 5.009299999999999864e-02
4.009599999999999970e-02 4.009599999999999970e-02 5.507800000000000196e-02
4.009599999999999970e-02 4.009599999999999970e-02 6.006700000000000234e-02
4.009599999999999970e-02 4.009599999999999970e-02 6.505900000000000571e-02
4.009599999999999970e-02 4.009599999999999970e-02 7.005400000000000515e-02
4.009599999999999970e-02 4.009599999999999970e-02 7.505299999999999472e-02
4.009599999999999970e-02 4.009599999999999970e-02 8.005400000000000016e-02
4.009599999999999970e-02 4.509300000000000114e-02 4.509300000000000114e-02
4.009599999999999970e-02 4.509300000000000114e-02 5.009299999999999864e-02
4.009599999999999970e-02 4.509300000000000114e-02 5.507800000000000196e-02
4.009599999999999970e-02 4.509300000000000114e-02 6.006700000000000234e-02
4.009599999999999970e-02 4.509300000000000114e-02 6.505900000000000571e-02
4.009599999999999970e-02 4.509300000000000114e-02 7.005400000000000515e-02
4.009599999999999970e-02 4.509300000000000114e-02 7.505299999999999472e-02
4.009599999999999970e-02 4.509300000000000114e-02 8.005400000000000016e-02
4.009599999999999970e-02 5.009299999999999864e-02 5.009299999999999864e-02
4.009599999999999970e-02 5.009299999999999864e-02 5.507800000000000196e-02
4.009599999999999970e-02 5.009299999999999864e-02 6.006700000000000234e-02
4.009599999999999970e-02 5.009299999999999864e-02 6.505900000000000571e-02
4.009599999999999970e-02 5.009299999999999864e-02 7.005400000000000515e-02
4.009599999999999970e-02 5.009299999999999864e-02 7.505299999999999472e-02
4.009599999999999970e-02 5.009299999999999864e-02 8.005400000000000016e-02
4.009599999999999970e-02 5.507800000000000196e-02 5.507800000000000196e-02
4.009599999999999970e-02 5.507800000000000196e-02 6.006700000000000234e-02
4.009599999999999970e-02 5.507800000000000196e-02 6.505900000000000571e-02
4.009599999999999970e-02 5.507800000000000196e-02 7.005400000000000515e-02
4.009599999999999970e-02 5.507800000000000196e-02 7.505299999999999472e-02
4.009599999999999970e-02 5.507800000000000196e-02 8.005400000000000016e-02
4.009599999999999970e-02 6.006700000000000234e-02 6.006700000000000234e-02
4.009599999999999970e-02 6.006700000000000234e-02 6.505900000000000571e-02
4.009599999999999970e-02 6.006700000000000234e-02 7.005400000000000515e-02
4.009599999999999970e-02 6.006700000000000234e-02 7.505299999999999472e-02
4.009599999999999970e-02 6.006700000000000234e-02 8.005400000000000016e-02
4.009599999999999970e-02 6.505900000000000571e-02 6.505900000000000571e-02
4.009599999999999970e-02 6.505900000000000571e-02 7.005400000000000515e-02
4.009599999999999970e-02 6.505900000000000571e-02 7.505299999999999472e-02
4.009599999999999970e-02 6.505900000000000571e-02 8.005400000000000016e-02
4.009599999999999970e-02 7.005400000000000515e-02 7.005400000000000515e-02
4.009599999999999970e-02 7.005400000000000515e-02 7.505299999999999472e-02
4.009599999999999970e-02 7.005400000000000515e-02 8.005400000000000016e-02
4.009599999999999970e-02 7.505299999999999472e-02 7.505299999999999472e-02
4.009599999999999970e-02 7.505299999999999472e-02 8.005400000000000016e-02
4.009599999999999970e-02 8.005400000000000016e-02 8.005400000000000016e-02
4.509300000000000114e-02 4.509300000000000114e-02 4.509300000000000114e-02
4.509300000000000114e-02 4.509300000000000114e-02 5.009299999999999864e-02
4.509300000000000114e-02 4.509300000000000114e-02 5.507800000000000196e-02
4.509300000000000114e-02 4.509300000000000114e-02 6.006700000000000234e-02
4.509300000000000114e-02 4.509300000000000114e-02 6.505900000000000571e-02
4.509300000000000114e-02 4.509300000000000114e-02 7.005400000000000515e-02
4.509300000000000114e-02 4.509300000000000114e-02 7.505299999999999472e-02
4.509300000000000114e-02 4.509300000000000114e-02 8.005400000000000016e-02
4.509300000000000114e-02 5.009299999999999864e-02 5.009299999999999864e-02
4.509300000000000114e-02 5.009299999999999864e-02 5.507800000000000196e-02
4.509300000000000114e-02 5.009299999999999864e-02 6.006700000000000234e-02
4.509300000000000114e-02 5.009299999999999864e-02 6.505900000000000571e-02
4.509300000000000114e-02 5.009299999999999864e-02 7.005400000000000515e-02
4.509300000000000114e-02 5.009299999999999864e-02 7.505299999999999472e-02
4.509300000000000114e-02 5.009299999999999864e-02 8.005400000000000016e-02
4.509300000000000114e-02 5.507800000000000196e-02 5.507800000000000196e-02
4.509300000000000114e-02 5.507800000000000196e-02 6.006700000000000234e-02
4.509300000000000114e-02 5.507800000000000196e-02 6.505900000000000571e-02
4.509300000000000114e-02 5.507800000000000196e-02 7.005400000000000515e-02
4.509300000000000114e-02 5.507800000000000196e-02 7.505299999999999472e-02
4.509300000000000114e-02 5.507800000000000196e-02 8.005400000000000016e-02
4.509300000000000114e-02 6.006700000000000234e-02 6.006700000000000234e-02
4.509300000000000114e-02 6.006700000000000234e-02 6.505900000000000571e-02
4.509300000000000114e-02 6.006700000000000234e-02 7.005400000000000515e-02
4.509300000000000114e-02 6.006700000000000234e-02 7.505299999999999472e-02
4.509300000000000114e-02 6.006700000000000234e-02 8.005400000000000016e-02
4.509300000000000114e-02 6.505900000000000571e-02 6.505900000000000571e-02
4.509300000000000114e-02 6.505900000000000571e-02 7.005400000000000515e-02
4.509300000000000114e-02 6.505900000000000571e-02 7.505299999999999472e-02
4.509300000000000114e-02 6.505900000000000571e-02 8.005400000000000016e-02
4.509300000000000114e-02 7.005400000000000515e-02 7.005400000000000515e-02
4.509300000000000114e-02 7.005400000000000515e-02 7.505299999999999472e-02
4.509300000000000114e-02 7.005400000000000515e-02 8.005400000000000016e-02
4.509300000000000114e-02 7.505299999999999472e-02 7.505299999999999472e-02
4.509300000000000114e-02 7.505299999999999472e-02 8.005400000000000016e-02
4.509300000000000114e-02 8.005400000000000016e-02 8.005400000000000016e-02
5.009299999999999864e-02 5.009299999999999864e-02 5.009299999999999864e-02
5.009299999999999864e-02 5.009299999999999864e-02 5.507800000000000196e-02
5.009299999999999864e-02 5.009299999999999864e-02 6.006700000000000234e-02
5.009299999999999864e-02 5.009299999999999864e-02 6.505900000000000571e-02
5.009299999999999864e-02 5.009299999999999864e-02 7.005400000000000515e-02
5.009299999999999864e-02 5.009299999999999864e-02 7.505299999999999472e-02
5.009299999999999864e-02 5.009299999999999864e-02 8.005400000000000016e-02
5.009299999999999864e-02 5.507800000000000196e-02 5.507800000000000196e-02
5.009299999999999864e-02 5.507800000000000196e-02 6.006700000000000234e-02
5.009299999999999864e-02 5.507800000000000196e-02 6.505900000000000571e-02
5.009299999999999864e-02 5.507800000000000196e-02 7.005400000000000515e-02
5.009299999999999864e-02 5.507800000000000196e-02 7.505299999999999472e-02
5.009299999999999864e-02 5.507800000000000196e-02 8.005400000000000016e-02
5.009299999999999864e-02 6.006700000000000234e-02 6.006700000000000234e-02
5.009299999999999864e-02 6.006700000000000234e-02 6.505900000000000571e-02
5.009299999999999864e-02 6.006700000000000234e-02 7.005400000000000515e-02
5.009299999999999864e-02 6.006700000000000234e-02 7.505299999999999472e-02
5.009299999999999864e-02 6.006700000000000234e-02 8.005400000000000016e-02
5.009299999999999864e-02 6.505900000000000571e-02 6.505900000000000571e-02
5.009299999999999864e-02 6.505900000000000571e-02 7.005400000000000515e-02
5.009299999999999864e-02 6.505900000000000571e-02 7.505299999999999472e-02
5.009299999999999864e-02 6.505900000000000571e-02 8.005400000000000016e-02
5.009299999999999864e-02 7.005400000000000515e-02 7.005400000000000515e-02
5.009299999999999864e-02 7.005400000000000515e-02 7.505299999999999472e-02
5.009299999999999864e-02 7.005400000000000515e-02 8.005400000000000016e-02
5.009299999999999864e-02 7.505299999999999472e-02 7.505299999999999472e-02
5.009299999999999864e-02 7.505299999999999472e-02 8.005400000000000016e-02
5.009299999999999864e-02 8.005400000000000016e-02 8.005400000000000016e-02
5.507800000000000196e-02 5.507800000000000196e-02 5.507800000000000196e-02
5.507800000000000196e-02 5.507800000000000196e-02 6.006700000000000234e-02
5.507800000000000196e-02 5.507800000000000196e-02 6.505900000000000571e-02
5.507800000000000196e-02 5.507800000000000196e-02 7.005400000000000515e-02
5.507800000000000196e-02 5.507800000000000196e-02 7.505299999999999472e-02
5.507800000000000196e-02 5.507800000000000196e-02 8.005400000000000016e-02
5.507800000000000196e-02 6.006700000000000234e-02 6.006700000000000234e-02
5.507800000000000196e-02 6.006700000000000234e-02 6.505900000000000571e-02
5.507800000000000196e-02 6.006700000000000234e-02 7.005400000000000515e-02
5.507800000000000196e-02 6.006700000000000234e-02 7.505299999999999472e-02
5.507800000000000196e-02 6.006700000000000234e-02 8.005400000000000016e-02
5.507800000000000196e-02 6.505900000000000571e-02 6.505900000000000571e-02
5.507800000000000196e-02 6.505900000000000571e-02 7.005400000000000515e-02
5.507800000000000196e-02 6.505900000000000571e-02 7.505299999999999472e-02
5.507800000000000196e-02 6.505900000000000571e-02 8.005400000000000016e-02
5.507800000000000196e-02 7.005400000000000515e-02 7.005400000000000515e-02
5.507800000000000196e-02 7.005400000000000515e-02 7.505299999999999472e-02
5.507800000000000196e-02 7.005400000000000515e-02 8.005400000000000016e-02
5.507800000000000196e-02 7.505299999999999472e-02 7.505299999999999472e-02
5.507800000000000196e-02 7.505299999999999472e-02 8.005400000000000016e-02
5.507800000000000196e-02 8.005400000000000016e-02 8.005400000000000016e-02
6.006700000000000234e-02 6.006700000000000234e-02 6.006700000000000234e-02
6.006700000000000234e-02 6.006700000000000234e-02 6.505900000000000571e-02
6.006700000000000234e-02 6.006700000000000234e-02 7.005400000000000515e-02
6.006700000000000234e-02 6.006700000000000234e-02 7.505299999999999472e-02
6.006700000000000234e-02 6.006700000000000234e-02 8.005400000000000016e-02
6.006700000000000234e-02 6.505900000000000571e-02 6.505900000000000571e-02
6.006700000000000234e-02 6.505900000000000571e-02 7.005400000000000515e-02
6.006700000000000234e-02 6.505900000000000571e-02 7.505299999999999472e-02
6.006700000000000234e-02 6.505900000000000571e-02 8.005400000000000016e-02
6.006700000000000234e-02 7.005400000000000515e-02 7.005400000000000515e-02
6.006700000000000234e-02 7.005400000000000515e-02 7.505299999999999472e-02
6.006700000000000234e-02 7.005400000000000515e-02 8.005400000000000016e-02
6.006700000000000234e-02 7.505299999999999472e-02 7.505299999999999472e-02
6.006700000000000234e-02 7.505299999999999472e-02 8.005400000000000016e-02
6.006700000000000234e-02 8.005400000000000016e-02 8.005400000000000016e-02
6.505900000000000571e-02 6.505900000000000571e-02 6.505900000000000571e-02
6.505900000000000571e-02 6.505900000000000571e-02 7.005400000000000515e-02
6.505900000000000571e-02 6.505900000000000571e-02 7.505299999999999472e-02
6.505900000000000571e-02 6.505900000000000571e-02 8.005400000000000016e-02
6.505900000000000571e-02 7.005400000000000515e-02 7.005400000000000515e-02
6.505900000000000571e-02 7.005400000000000515e-02 7.505299999999999472e-02
6.505900000000000571e-02 7.005400000000000515e-02 8.005400000000000016e-02
6.505900000000000571e-02 7.505299999999999472e-02 7.505299999999999472e-02
6.505900000000000571e-02 7.505299999999999472e-02 8.005400000000000016e-02
6.505900000000000571e-02 8.005400000000000016e-02 8.005400000000000016e-02
7.005400000000000515e-02 7.005400000000000515e-02 7.005400000000000515e-02
7.005400000000000515e-02 7.005400000000000515e-02 7.505299999999999472e-02
7.005400000000000515e-02 7.005400000000000515e-02 8.005400000000000016e-02
7.005400000000000515e-02 7.505299999999999472e-02 7.505299999999999472e-02
7.005400000000000515e-02 7.505299999999999472e-02 8.005400000000000016e-02
7.005400000000000515e-02 8.005400000000000016e-02 8.005400000000000016e-02
7.505299999999999472e-02 7.505299999999999472e-02 7.505299999999999472e-02
7.505299999999999472e-02 7.505299999999999472e-02 8.005400000000000016e-02
7.505299999999999472e-02 8.005400000000000016e-02 8.005400000000000016e-02
8.005400000000000016e-02 8.005400000000000016e-02 8.005400000000000016e-02
