# Pk covarinace for p=1.0, SGC Pk*A/Q0(0)
7.642943162360529900e+08 7.925470636205850542e+07 8.947650410253360868e+06 6.212105820220164023e+06 3.186951519086981658e+06 -1.971594602207507472e+06 1.668965289466007380e+06 1.758297042773237452e+06 4.641817441258250037e+05 -7.102842786969286390e+05 -1.086651652180967620e+06 -1.833138765650224639e+06 -3.368553642599661252e+05 1.403814832366769202e+06 -1.338898691115941154e+06 1.147945637250295258e+05 -7.531887530330726877e+05 -1.589642928795993794e+06 2.123113990043688682e+05 -5.193836842491038842e+05 6.213266428881045431e+05 -9.745751928145660786e+05 8.706072979915209580e+05 6.967583143595460569e+05 3.998804560176556697e+05 7.819110308454297774e+04 -4.766972688867600664e+04 2.354583947355630698e+03 -1.207371855746337824e+05 -2.984183628763066954e+05 -3.918065426641769591e+05 -4.771467789454516023e+05 1.985756059084010849e+04 7.922448189292675816e+05 -8.692327890446349920e+04 1.351736262972174445e+05 -1.268311482347248821e+05 2.640736073070060229e+05 -7.521450650145509280e+04 -2.451004660330665356e+05 6.340227348590664769e+04 2.088807025901219167e+05 2.570582013797885738e+05 1.868493828968494199e+05 -3.581973029175287229e+04 1.622217895833940129e+05 -1.492889865633879963e+05 -4.429411317922295711e+04 4.204521830438321922e+04 1.058113731900494458e+05 2.028276579802326451e+05 -3.246457166381214047e+05 -4.851464152491172426e+05 -7.541291800395284372e+04 7.971781711072832695e+04
7.925470636205850542e+07 1.593542738500422537e+08 2.381000964471479133e+07 4.961183557595480816e+05 -1.875072592215804034e+05 -2.194755687283170875e+06 3.087153792379036895e+05 8.811704063929654658e+05 4.463696449582127971e+05 1.385474741525504505e+05 -1.912148765208002442e+04 -5.499421513861766289e+04 9.737144969541465980e+04 3.283474719251543866e+05 -4.228209049304051441e+05 -6.002024218457901152e+05 -9.869165876202611253e+05 -5.104270802373503684e+05 -1.689859131873326260e+05 -2.717096293793519144e+05 4.371162125971893547e+05 -1.217131303686266328e+05 2.290943514234982722e+05 -6.495934085148607846e+04 1.259029678099595330e+05 -4.469590902424075175e+05 9.496985939075668284e+03 -3.009416467335280031e+05 -3.549641266421281034e+05 -6.368515719189762603e+04 -1.568307677285491081e+04 -3.980611908950253273e+05 7.650885724693196244e+04 3.210357245064686285e+05 -9.212730867383959412e+04 -1.959177865883524355e+05 -2.446414236910399923e+05 -2.776889707378504099e+05 -2.922570652433117502e+05 -2.056041313607243064e+05 -2.711029488043829915e+05 6.337390772907107748e+04 7.002937746935949690e+03 1.967985504402493098e+04 -2.411175473679208371e+05 -1.061051336730481853e+05 -2.530760078057785577e+05 3.562157323012360575e+04 1.345389889435319928e+05 8.293094892148711369e+04 7.659237601944534981e+04 -1.734835318152889377e+05 -7.372063177094029379e+04 4.546533433459475054e+04 -1.219494547871713148e+05
8.947650410253360868e+06 2.381000964471479133e+07 7.133180615744718909e+07 1.132794271607630886e+07 2.423372285854966845e+06 1.619608690386475064e+04 6.554391425705167931e+05 -1.042124386058815406e+06 9.761504763187555363e+05 4.122620510287192883e+05 3.426567069599597598e+05 -3.121527991346205818e+05 -4.200723255395701854e+05 1.308258004656013072e+05 -8.858378330205861712e+05 -5.483309056193174329e+05 -1.663453028740625887e+05 -5.715676784166237339e+05 -1.382851257754373946e+05 6.664138049749715719e+04 2.230222629017389845e+05 5.769159322315573809e+04 3.129498265487330500e+05 9.593715368877792207e+04 -1.959832230341223476e+05 -1.556309971834906719e+04 9.502888037326079211e+04 -2.102877427431597316e+05 -2.009076178706187929e+05 -1.284870137803271518e+03 -3.655402724072471301e+03 -4.166875477075312665e+04 5.889474750538018998e+04 -3.171969841023300887e+03 2.860852094205678077e+04 3.567816224697838334e+04 8.574952726320645888e+04 5.681305618512295769e+04 -7.640387351045003743e+04 7.954460805141413584e+04 8.705643439940859389e+04 7.746467675836155831e+04 1.609800569363666727e+04 3.551400490122638439e+04 3.889033867986050609e+04 1.588963980551140558e+05 4.494649256206500286e+04 -3.303210560718642682e+03 -8.944769071309952415e+04 3.559279319218600722e+04 1.775998848845677858e+05 4.164553425418502593e+04 8.428362399249496229e+04 2.893051583645009305e+04 -1.737992780802574998e+04
6.212105820220164023e+06 4.961183557595480816e+05 1.132794271607630886e+07 3.663316442226030678e+07 6.398515909076118842e+06 6.767858362172899069e+05 3.078137422534274519e+05 3.158790131799003939e+04 7.495700669415913580e+04 -1.371073184906018141e+05 -5.170313337510337442e+04 -3.810533574499522801e+05 -3.074545657426544931e+05 -2.721861518926642384e+04 1.306151920957082766e+05 -3.219425677347219607e+04 4.599135313176134514e+04 1.194966644925090804e+04 -2.837318444040160393e+05 -1.647983831761634065e+04 1.253090597933988029e+05 1.193344194886661135e+05 1.635000657498196233e+05 1.027497220886800787e+05 4.115336438598578388e+04 1.178424238981637609e+04 1.154251105897407833e+05 -1.051781000228710618e+05 3.836717604414941161e+04 2.841270860039920663e+05 -6.098707811477779615e+03 -3.288118276042496291e+03 3.052903817127042203e+04 -2.081040187537524616e+04 -1.926990859387483215e+04 -2.124216123004959627e+03 -7.580140575835356140e+04 2.533851451525987068e+04 4.556096114067059534e+04 4.069732904891148064e+04 6.439563387572346255e+04 8.500594903977296781e+04 1.324060501005394035e+05 8.125934494872548385e+04 -8.885852406496542972e+04 -1.173358677878916296e+03 -1.932689773890856304e+04 9.140316922209163749e+03 -5.560765763529665128e+04 -7.388405665312666679e+04 6.434117355796827906e+04 2.080426574448598330e+04 2.624791652564575270e+04 4.860668750024033943e+04 6.046165380011997331e+04
3.186951519086981658e+06 -1.875072592215804034e+05 2.423372285854966845e+06 6.398515909076118842e+06 2.049217708224874735e+07 3.633132292730237357e+06 9.717244498548276024e+05 2.137642530086297193e+05 -5.631792238061297685e+05 -5.143777544976459467e+03 -5.413813496272854536e+03 1.052827866103414563e+05 -1.587650757033458467e+04 -3.227158206587428867e+04 2.370228681112602862e+04 -1.818089965357807887e+04 -1.138032576455865928e+05 5.347940235518706322e+04 -6.923330409796771710e+04 1.109367406742732419e+05 1.622127950091055245e+05 2.061901700505291519e+05 3.546562495961679815e+04 -2.631934504090223345e+04 -6.948839264474921220e+04 -3.346692343265211093e+04 -3.626732398584797920e+04 -2.189328619013226125e+04 -6.081218749952252983e+04 1.279071002467142971e+05 -1.677611884147542150e+04 6.306574532960030410e+03 -1.146833335535646620e+05 -1.900034368266532329e+04 -5.745683336297951610e+04 7.562677140228101052e+04 -4.754594187703521311e+04 3.595187186877231579e+04 3.922856819106506737e+04 1.055660806164280439e+04 -6.410637293951513129e+04 -2.260074040927934038e+04 8.975789804707652365e+04 2.421348435250034163e+04 -5.723646203934519872e+04 3.756578363630122476e+04 2.993867711051529841e+04 -4.059164468548462173e+04 2.696429875050323608e+04 2.146481833353610273e+04 4.863427190227300889e+04 7.891229860046310932e+04 1.001176751201262778e+04 -1.474292054401284440e+04 -1.580820244683604142e+04
-1.971594602207507472e+06 -2.194755687283170875e+06 1.619608690386475064e+04 6.767858362172899069e+05 3.633132292730237357e+06 1.251811119102085941e+07 2.009358305342887063e+06 5.043490340855211252e+05 1.009241288930341739e+03 1.617099846008175809e+05 7.940324986360020703e+05 3.163634216211930034e+05 2.547309676239638648e+05 1.204899377887554292e+05 2.083827284489518934e+04 1.568989479381029378e+05 -2.543558553937371835e+04 6.732800817676683073e+04 6.472219293091416148e+03 -3.338092305659778503e+04 7.024513149458795669e+04 -2.329893239824821285e+04 -2.729610349250759100e+04 -8.751912975215142069e+04 -3.752110915723953804e+04 5.306122113390992308e+04 7.368857860536128283e+04 3.556390067583757627e+04 2.783373488675560566e+03 -9.506864515695378941e+03 1.220225822618962957e+04 3.541819319594581611e+04 2.505387946129877673e+04 -2.654646427060777205e+04 2.802903177228954883e+04 -1.195435675643184368e+04 1.089887749613089363e+04 -1.903952470694406657e+04 2.451784630051221393e+04 1.572525288731849469e+04 -6.864349891944448245e+03 -2.598607300757107441e+04 3.212101942470421272e+04 6.301910561785127356e+04 -1.779146610783950382e+04 7.389955271547895973e+04 2.588746205909972196e+04 1.191152383559010377e+04 3.594313051038992853e+04 4.697430882581492915e+04 2.633967384803817549e+04 1.748879532185478092e+04 9.239888564206656156e+03 -1.787132125359865677e+04 3.399419241000976763e+04
1.668965289466007380e+06 3.087153792379036895e+05 6.554391425705167931e+05 3.078137422534274519e+05 9.717244498548276024e+05 2.009358305342887063e+06 9.258158888316012919e+06 1.727521753475383855e+06 8.489882640442925913e+04 5.677416628597824601e+05 4.227917599605077412e+05 3.133987068120506010e+05 1.881695891400871333e+05 -6.633164069790969370e+04 7.056871483915986028e+04 1.831061336805303290e+05 1.085350404708184651e+05 3.999417752977747296e+04 1.168451484944838885e+05 1.717879763283846842e+04 6.272369042481813085e+04 1.269393313207398605e+05 -5.219331578353820078e+04 -5.249183715333195141e+04 1.403438319773426047e+05 1.630267801786086056e+05 -2.612689596443867777e+04 6.838382778019898979e+04 7.430088923745117791e+04 8.014240275471787027e+04 2.933700894127568972e+04 -1.243085983320220112e+04 6.069206519891045900e+04 6.716003762691310840e+04 4.501898763031818089e+04 1.065225363693801046e+05 4.097984283363620489e+04 4.911420222894557082e+04 -3.784704945810804929e+04 5.230032336671982921e+04 1.877784755087181475e+04 8.877243816274558776e+04 7.645645394607025082e+04 1.591197582639513485e+03 -1.457474054593580877e+04 -1.160903651654310670e+04 5.658400721723077368e+03 -2.600567257091705687e+04 -4.769321295438651759e+03 3.065090344452560385e+04 1.220945553780841146e+04 2.576917030873178010e+04 -1.562148754736745286e+04 -1.296217667927096272e+03 1.652145246444482473e+04
1.758297042773237452e+06 8.811704063929654658e+05 -1.042124386058815406e+06 3.158790131799003939e+04 2.137642530086297193e+05 5.043490340855211252e+05 1.727521753475383855e+06 6.296149919290366583e+06 9.797443488210245268e+05 2.853130997949998709e+05 3.270434800461586565e+04 -1.113723441698365605e+03 -1.703383262900329719e+05 -3.772795937535836856e+03 -2.458219841866664501e+04 -3.172412156813640468e+04 1.673385899686844787e+05 4.558189951462765748e+04 3.353722792435075826e+04 2.957606809605020317e+04 5.728084876729180542e+04 -3.170037560230065355e+04 -4.130288062154727959e+04 -6.974596315611188766e+04 9.682051462776545668e+04 -4.304915377510525104e+03 -4.644688390144336881e+04 2.353774359907424878e+04 2.210561254279786954e+04 2.301911751943684794e+04 4.770245594556606193e+03 -1.056892422559546321e+04 5.234730193307335867e+04 3.966696195494017593e+04 5.187897624106504736e+03 -1.680692253693002158e+03 1.654486216006608811e+04 1.702928905381658842e+04 -1.986812758619343731e+04 2.626304523103458268e+04 -1.700934434519556817e+04 -1.646010790058811108e+04 2.195186568937151605e+03 1.070663370012130144e+04 5.660526351478282777e+03 -3.088629479844058733e+04 -6.668292776962788594e+03 -2.941081682386896500e+04 -5.873559791199872961e+02 1.667712303605104535e+04 -2.858901890791620826e+04 -2.118109854641889979e+04 -1.227458933439068278e+04 3.505210347196340444e+04 7.027351994938676398e+03
4.641817441258250037e+05 4.463696449582127971e+05 9.761504763187555363e+05 7.495700669415913580e+04 -5.631792238061297685e+05 1.009241288930341739e+03 8.489882640442925913e+04 9.797443488210245268e+05 4.887940152730068192e+06 7.945235510914878687e+05 2.883296517357033372e+04 7.738197120984382309e+03 2.031505072085826384e+02 1.738695768768479466e+05 1.306925882472144149e+05 6.024925018843292492e+04 -1.327722590372831037e+05 8.827053608743526274e+04 -4.169887931840446981e+03 6.273290908820006734e+04 -3.212679472344387250e+04 -4.163021699118179095e+04 -2.050876356670693713e+04 1.327571239577539200e+04 5.386725793069969950e+04 -4.113783170867967419e+04 -1.703322296555185676e+04 4.810559588736577280e+04 -1.723388917999308489e+02 2.739040167312021367e+03 3.782187734009527048e+04 3.476438559357251961e+03 -3.624821112664906764e+02 -1.923884306486847345e+04 3.005279834190350084e+04 -1.102877434605795133e+04 -7.205373466075430997e+02 2.697559360344998277e+04 4.332794180600919935e+04 5.072389372410250871e+03 9.029433083196365260e+03 -3.233596767013211866e+04 7.465013758196356548e+02 6.128572297701309253e+03 3.020489896328463510e+04 -9.955811897659712486e+03 1.593282365280784347e+02 -1.532813010473109216e+03 8.240733718022824178e+03 -3.473995739248450991e+04 -1.316217203611556397e+04 3.489776135273237014e+04 1.543107889449006325e+04 3.559860559255686530e+04 -3.867120301346528322e+03
-7.102842786969286390e+05 1.385474741525504505e+05 4.122620510287192883e+05 -1.371073184906018141e+05 -5.143777544976459467e+03 1.617099846008175809e+05 5.677416628597824601e+05 2.853130997949998709e+05 7.945235510914878687e+05 3.456875635842409916e+06 7.283493085478608264e+05 3.910698390294379351e+04 -4.984337353978276951e+04 9.486836186766480387e+04 9.776595909350269358e+04 7.240132323961750080e+04 -8.895298191088497333e+03 5.452134468883871159e+04 1.269670402874974243e+05 1.210416490119021910e+05 4.631952643524805171e+04 2.277692661582331857e+04 -5.862638603028842772e+04 -6.119323944740599836e+04 2.523347940060071051e+04 3.700715796285177203e+04 -1.446341149354084700e+04 6.730144054241980484e+04 8.265420111228298993e+03 -4.848969953605343471e+04 3.997013822058773803e+04 -1.538173583326027074e+04 -1.534757668727560667e+04 4.430607196108939206e+03 -6.831085288518467678e+03 -2.035422064526833128e+04 3.160668571653016625e+04 4.409749464234963853e+03 2.039592561556211876e+03 1.567129674958569376e+04 8.649958752571044897e+03 3.539869658866911050e+04 -3.075229530610761230e+03 6.399606075869194683e+03 -6.059849244278353581e+03 -2.238350337035476332e+04 -2.074909586739087536e+04 -6.927652881607379641e+03 1.069667772404263269e+04 9.363708348594009294e+03 -3.574818365402783002e+03 1.895542579377051879e+04 4.897552826826352430e+03 3.447244555486855916e+03 8.678488205278461464e+03
-1.086651652180967620e+06 -1.912148765208002442e+04 3.426567069599597598e+05 -5.170313337510337442e+04 -5.413813496272854536e+03 7.940324986360020703e+05 4.227917599605077412e+05 3.270434800461586565e+04 2.883296517357033372e+04 7.283493085478608264e+05 3.058548001349985134e+06 6.608737966524232179e+05 1.534243176343401719e+05 6.101883047750028345e+04 -4.988631724107900664e+04 5.576544012710566312e+04 1.314704735278741573e+05 4.180784277441338054e+04 3.555755371918018500e+04 1.294091257992611645e+04 5.118017857607801125e+04 4.078749385884641379e+04 5.192608561817371083e+04 2.514194725558111259e+03 -9.580625634958722003e+03 2.671500605040374649e+04 1.971311439496601088e+04 8.189842590587907762e+04 -2.208086432914320176e+04 -1.548426653654348047e+04 5.798154623651805741e+04 4.866222106832097779e+04 1.919888506469994536e+04 -1.399964083176642453e+04 -5.613291580612147982e+02 8.958775139465033135e+03 -2.223538478310124628e+04 -2.371511358505563476e+04 6.871114256268645022e+02 3.323451033879178431e+04 4.330332671011158527e+04 5.136893644893862074e+04 1.827276759669921012e+04 3.545712934309486445e+04 -1.696311515634852185e+04 1.513663165477830808e+04 1.604302870404120586e+04 -6.780012567193035466e+03 -5.717533214368629160e+03 -3.343527023771252061e+03 -1.195539809897146370e+04 2.312933564120705341e+04 4.640502875530009078e+03 -2.035767616146090586e+04 1.708914838630000304e+04
-1.833138765650224639e+06 -5.499421513861766289e+04 -3.121527991346205818e+05 -3.810533574499522801e+05 1.052827866103414563e+05 3.163634216211930034e+05 3.133987068120506010e+05 -1.113723441698365605e+03 7.738197120984382309e+03 3.910698390294379351e+04 6.608737966524232179e+05 2.239323620716627222e+06 6.254202282676304458e+05 1.076266240407745208e+05 1.039359586462062434e+05 -3.590756389276164555e+04 -3.797748726088311287e+03 1.944726835534518250e+04 3.886083053148774070e+03 -3.878566866840775674e+03 2.640060452661968884e+04 -1.430638004985427506e+04 1.187748881438302851e+04 -7.119084319508690896e+03 -1.920759184831367747e+04 -6.772028509518636383e+03 -1.166645631391034658e+04 5.769612402896203275e+04 -2.898252601065875933e+04 -2.424792589498764937e+04 2.176687374667120093e+04 2.149822798849468018e+04 2.627437583637226271e+04 -4.550780369882041668e+03 3.162252118563120803e+03 1.715607411541113470e+04 -8.070764292053951976e+03 -1.986951251822560516e+04 -2.940639395454039550e+04 -1.961130362895021608e+04 8.483806469546478183e+03 -8.176062766816848125e+03 1.797632495864999146e+04 -2.513587531713233147e+03 -8.821838906560107716e+03 9.304676298303289514e+03 1.235072554241549187e+04 -2.298774237289308076e+03 -1.531506238765855778e+04 -7.859954677481053295e+03 4.550293192814932809e+03 2.933659216326499518e+04 1.318752481305924084e+04 4.637722273411665810e+03 3.408503655827621969e+03
-3.368553642599661252e+05 9.737144969541465980e+04 -4.200723255395701854e+05 -3.074545657426544931e+05 -1.587650757033458467e+04 2.547309676239638648e+05 1.881695891400871333e+05 -1.703383262900329719e+05 2.031505072085826384e+02 -4.984337353978276951e+04 1.534243176343401719e+05 6.254202282676304458e+05 2.082035129557401640e+06 4.874664433225207031e+05 1.032667582618569286e+05 -2.380111369003462096e+04 7.013154474908889097e+04 7.410497559408839152e+04 2.059250302717305749e+04 6.262331346907326952e+04 8.046621034269648953e+04 -6.528680318771082966e+03 4.047974383852064057e+04 2.143855068907078748e+04 4.428771593432497320e+04 2.650384605386848125e+04 5.407473655093406705e+04 3.798230301211287588e+04 1.188932110238654786e+04 -2.319316814034930940e+04 -2.470722049324236650e+04 1.526852263484838295e+04 -7.646168487599471518e+03 -1.655300778872222509e+03 2.947465093325443377e+04 1.779867052330911520e+03 2.008366542223611759e+04 6.780272913557786296e+02 -1.136064800067234137e+04 1.960509735898894724e+04 3.281572634505351743e+04 5.051227482068557947e+03 2.368424774986259945e+04 1.379432059659453080e+04 -7.350037046418422051e+02 -5.547976994091792221e+03 -7.946349633343113055e+03 -1.048238832866375014e+04 7.748622514423506800e+03 1.205092402181380203e+04 2.260420229364588522e+03 8.773589868019951609e+03 1.319758727529558382e+04 -2.301709233872456025e+04 -6.208682824798027468e+03
1.403814832366769202e+06 3.283474719251543866e+05 1.308258004656013072e+05 -2.721861518926642384e+04 -3.227158206587428867e+04 1.204899377887554292e+05 -6.633164069790969370e+04 -3.772795937535836856e+03 1.738695768768479466e+05 9.486836186766480387e+04 6.101883047750028345e+04 1.076266240407745208e+05 4.874664433225207031e+05 1.753313210835031467e+06 2.821957567806969164e+05 9.620249531029930222e+04 8.210856725850168732e+04 8.248423194113807403e+04 6.658921058147030999e+04 1.173256914129747020e+05 4.455533476078894455e+04 9.968330240892595612e+03 2.459618165798170958e+04 4.533653256800206145e+04 1.996639401916356292e+04 1.376845904094282014e+04 2.917355582276120913e+04 3.478757629173673922e+04 -1.173122634011941955e+04 1.825488361463249385e+04 7.746417601462107086e+03 -1.663433777249650666e+04 -3.362238683015396873e+03 3.461440312324897241e+04 2.315922199926932444e+04 8.513114444327202364e+03 1.109217402620088433e+04 1.806394243424247179e+04 -1.599708864870245634e+04 -4.086208297670691081e+03 8.901956614889602861e+03 -1.571851376341510513e+04 -2.223862048663587120e+04 5.530169248051513932e+03 3.015555428709236821e+03 -1.438691515415155891e+03 -2.001857628394299900e+04 -1.774203981146512888e+04 -4.105693707467649460e+02 1.357091900277839522e+04 3.717785813125942241e+03 -2.605170433463419613e+04 1.445089881393682481e+04 -3.996429832884171901e+03 -2.022599256695176337e+03
-1.338898691115941154e+06 -4.228209049304051441e+05 -8.858378330205861712e+05 1.306151920957082766e+05 2.370228681112602862e+04 2.083827284489518934e+04 7.056871483915986028e+04 -2.458219841866664501e+04 1.306925882472144149e+05 9.776595909350269358e+04 -4.988631724107900664e+04 1.039359586462062434e+05 1.032667582618569286e+05 2.821957567806969164e+05 1.366517403509197058e+06 3.478222027262328193e+05 9.634355092522765335e+04 9.344759676572181343e+04 5.229962354767308716e+04 4.538203025072167657e+04 7.565943383481816272e+04 9.604270800128484552e+03 -2.539613333101514581e+04 -1.695748153899098952e+03 5.298809283853157831e+04 1.102612149183249312e+04 2.079527891756401732e+04 2.421891303700628123e+04 2.013313123503700263e+04 2.739159644282919544e+04 9.502485204684840937e+03 1.952229852393600959e+04 1.435443882642636891e+04 9.215837490480969791e+03 1.609543658073213919e+04 1.584220563571731475e+02 2.425850654258509530e+04 -1.044543688712779658e+04 5.399198920653282585e+03 -3.425421113025013710e+03 1.357568286878640720e+04 1.570688935308310101e+04 1.448206409409105800e+04 -9.248987786663941733e+03 1.031694030425218625e+04 -8.811947569911370010e+03 -5.773069004939192382e+03 -6.280687733266915529e+03 -1.694307337393102216e+03 1.271588219482301611e+04 3.221947073849307344e+03 2.518831213717567152e+03 1.480444553040572646e+04 7.420831263267483337e+03 -8.174437727485792493e+02
1.147945637250295258e+05 -6.002024218457901152e+05 -5.483309056193174329e+05 -3.219425677347219607e+04 -1.818089965357807887e+04 1.568989479381029378e+05 1.831061336805303290e+05 -3.172412156813640468e+04 6.024925018843292492e+04 7.240132323961750080e+04 5.576544012710566312e+04 -3.590756389276164555e+04 -2.380111369003462096e+04 9.620249531029930222e+04 3.478222027262328193e+05 1.180732002161689335e+06 2.430791000823313079e+05 4.434022546756971860e+04 3.551929304149217933e+04 8.149809701540711103e+04 3.034473908002374083e+04 2.250679222489331005e+04 1.532295957040808207e+04 5.680019759584246640e+04 5.071668989398932172e+04 7.199728383986029257e+03 2.225883029653759513e+04 4.828904425096519844e+04 3.178320555737616814e+03 3.108596297057897391e+04 2.714151257838658785e+04 1.759516467682963776e+04 9.826056257717531480e+03 -7.716647249698349697e+03 -3.978335943697178578e+01 1.350279876173074808e+04 1.279494574075986930e+04 2.315674255338055445e+03 2.465823931503676431e+04 2.347649047023119692e+03 2.299112516517876429e+04 5.451763370446383306e+03 1.427899941048155233e+04 1.467623652471300193e+04 4.110359522804253174e+03 1.716763380307898842e+04 1.224684172984587349e+04 6.684277716331672309e+03 -2.932213124964326312e+02 1.675444857815184878e+04 1.153121582218768162e+04 8.792371237518826092e+03 1.689759777514055259e+03 -7.010615767726587364e+03 2.451337314853898715e+04
-7.531887530330726877e+05 -9.869165876202611253e+05 -1.663453028740625887e+05 4.599135313176134514e+04 -1.138032576455865928e+05 -2.543558553937371835e+04 1.085350404708184651e+05 1.673385899686844787e+05 -1.327722590372831037e+05 -8.895298191088497333e+03 1.314704735278741573e+05 -3.797748726088311287e+03 7.013154474908889097e+04 8.210856725850168732e+04 9.634355092522765335e+04 2.430791000823313079e+05 1.011219912213076488e+06 2.095262401856186334e+05 8.857198790299153188e+04 8.445150473636508104e+04 3.036337321843122481e+04 4.607016826629934076e+04 7.484982789089949802e+04 3.764640878437086940e+03 1.121756189278339116e+04 9.452231255700258998e+02 1.161815743046515126e+04 2.842448165487503502e+04 3.743246001967993652e+04 2.736345680956730575e+04 1.611680811398490368e+04 1.541583830731849775e+04 8.170873844979220848e+03 1.227904672435362045e+04 1.670098683864656414e+04 1.138259564502680223e+04 4.555651471936697817e+03 1.670930080749531726e+03 1.265724013605958191e+02 1.323654072220809576e+04 1.100478483408502325e+04 2.088910781116634098e+04 6.287836758484677375e+03 1.200343953271683858e+04 -1.036479884352598310e+04 -2.176431479381586996e+03 -9.084736257388673266e+02 -4.384065541627791731e+02 -1.479994853045799209e+04 -2.698705146094287556e+03 5.869768537807721259e+03 9.527978605884763965e+03 1.635039106071790002e+03 -4.266992234569799621e+03 3.244380829841642935e+03
-1.589642928795993794e+06 -5.104270802373503684e+05 -5.715676784166237339e+05 1.194966644925090804e+04 5.347940235518706322e+04 6.732800817676683073e+04 3.999417752977747296e+04 4.558189951462765748e+04 8.827053608743526274e+04 5.452134468883871159e+04 4.180784277441338054e+04 1.944726835534518250e+04 7.410497559408839152e+04 8.248423194113807403e+04 9.344759676572181343e+04 4.434022546756971860e+04 2.095262401856186334e+05 8.283964410710893571e+05 2.172924297115794034e+05 6.898034412000882730e+04 5.402937426087768108e+04 3.499658910317861591e+04 1.442137408300670722e+04 3.722681838932032406e+04 2.434606890155075234e+04 1.736535380023565449e+04 2.819956306393275372e+04 2.429756148264807052e+04 -1.264374578099052684e+02 1.760341603666614537e+04 2.596913337963944650e+04 3.388425882427122997e+04 1.354499270186037211e+04 4.817984387553568922e+03 4.434884112454938986e+03 -1.908461854635560667e+04 -1.450684453858329334e+03 -4.525606421258037699e+03 1.257072541800671752e+04 1.474084015702034230e+04 1.980109595570843885e+04 3.918885934283027836e+03 5.102252350968997234e+03 2.556264432033435241e+03 1.121403183886341503e+04 1.005070951867197255e+04 -1.186269922468706909e+03 -6.518741691403393816e+03 1.620269889423960376e+04 5.412843699595839098e+03 -5.664868219368762539e+02 8.969082526442260132e+03 4.149354081085653888e+03 1.568837748251738049e+04 1.695742178636864628e+04
2.123113990043688682e+05 -1.689859131873326260e+05 -1.382851257754373946e+05 -2.837318444040160393e+05 -6.923330409796771710e+04 6.472219293091416148e+03 1.168451484944838885e+05 3.353722792435075826e+04 -4.169887931840446981e+03 1.269670402874974243e+05 3.555755371918018500e+04 3.886083053148774070e+03 2.059250302717305749e+04 6.658921058147030999e+04 5.229962354767308716e+04 3.551929304149217933e+04 8.857198790299153188e+04 2.172924297115794034e+05 7.791372810551204020e+05 1.723544281744026230e+05 8.155438108131487388e+04 2.243845280031857692e+04 7.617733714938993216e+04 3.943050958468126919e+04 6.720309565402642420e+02 1.460861240970600193e+04 1.870011989734469171e+04 4.216546067753314856e+04 2.595211150269527934e+04 2.587857487578621294e+04 1.054776765463014453e+04 7.988756065647211472e+03 4.616458618073436355e+02 8.450035762587911449e+03 1.398712422352465410e+03 4.577396683820070393e+03 -3.151529456856641900e+03 2.521669482321043688e+03 -1.008909843782690587e+04 1.088931430916625868e+04 3.610451972356539954e+03 1.379620964552576424e+03 -1.891770168506668779e+04 4.313029080208156074e+02 -3.638552226910430818e+03 1.841332145512494662e+03 -4.310127167708669731e+03 -1.053283467581173500e+04 9.402692657296216566e+03 8.390108637302733769e+03 6.302086885155253185e+03 2.594739669060813867e+03 -1.274031984095405096e+04 9.411401485002290428e+03 4.696549380836282239e+02
-5.193836842491038842e+05 -2.717096293793519144e+05 6.664138049749715719e+04 -1.647983831761634065e+04 1.109367406742732419e+05 -3.338092305659778503e+04 1.717879763283846842e+04 2.957606809605020317e+04 6.273290908820006734e+04 1.210416490119021910e+05 1.294091257992611645e+04 -3.878566866840775674e+03 6.262331346907326952e+04 1.173256914129747020e+05 4.538203025072167657e+04 8.149809701540711103e+04 8.445150473636508104e+04 6.898034412000882730e+04 1.723544281744026230e+05 6.355426450272598304e+05 1.069269996542855515e+05 2.062915310655112989e+04 4.415551319907547440e+04 4.095770431833055773e+04 4.395146722813422821e+04 2.769908662461984568e+04 1.464018906398735817e+04 -3.809472462234723935e+03 2.297058618988638773e+04 1.552820113328528532e+04 2.577449975964065379e+04 6.951352576469328596e+03 5.985341435668884515e+03 1.028600645073223495e+04 4.277197335084803854e+03 -4.903566956555062461e+03 3.683680522488059523e+03 7.687581086786861306e+03 1.488004778371358225e+04 9.057175083960548363e+03 -3.106811635390737138e+03 5.688505948328625891e+03 -3.400430762770992260e+03 -6.599201239261975388e+03 -4.389624789902129123e+03 1.434387248185204953e+03 -5.437242688253990309e+03 -1.291442568553419733e+04 -1.023370677624396990e+03 -2.285493410245003929e+02 5.722822490488280891e+03 -2.081615804283443595e+03 -3.028890501180763295e+03 -5.566959480714854180e+03 -4.310282077390798804e+03
6.213266428881045431e+05 4.371162125971893547e+05 2.230222629017389845e+05 1.253090597933988029e+05 1.622127950091055245e+05 7.024513149458795669e+04 6.272369042481813085e+04 5.728084876729180542e+04 -3.212679472344387250e+04 4.631952643524805171e+04 5.118017857607801125e+04 2.640060452661968884e+04 8.046621034269648953e+04 4.455533476078894455e+04 7.565943383481816272e+04 3.034473908002374083e+04 3.036337321843122481e+04 5.402937426087768108e+04 8.155438108131487388e+04 1.069269996542855515e+05 5.638089242244120687e+05 1.411715998114573595e+05 4.551414480162807013e+04 3.363401624923168129e+04 3.066844607829131201e+04 8.041464142378119504e+03 -1.906201013418819684e+03 4.436544676106171210e+03 2.182964549981252640e+04 1.048374300830409993e+04 5.712957216542125934e+03 5.553968955128651942e+03 4.745939429834696966e+03 3.717407378359759150e+03 -6.911555441841665925e+03 -7.350081049360836914e+03 6.337457879504994708e+03 -7.798826561917689105e+03 4.547468258147163738e+02 1.625222400184757987e+02 3.729542532723382919e+03 7.338251980165582609e+02 2.626571961681651374e+03 1.411044321685978139e+04 -2.542733337347606721e+03 4.349999406189037472e+03 3.423422147869494438e+03 2.527879139786986343e+03 -8.413231788427894571e+03 4.826060029488010628e+02 -9.442915814945949933e+02 9.090091241708978487e+03 1.573146267872217095e+03 3.900136937446917727e+03 6.865061049439309500e+03
-9.745751928145660786e+05 -1.217131303686266328e+05 5.769159322315573809e+04 1.193344194886661135e+05 2.061901700505291519e+05 -2.329893239824821285e+04 1.269393313207398605e+05 -3.170037560230065355e+04 -4.163021699118179095e+04 2.277692661582331857e+04 4.078749385884641379e+04 -1.430638004985427506e+04 -6.528680318771082966e+03 9.968330240892595612e+03 9.604270800128484552e+03 2.250679222489331005e+04 4.607016826629934076e+04 3.499658910317861591e+04 2.243845280031857692e+04 2.062915310655112989e+04 1.411715998114573595e+05 5.284576321533001028e+05 1.355272302942659007e+05 9.176663789655984147e+03 9.932697589017552673e+03 6.114271945732775748e+03 4.934278121763550189e+03 1.339627109770074640e+04 1.224073587223506547e+04 1.996964321470926734e+04 -9.976302324321690321e+03 9.012891188772258829e+03 1.466169592778656443e+04 1.271458358479833623e+04 -2.206679710999309464e+03 -1.451839605458197184e+03 -8.186171388088614549e+03 -1.819126745499675599e+04 -1.063768642475810702e+04 9.298555350725731842e+03 7.747680052129928299e+03 1.473725740273852807e+03 -7.348853562314980991e+03 -6.230189645644807115e+02 -1.377125908643593675e+03 -4.354787124335120097e+03 1.848892520295687291e+03 1.824772543780557953e+03 -1.296421490166428339e+04 3.196207902777167874e+03 3.240700119587822883e+03 1.118916409377307355e+04 -6.203366417966924928e+03 -1.019293227064253733e+04 -8.773084586603843491e+03
8.706072979915209580e+05 2.290943514234982722e+05 3.129498265487330500e+05 1.635000657498196233e+05 3.546562495961679815e+04 -2.729610349250759100e+04 -5.219331578353820078e+04 -4.130288062154727959e+04 -2.050876356670693713e+04 -5.862638603028842772e+04 5.192608561817371083e+04 1.187748881438302851e+04 4.047974383852064057e+04 2.459618165798170958e+04 -2.539613333101514581e+04 1.532295957040808207e+04 7.484982789089949802e+04 1.442137408300670722e+04 7.617733714938993216e+04 4.415551319907547440e+04 4.551414480162807013e+04 1.355272302942659007e+05 4.863193958835631493e+05 1.100442199010108598e+05 1.101412178901483639e+04 1.017478451572600170e+04 3.238488446384996678e+03 1.850710450923470489e+04 2.526093372006530262e+04 1.506428633018175242e+04 5.753990327778169558e+03 1.277212244297442703e+04 1.724995770300890217e+04 4.605758933024711951e+03 9.840943923766350053e+03 8.374037635595575921e+03 6.587419425647735807e+03 -1.101772979022400614e+04 -3.804624173114131281e+03 6.391384566077736963e+03 3.530248883531166939e+03 6.883264893778066835e+03 -6.938570213513775343e+03 6.201069689126216872e+03 9.342682728332903253e+02 -6.273665920972875028e+03 -5.347304670885048836e+03 -5.128628835379726297e+03 -1.585581494563245724e+04 1.609952386622189806e+03 -2.920714101214827679e+03 9.835103235097003562e+03 1.362696850021681485e+03 -5.207105275843478012e+02 -3.097698195499611984e+02
6.967583143595460569e+05 -6.495934085148607846e+04 9.593715368877792207e+04 1.027497220886800787e+05 -2.631934504090223345e+04 -8.751912975215142069e+04 -5.249183715333195141e+04 -6.974596315611188766e+04 1.327571239577539200e+04 -6.119323944740599836e+04 2.514194725558111259e+03 -7.119084319508690896e+03 2.143855068907078748e+04 4.533653256800206145e+04 -1.695748153899098952e+03 5.680019759584246640e+04 3.764640878437086940e+03 3.722681838932032406e+04 3.943050958468126919e+04 4.095770431833055773e+04 3.363401624923168129e+04 9.176663789655984147e+03 1.100442199010108598e+05 4.569814383999350248e+05 1.275537582326673728e+05 2.100223136096499729e+04 1.627896517255139770e+04 -1.755569303639833379e+03 1.684993991839344744e+04 2.681290211379897664e+04 1.522547728772822120e+04 2.931286735774301633e+04 2.104713492963548561e+04 -6.098400684851028473e+02 -1.818625394256171603e+03 -1.216679644519180329e+04 -4.696542341324087829e+03 -9.730602569051356113e+03 6.979776352526399933e+03 8.133102010412046639e+02 -5.745731337069057645e+02 -4.570247272509110189e+03 1.087801236765905196e+04 6.023184859159098778e+03 -6.170350131020504705e+03 3.127193578838500343e+03 7.449669159789394143e+03 4.950544360243005940e+03 9.168027042952255215e+03 3.295169480315899818e+03 9.428034871434434535e+03 9.475398812360594093e+03 6.622953138940991266e+03 3.907063623036949139e+03 1.015448943142564531e+04
3.998804560176556697e+05 1.259029678099595330e+05 -1.959832230341223476e+05 4.115336438598578388e+04 -6.948839264474921220e+04 -3.752110915723953804e+04 1.403438319773426047e+05 9.682051462776545668e+04 5.386725793069969950e+04 2.523347940060071051e+04 -9.580625634958722003e+03 -1.920759184831367747e+04 4.428771593432497320e+04 1.996639401916356292e+04 5.298809283853157831e+04 5.071668989398932172e+04 1.121756189278339116e+04 2.434606890155075234e+04 6.720309565402642420e+02 4.395146722813422821e+04 3.066844607829131201e+04 9.932697589017552673e+03 1.101412178901483639e+04 1.275537582326673728e+05 4.256183509134063497e+05 9.448941547283582622e+04 3.873999909116268554e+03 9.414868312737400629e+03 1.829504269030003343e+04 1.410626577077523689e+04 1.802211160499567632e+04 1.616262253577510091e+04 1.413623236276707757e+04 9.078223689933123751e+03 -3.076794971696080665e+03 -1.634935450653445332e+04 -5.995210447597329221e+03 1.217299543017496580e+04 1.069816667307344687e+03 -1.521354329660301801e+02 -1.742578252091611830e+03 2.396904891297711856e+03 2.489744599089716303e+03 -4.890606738651814339e+03 -2.821027872355997260e+03 4.290708516270362452e+03 -4.781641719775047022e+03 -8.999811085456452929e+03 4.501761193154296052e+03 3.449721288247711982e+03 5.247248375488909915e+03 2.187237752408786378e+02 5.111989355275830462e+02 -1.007744615345583838e+03 3.205302372005194684e+03
7.819110308454297774e+04 -4.469590902424075175e+05 -1.556309971834906719e+04 1.178424238981637609e+04 -3.346692343265211093e+04 5.306122113390992308e+04 1.630267801786086056e+05 -4.304915377510525104e+03 -4.113783170867967419e+04 3.700715796285177203e+04 2.671500605040374649e+04 -6.772028509518636383e+03 2.650384605386848125e+04 1.376845904094282014e+04 1.102612149183249312e+04 7.199728383986029257e+03 9.452231255700258998e+02 1.736535380023565449e+04 1.460861240970600193e+04 2.769908662461984568e+04 8.041464142378119504e+03 6.114271945732775748e+03 1.017478451572600170e+04 2.100223136096499729e+04 9.448941547283582622e+04 3.640247663608950679e+05 7.745571107022780052e+04 2.561846475498486689e+04 8.311076592725041337e+03 -2.043642968096590494e+03 1.471935030611501497e+04 1.762208585474895517e+04 2.760735324355772173e+04 1.915509131377264202e+04 -5.574068150497253555e+03 1.118476424720534851e+04 1.712758588030461033e+04 6.912814300310097678e+03 -3.365401250234579948e+03 6.373224712745301986e+03 -8.496616788424509650e+03 9.123733678876726117e+03 -4.873145359723775982e+03 9.900944834220646953e+03 1.394779508875103238e+04 3.609010853240020424e+03 2.225641745946123137e+03 -2.521497642497815377e+03 -1.195308589382075752e+03 4.737657584734617558e+03 2.905597341869114643e+03 -5.191197287444923631e+02 8.023006685863048006e+03 -1.807131587157946569e+03 1.727097335611279050e+02
-4.766972688867600664e+04 9.496985939075668284e+03 9.502888037326079211e+04 1.154251105897407833e+05 -3.626732398584797920e+04 7.368857860536128283e+04 -2.612689596443867777e+04 -4.644688390144336881e+04 -1.703322296555185676e+04 -1.446341149354084700e+04 1.971311439496601088e+04 -1.166645631391034658e+04 5.407473655093406705e+04 2.917355582276120913e+04 2.079527891756401732e+04 2.225883029653759513e+04 1.161815743046515126e+04 2.819956306393275372e+04 1.870011989734469171e+04 1.464018906398735817e+04 -1.906201013418819684e+03 4.934278121763550189e+03 3.238488446384996678e+03 1.627896517255139770e+04 3.873999909116268554e+03 7.745571107022780052e+04 3.374056821775664575e+05 7.603807485161957447e+04 5.754866084474856507e+03 1.069154686031292295e+04 1.059707671151468276e+04 -7.043060839993008813e+03 5.379167119897731936e+03 8.332800287135603867e+03 1.296693430591331344e+04 1.138019438052224177e+04 8.379264176692360707e+03 2.761865534518518871e+03 1.167336079862260885e+04 -2.721068531376623923e+03 -2.156672284844381920e+03 2.059966267935415090e+03 5.282287580481924124e+03 1.428736562205663722e+04 -6.865527395583647774e+01 2.976031681257920809e+03 2.824963790450725355e+03 8.190816074824142561e+03 7.280274018558083299e+03 5.939693459832810731e+03 8.950298788259800858e+03 6.052821066617970246e+03 6.546529285383610841e+03 2.160411991814019984e+03 6.139784824617099730e+03
2.354583947355630698e+03 -3.009416467335280031e+05 -2.102877427431597316e+05 -1.051781000228710618e+05 -2.189328619013226125e+04 3.556390067583757627e+04 6.838382778019898979e+04 2.353774359907424878e+04 4.810559588736577280e+04 6.730144054241980484e+04 8.189842590587907762e+04 5.769612402896203275e+04 3.798230301211287588e+04 3.478757629173673922e+04 2.421891303700628123e+04 4.828904425096519844e+04 2.842448165487503502e+04 2.429756148264807052e+04 4.216546067753314856e+04 -3.809472462234723935e+03 4.436544676106171210e+03 1.339627109770074640e+04 1.850710450923470489e+04 -1.755569303639833379e+03 9.414868312737400629e+03 2.561846475498486689e+04 7.603807485161957447e+04 3.087511658414772828e+05 6.609457502472815395e+04 1.691827920307514796e+04 1.912657741385475674e+04 1.589763642732782500e+04 1.112820438822582582e+04 8.546679106997071358e+03 1.045545272165356982e+04 1.589228707546782971e+04 5.117468320004752059e+03 3.679275960433822092e+03 2.577969489925429571e+03 1.245845581849077206e+02 -2.429642501710100987e+03 3.935018537488962465e+03 1.840823907545895054e+03 3.355325129240678507e+03 2.532805215431902070e+03 -1.305678629084056411e+03 -1.396426946972115047e+03 4.173917635129721930e+03 7.070031380849968627e+03 1.251393967400280599e+04 -1.622715206543830675e+02 2.250449497988563053e+03 1.847607874865431086e+03 2.768386018322051427e+02 4.062044861487555863e+03
