# Tk at z_eff=1.483 SGC raw output of classy 
#  dict_keys(['k (h/Mpc)', 'd_g', 'd_b', 'd_cdm', 'd_ur', 'd_ncdm[0]', 'd_tot', 'phi', 'psi'])
1.043377881430805103e-05 -6.579483819784142816e-04 -4.935791368915649902e-04 -4.935791485907308233e-04 -6.579444212788314143e-04 -4.935507106450889338e-04 -4.936825489422335279e-04 5.855759954280371771e-01 5.851900032070611601e-01
1.313534929037202208e-05 -1.042631569012397556e-03 -7.822696835955045714e-04 -7.822697129814848742e-04 -1.042621621143732455e-03 -7.822232658132314198e-04 -7.824334909857764715e-04 5.855754696961942285e-01 5.851895556139413701e-01
1.653642501444182178e-05 -1.652092225350254920e-03 -1.239812625762528025e-03 -1.239812699570956795e-03 -1.652067241802081515e-03 -1.239735629327851606e-03 -1.240072017802251042e-03 5.855746658037146446e-01 5.851888754787126778e-01
2.081812567090954053e-05 -2.617466916689405957e-03 -1.964967351896671714e-03 -1.964967537277332622e-03 -2.617404176970750378e-03 -1.964836707141610211e-03 -1.965377895097663447e-03 5.855733775430070898e-01 5.851877833808820650e-01
2.620846743303251739e-05 -4.146088394808757766e-03 -3.114255151026709603e-03 -3.114255616596865381e-03 -4.145930866868920324e-03 -3.114026457258661697e-03 -3.114904398312474520e-03 5.855713184595919829e-01 5.851860349416808660e-01
3.299450565562448486e-05 -6.565291091789369517e-03 -4.935741209871685568e-03 -4.935742379017358204e-03 -6.564895658520768576e-03 -4.935324410724543399e-03 -4.936766633431748444e-03 5.855680662133201375e-01 5.851832747850229666e-01
4.153762161945203773e-05 -1.039069126231747207e-02 -7.822570802699263873e-03 -7.822573738202061311e-03 -1.038969901565204787e-02 -7.821773725390803594e-03 -7.824187046558492981e-03 5.855629018136000452e-01 5.851788892129157205e-01
5.229276740221896000e-05 -1.643154075875385978e-02 -1.239780892907804515e-02 -1.239781629782271515e-02 -1.642905244618783969e-02 -1.239620282904245301e-02 -1.240034807731026957e-02 5.855547167484014270e-01 5.851719360431214545e-01
6.583269373569511308e-05 -2.595056609554819566e-02 -1.964887622468561995e-02 -1.964889471433585097e-02 -2.594433208045075073e-02 -1.964546977779208642e-02 -1.965284432360487818e-02 5.855417672851753741e-01 5.851609327089247747e-01
8.287845107072927249e-05 -4.089960499744749872e-02 -3.114054961218663473e-02 -3.114059597739148033e-02 -4.088401075526049838e-02 -3.113298882276135243e-02 -3.114669810656837262e-02 5.855212670887660620e-01 5.851435011370620387e-01
1.043377881430805848e-04 -6.424955344210339647e-02 -4.935238599787716840e-02 -4.935250214936862806e-02 -6.421063949239319557e-02 -4.933497510255681340e-02 -4.936178010985170506e-02 5.854888496284293975e-01 5.851159078571712691e-01
1.313534929037203224e-04 -1.004076015891422896e-01 -7.821309727615699536e-02 -7.821338779596100077e-02 -1.003108689980464624e-01 -7.817187939168908362e-02 -7.822711465230365591e-02 5.854376596800791033e-01 5.850722659081708521e-01
1.653642501444183466e-04 -1.556270683854905634e-01 -1.239464704551841850e-01 -1.239471953005066157e-01 -1.553880759541399759e-01 -1.238469663348095579e-01 -1.239665347327011252e-01 5.853569952591581860e-01 5.850033219011373520e-01
2.081812567090955408e-04 -2.380793077876787178e-01 -1.964095631756405391e-01 -1.964113646026519611e-01 -2.374945315108973609e-01 -1.961661768664912653e-01 -1.964361015499801189e-01 5.852303047639523248e-01 5.848946115232758203e-01
2.620846743303253501e-04 -3.567192116663205348e-01 -3.112074489672872479e-01 -3.112118983398814986e-01 -3.553102067445150225e-01 -3.106071523097633236e-01 -3.112368470583379287e-01 5.850323452717437478e-01 5.847237037689669847e-01
3.299450565562450925e-04 -5.170844453244689554e-01 -4.930298836115841743e-01 -4.930407664117080202e-01 -5.137715103591370402e-01 -4.915421978469314834e-01 -4.930467628740121122e-01 5.847254509933179634e-01 5.844562502541452709e-01
4.153762161945206348e-04 -7.110981884875064996e-01 -7.809037119722062048e-01 -7.809299278793888632e-01 -7.036053649333763316e-01 -7.772093410782011658e-01 -7.808635027073742574e-01 5.842552730971372066e-01 5.840406903249307780e-01
5.229276740221899117e-04 -8.996170546141154523e-01 -1.236433731305040640e+00 -1.236495404058082448e+00 -8.836861257347989884e-01 -1.227262802176075640e+00 -1.236228590626190282e+00 5.835471875435761513e-01 5.834019864092797603e-01
6.583269373569515916e-04 -1.000028958011195623e+00 -1.956675409532921517e+00 -1.956815319457003710e+00 -9.693225012380221051e-01 -1.933974419846065551e+00 -1.956081256538401147e+00 5.825053897350730425e-01 5.824359525937675697e-01
8.287845107072932399e-04 -9.279629256556832795e-01 -3.094132544160872911e+00 -3.094433219490281495e+00 -8.772270660846043233e-01 -3.038273228133132164e+00 -3.092757259835746009e+00 5.810149797670363103e-01 5.810072616359822639e-01
1.043377881430806661e-03 -7.523569622413722735e-01 -4.887620625592595580e+00 -4.888219365546356165e+00 -6.858247511353484649e-01 -4.751560222738311801e+00 -4.884888876966100746e+00 5.789377558800471446e-01 5.789529013723685447e-01
1.313534929037204037e-03 -7.611059911510899001e-01 -7.709493277731006344e+00 -7.710578671051631972e+00 -6.958785154471113232e-01 -7.383383586419938638e+00 -7.704538035311593092e+00 5.760792869936691707e-01 5.760805110768176807e-01
1.653642501444184225e-03 -8.683451032138597148e-01 -1.213675907036023105e+01 -1.213857855976744737e+01 -8.182323292301046935e-01 -1.137390418467335174e+01 -1.212772557357360448e+01 5.721299234977096360e-01 5.721246246577949002e-01
2.081812567090956384e-03 -6.763169961565302923e-01 -1.905677529314268881e+01 -1.905984998837219635e+01 -6.552260713113241541e-01 -1.733224343306123671e+01 -1.903997032207810491e+01 5.667177521153961006e-01 5.667197092380921175e-01
2.620846743303254910e-03 -7.742569697812063945e-01 -2.982004046954273591e+01 -2.982577227174271783e+01 -7.546094529484077551e-01 -2.608870301987819218e+01 -2.978966834317682100e+01 5.594441439381678816e-01 5.594418524971624951e-01
3.299450565562452118e-03 -7.113529351907283971e-01 -4.645812578495431922e+01 -4.646940899250860468e+01 -6.792562712999757890e-01 -3.876578657309893572e+01 -4.640396894057488453e+01 5.498446096471989453e-01 5.498432583544845542e-01
4.153762161945208191e-03 -6.648184455853367592e-01 -7.198168047811093118e+01 -7.200454721662713098e+01 -6.343577298330864700e-01 -5.678788123179814562e+01 -7.188719692656097493e+01 5.374430268876130290e-01 5.374422104540629297e-01
5.229276740221901719e-03 -6.558854976051183838e-01 -1.107665148821099308e+02 -1.108154599396148683e+02 -6.616730789325009354e-01 -8.167145595824922566e+01 -1.106065812617365083e+02 5.217460549400466663e-01 5.217455099451958622e-01
6.583269373569518301e-03 -6.393030611988088641e-01 -1.690129685647568749e+02 -1.691210527264969699e+02 -6.486452218959464222e-01 -1.148807229167609307e+02 -1.687526462161930567e+02 5.022579733779469757e-01 5.022578383247641165e-01
8.287845107072935869e-03 -5.742179139548850841e-01 -2.551918670644755309e+02 -2.554363259267945807e+02 -5.563496802890209869e-01 -1.574719359070364817e+02 -2.547943240824892541e+02 4.784803025676703792e-01 4.784802738069787176e-01
1.043377881430807008e-02 -5.398252753309511487e-01 -3.802668844823733707e+02 -3.808257814214658197e+02 -5.230100121001785007e-01 -2.083103736631783249e+02 -3.797181798339345278e+02 4.499197138949448393e-01 4.499197071024794159e-01
1.313534929037204514e-02 -4.990988940178094357e-01 -5.571955537903760387e+02 -5.584702400728251632e+02 -4.835457240173396953e-01 -2.626199950389147375e+02 -5.565803707712817641e+02 4.161031661399748338e-01 4.161031634852625505e-01
1.653642501441474066e-02 -4.516951927403025646e-01 -7.988729941245815098e+02 -8.017287426524243301e+02 -4.376132184932443048e-01 -3.194900747736095354e+02 -7.985940060602997619e+02 3.767027668593907475e-01 3.767027652068355992e-01
2.081812550581494531e-02 -3.976238667472450916e-01 -1.113569429995860446e+03 -1.119730007418515470e+03 -3.852210631944685271e-01 -3.602392375285683670e+02 -1.114621229351486363e+03 3.317415038217674250e-01 3.317415026749253593e-01
2.620834159861067797e-02 -3.382234151852750448e-01 -1.498779908355548741e+03 -1.511209585087195592e+03 -3.276685917545383298e-01 -3.798812382337710005e+02 -1.503186394139730510e+03 2.822859597295891421e-01 2.822859589728033969e-01
3.297707069353843917e-02 -2.774244948593511118e-01 -1.942331409559076974e+03 -1.964716064793944042e+03 -2.687633150917644320e-01 -3.726316787148086860e+02 -1.952757403773460055e+03 2.316218360806265864e-01 2.316218356145928192e-01
4.095687481729270302e-02 -2.249667859823437643e-01 -2.426586839083381165e+03 -2.459530213772607112e+03 -2.179408417550209309e-01 -3.477604294183433922e+02 -2.443248598563833639e+03 1.878751225165799510e-01 1.878751222365329931e-01
4.769128111748335841e-02 -1.946009871074937669e-01 -2.848036666140048055e+03 -2.885277100070733923e+03 -1.885219707953866841e-01 -3.265547034450024171e+02 -2.866030079995507094e+03 1.625391343311823611e-01 1.625391341381015042e-01
5.257408315740727534e-02 -1.785282600320415025e-01 -3.179448483697170104e+03 -3.216472886378726344e+03 -1.729505274176726948e-01 -3.137336095791789035e+02 -3.195495542913420650e+03 1.491248235238862019e-01 1.491248233716566118e-01
5.659956586758269070e-02 -1.678609833418918673e-01 -3.469443616891035617e+03 -3.504651556082633761e+03 -1.626159811404238320e-01 -3.044952206643600903e+02 -3.482433508745188647e+03 1.402205778371476419e-01 1.402205777099175266e-01
6.019323165754984079e-02 -1.596362566961726515e-01 -3.736106955409231887e+03 -3.769094221411575290e+03 -1.546478441713530216e-01 -2.967651369680737616e+02 -3.745828173351548685e+03 1.333544872040792195e-01 1.333544870946120620e-01
6.354465018369143126e-02 -1.526437321227993305e-01 -3.985048424335154323e+03 -4.016074577135510026e+03 -1.478735169057033561e-01 -2.895435986977088874e+02 -3.991811959075556388e+03 1.275167330606154503e-01 1.275167329649056491e-01
6.675411010677707868e-02 -1.462845501897786782e-01 -4.217323634377985400e+03 -4.247102747287393868e+03 -1.417128206341251306e-01 -2.822385874039004534e+02 -4.221813025260909853e+03 1.222075540752691897e-01 1.222075539908230868e-01
6.988172453642764459e-02 -1.402330782308870705e-01 -4.432226555381267644e+03 -4.461804039747101342e+03 -1.358502834823765160e-01 -2.746089805562714332e+02 -4.435405391377008527e+03 1.171550896247519624e-01 1.171550895498495171e-01
7.296696933989939293e-02 -1.343100915726227473e-01 -4.628543841997806339e+03 -4.659190698820520993e+03 -1.301122656046686532e-01 -2.665728082623688238e+02 -4.631570528643286707e+03 1.122097836907624407e-01 1.122097836241317120e-01
7.603765997589209680e-02 -1.284284561956453852e-01 -4.805337707021030837e+03 -4.838440764158655838e+03 -1.244143491419069103e-01 -2.579916648756258724e+02 -4.809471862883336144e+03 1.072988221459151709e-01 1.072988220865808556e-01
7.911454529889075382e-02 -1.225642158917767260e-01 -4.962478096948962047e+03 -4.999418564666019847e+03 -1.187333181513187258e-01 -2.488837645335489412e+02 -4.968975388127718361e+03 1.024021839317749982e-01 1.024021838789388600e-01
8.221385964216429421e-02 -1.167393261335282206e-01 -5.101051740955022979e+03 -5.143072590011430293e+03 -1.130904314027425112e-01 -2.394593114096856539e+02 -5.111047406736603079e+03 9.753823100862009376e-02 9.753823096157571149e-02
8.534883475414022092e-02 -1.110088014491387165e-01 -5.223635375001786997e+03 -5.271705320317404585e+03 -1.075389790226867065e-01 -2.298614153691023603e+02 -5.238022331336818752e+03 9.275283396027422800e-02 9.275283391840159763e-02
8.853064283441744453e-02 -1.054498256338683715e-01 -5.334457513878788632e+03 -5.389139682504007396e+03 -1.021537255994268145e-01 -2.202251697672804198e+02 -5.353767813767722146e+03 8.811043120306603915e-02 8.811043116580230539e-02
9.176900992719827510e-02 -1.001500490574535607e-01 -5.439316005132812279e+03 -5.500657889026333578e+03 -9.701957549402988323e-02 -2.108194298093613384e+02 -5.463621191391625871e+03 8.368420859252545529e-02 8.368420855934394220e-02
9.507262892646779762e-02 -9.519540667062947881e-02 -5.545237746663285179e+03 -5.612706800290862702e+03 -9.221977363883518408e-02 -2.019134765029249365e+02 -5.574088583375566486e+03 7.954591481289555177e-02 7.954591478330169663e-02
9.844944571560064472e-02 -9.065985603451756636e-02 -5.660006740891695699e+03 -5.732471080707859073e+03 -8.782595995006554912e-02 -1.936734335109119911e+02 -5.692412681705221985e+03 7.575736203060122465e-02 7.575736200414279198e-02
1.019068621252263857e-01 -8.659228765132902239e-02 -5.791191500870105301e+03 -5.866990912980220855e+03 -8.388549587679165753e-02 -1.862057337097281788e+02 -5.825680999700321991e+03 7.235938294407774640e-02 7.235938292034757580e-02
1.054518826547446858e-01 -8.300859555171681559e-02 -5.945180877746414808e+03 -6.022273610459473275e+03 -8.041377589142467697e-02 -1.795901927354015868e+02 -5.979930287939720984e+03 6.936532976878978518e-02 6.936532974742481983e-02
1.090912221330706533e-01 -7.988566967583428380e-02 -6.126016898395155295e+03 -6.202217097394238408e+03 -7.738841461273204825e-02 -1.738331319203851422e+02 -6.159061088274300346e+03 6.675593815853957114e-02 6.675593813922439668e-02
1.128313855953949896e-01 -7.715988465424378218e-02 -6.334304312773329912e+03 -6.407590752357984456e+03 -7.474777757460898675e-02 -1.688300119801230039e+02 -6.363812442220930279e+03 6.447814459126140207e-02 6.447814457373193808e-02
1.166787279874305638e-01 -7.473168989023436237e-02 -6.566440004131610294e+03 -6.635301772437201180e+03 -7.239542949373765912e-02 -1.643778280910906346e+02 -6.591026277063178895e+03 6.244888256922386666e-02 6.244888255327007281e-02
1.206394989759898007e-01 -7.247584153710838473e-02 -6.814361894054898585e+03 -6.878129248068683410e+03 -7.021004553545311111e-02 -1.602081233407107845e+02 -6.833385333215021092e+03 6.056362464337914503e-02 6.056362462883957409e-02
1.247198766315051471e-01 -7.025764567805156680e-02 -7.066122214319344494e+03 -7.125212600628286054e+03 -6.806114658404038842e-02 -1.560305747535297485e+02 -7.079912629164899954e+03 5.870992806714165485e-02 5.870992805389745745e-02
1.289259927523367377e-01 -6.795346472198537935e-02 -7.307445301681862475e+03 -7.363452527511634798e+03 -6.582896378096433909e-02 -1.515775055467987329e+02 -7.317390066789667799e+03 5.678455554762199681e-02 5.678455553558551389e-02
1.332639519395265038e-01 -6.547286655655218390e-02 -7.524306857320646486e+03 -7.579866467276750882e+03 -6.342589396414737013e-02 -1.466507710980012860e+02 -7.532737181930092447e+03 5.471197970056197041e-02 5.471197968966563102e-02
1.377398460901775312e-01 -6.277714476818246903e-02 -7.706135975864633110e+03 -7.764536454145430071e+03 -6.081443984955926807e-02 -1.411624143204288373e+02 -7.715983983769031511e+03 5.245985905820362699e-02 5.245985904838879055e-02
1.423597656850012216e-01 -5.988963156507651903e-02 -7.849019652128315101e+03 -7.913584066185662778e+03 -5.801720218911129989e-02 -1.351651747732385047e+02 -7.863266829670767038e+03 5.004762476419798156e-02 5.004762475540260741e-02
1.471298090529082336e-01 -5.689359165481124025e-02 -7.958012179242693492e+03 -8.031340609149774536e+03 -5.511483817993347717e-02 -1.288469429057243190e+02 -7.979009305231332291e+03 4.754475501112401942e-02 4.754475500327664389e-02
1.520560906705344939e-01 -5.391675153789265290e-02 -8.047692159272217395e+03 -8.130934778166815704e+03 -5.223107551504029000e-02 -1.225046843560231196e+02 -8.076501918184058923e+03 4.505786844040555322e-02 4.505786843342158426e-02
1.571447494749977913e-01 -5.110331894464855557e-02 -8.140172218911990058e+03 -8.232542645235283999e+03 -4.950560821983126386e-02 -1.164828986487367644e+02 -8.176123022544729793e+03 4.270735247989317085e-02 4.270735247367727500e-02
1.624019581183401839e-01 -4.857828611486081360e-02 -8.260306868646466683e+03 -8.359050537634217108e+03 -4.705951574476825716e-02 -1.110725220983889159e+02 -8.300951998127064144e+03 4.059759999367602151e-02 4.059759998812789011e-02
1.678339340610477959e-01 -4.641206557606667588e-02 -8.428631635848279984e+03 -8.529573361763623325e+03 -4.496100953565840969e-02 -1.064162564429409770e+02 -8.470229417856960936e+03 3.878739412269140152e-02 3.878739411771529866e-02
1.734469533822585174e-01 -4.459673599637444669e-02 -8.653917232959829562e+03 -8.752560602356814343e+03 -4.320241449943393319e-02 -1.025025379067595424e+02 -8.692411720001135109e+03 3.727021642619475494e-02 3.727021642170745552e-02
1.792473681711116706e-01 -4.304450857465447894e-02 -8.928051732586556682e+03 -9.020985397300286422e+03 -4.169869325061838217e-02 -9.919521798767415532e+01 -8.960336919671981377e+03 3.597275838929755998e-02 3.597275838523261021e-02
1.852416283549576936e-01 -4.161812616324266079e-02 -9.227416906829961590e+03 -9.313569587124127793e+03 -4.031688481166875726e-02 -9.613619821387156605e+01 -9.252466708472204118e+03 3.478046038211894675e-02 3.478046037843088995e-02
1.914363088159334592e-01 -4.016011795897809350e-02 -9.515957133582367533e+03 -9.597234431180637330e+03 -3.890444500615981849e-02 -9.295650280677516264e+01 -9.535422756740879777e+03 3.356188174931898360e-02 3.356188174598031398e-02
1.978381426500226969e-01 -3.854897930989548138e-02 -9.757446180996321345e+03 -9.838303597430671289e+03 -3.734367308941190233e-02 -8.943517335380441580e+01 -9.775300067099378794e+03 3.221551055490078086e-02 3.221551055189393609e-02
2.044540614366398001e-01 -3.675861018643317157e-02 -9.934097581205165625e+03 -1.001997258158126897e+04 -3.560928404765369149e-02 -8.543390046185238873e+01 -9.955225597828197351e+03 3.071953192500336341e-02 3.071953192231418467e-02
2.112912434186454136e-01 -3.486359584193482464e-02 -1.005597186135656557e+04 -1.015108435296465905e+04 -3.377352670132766771e-02 -8.119172240379140248e+01 -1.008418939429335842e+04 2.913620386612984434e-02 2.913620386373730331e-02
2.183571705513595307e-01 -3.299975297792030748e-02 -1.015798267284188660e+04 -1.026340251665899814e+04 -3.196796600905697783e-02 -7.698959089137841261e+01 -1.019428827151026780e+04 2.757890154534191340e-02 2.757890154321795961e-02
2.256596954756984463e-01 -3.130145148921296278e-02 -1.028535555475138608e+04 -1.039833408674265957e+04 -3.032276615544046705e-02 -7.313025055470015445e+01 -1.032731803853427118e+04 2.615980641813219973e-02 2.615980641624325240e-02
2.332071196186495665e-01 -2.984782432774938515e-02 -1.047470387057234802e+04 -1.058984235108681605e+04 -2.891458513910798861e-02 -6.985209778772903633e+01 -1.051748500931372837e+04 2.494498578225866348e-02 2.494498578056962221e-02
2.410082838404624950e-01 -2.862735138344426472e-02 -1.073479773448787273e+04 -1.084674511550909847e+04 -2.773226261107077789e-02 -6.710452957017085396e+01 -1.077355382829622067e+04 2.392489352467529196e-02 2.392489352315626053e-02
2.490726733524173120e-01 -2.753771051555469612e-02 -1.103602605988334653e+04 -1.114241838216100950e+04 -2.667668055762785137e-02 -6.464068532978416215e+01 -1.106856660013419059e+04 2.301411006794287437e-02 2.301411006657299446e-02
2.574105390470100008e-01 -2.644376242920946918e-02 -1.132422740071576118e+04 -1.142713833838923529e+04 -2.561692979697519426e-02 -6.215136072316241922e+01 -1.135235613404576907e+04 2.209979910083209251e-02 2.209979909959900943e-02
2.660330379459330818e-01 -2.525878001023010647e-02 -1.155383096549204856e+04 -1.165859133588492114e+04 -2.446899553509220004e-02 -5.944076519792984215e+01 -1.158231346162485534e+04 2.110955766075636036e-02 2.110955765965232683e-02
2.749523962221981921e-01 -2.398933722061434223e-02 -1.171675272679610498e+04 -1.182853150028028176e+04 -2.323924948402289470e-02 -5.651789805094633579e+01 -1.175026069478528007e+04 2.004875691155619949e-02 2.004875691057359313e-02
2.841820992472194329e-01 -2.272714581508340076e-02 -1.185211690567044570e+04 -1.197239381110540126e+04 -2.201652673455341269e-02 -5.360023999240321757e+01 -1.189203165067306873e+04 1.899405038265509701e-02 1.899405038178287111e-02
2.937371144283142943e-01 -2.158256045129544262e-02 -1.202191104701574841e+04 -1.214747196033803812e+04 -2.090772928974277828e-02 -5.094592764608261604e+01 -1.206536447849806973e+04 1.803755890702222336e-02 1.803755890624623298e-02
3.036341543436755219e-01 -2.059413854424811327e-02 -1.225950034039750062e+04 -1.238501965544458653e+04 -1.995020876417162581e-02 -4.864736324874643003e+01 -1.230168447634143013e+04 1.721148349720546047e-02 1.721148349651201170e-02
3.138919900014220388e-01 -1.970942485182615792e-02 -1.254395803426392376e+04 -1.266639146179210002e+04 -1.909315329657305590e-02 -4.662106998550526527e+01 -1.258208298192452639e+04 1.647202688363860398e-02 1.647202688301687909e-02
3.245318271633457763e-01 -1.883639538699419247e-02 -1.281816474132328040e+04 -1.293925926921352220e+04 -1.824741876812814925e-02 -4.457466080468135061e+01 -1.285374636287181966e+04 1.574236942362731984e-02 1.574236942307121259e-02
3.355777628968756310e-01 -1.791988426921069244e-02 -1.303767277734640629e+04 -1.316214238662380558e+04 -1.735956561022374348e-02 -4.245879871898934255e+01 -1.307494062717549059e+04 1.497643133468510614e-02 1.497643133418976452e-02
3.470573453133869446e-01 -1.698973982417731690e-02 -1.321731495747095323e+04 -1.334814724739154735e+04 -1.645850535879620977e-02 -4.027378308617643654e+01 -1.325897629068040624e+04 1.419915421133868816e-02 1.419915421089941975e-02
3.590022675081622761e-01 -1.611518359347624899e-02 -1.341249784434821231e+04 -1.354805915238676607e+04 -1.561129512771271440e-02 -3.822346265986362823e+01 -1.345710497671131270e+04 1.346828258225596549e-02 1.346828258186636221e-02
3.714492380842650543e-01 -1.533091862021866876e-02 -1.366142676746541474e+04 -1.379766732389399658e+04 -1.485155080472603563e-02 -3.639471525260185558e+01 -1.370531203179493241e+04 1.281282652504460613e-02 1.281282652469811593e-02
3.844410869336386538e-01 -1.459863204495653530e-02 -1.393777936993003095e+04 -1.407318680116795440e+04 -1.414215960077317563e-02 -3.467764933406064642e+01 -1.397953533890548897e+04 1.220079430641882699e-02 1.220079430611063255e-02
3.980281886988606965e-01 -1.386538216457987825e-02 -1.419052730501995757e+04 -1.432773586319886999e+04 -1.343183661640156776e-02 -3.294602865680122505e+01 -1.423248176710749431e+04 1.158798534544677739e-02 1.158798534517362609e-02
4.122703216106688995e-01 -1.312689636048760926e-02 -1.441132602214331018e+04 -1.455317013276116813e+04 -1.271644209495425247e-02 -3.121956709432208044e+01 -1.445601749562096484e+04 1.097082992645543285e-02 1.097082992621420047e-02
4.272391328473755800e-01 -1.242076519479704509e-02 -1.464309191941782410e+04 -1.478868198006863713e+04 -1.203239046022437121e-02 -2.955596280088580841e+01 -1.468971912440830420e+04 1.038069433709771540e-02 1.038069433688506606e-02
4.430214643753784820e-01 -1.176225269442928573e-02 -1.491145126572957452e+04 -1.505817878685120741e+04 -1.139446738941888269e-02 -2.800797796076374624e+01 -1.495764152927286887e+04 9.830340143264162597e-03 9.830340143076763890e-03
4.597239247053869216e-01 -1.112709831098295833e-02 -1.519108307355630313e+04 -1.533919745922457878e+04 -1.077917258134117491e-02 -2.650332798342759233e+01 -1.523698739715208831e+04 9.299505547178165202e-03 9.299505547013489637e-03
4.774793064618576555e-01 -1.049266288539454223e-02 -1.545193769179265109e+04 -1.560367544142345650e+04 -1.016457489725360215e-02 -2.500820277297874128e+01 -1.549952597513778528e+04 8.769286682969057445e-03 8.769286682825021620e-03
4.964558102285431818e-01 -9.874753090780303416e-03 -1.572024088203014435e+04 -1.587535837402698962e+04 -9.565985853926187513e-03 -2.354467644969674822e+01 -1.576927085461844763e+04 8.252877096199050938e-03 8.252877096073614818e-03
5.168706622410320639e-01 -9.283921376094336764e-03 -1.602101932463937555e+04 -1.617809062339596858e+04 -8.993627997952294284e-03 -2.214976072523929318e+01 -1.607012973230994794e+04 7.759086235348966118e-03 7.759086235240104414e-03
5.390108467112463275e-01 -8.698882771593417426e-03 -1.632499113972624582e+04 -1.648508837391077395e+04 -8.426882384672818027e-03 -2.076226847951950205e+01 -1.637506349465187850e+04 7.270142830882972071e-03 7.270142830789140878e-03
5.632658120542870517e-01 -8.119388220480066448e-03 -1.663928489521555457e+04 -1.680294408250279230e+04 -7.865507624832485112e-03 -1.937686607569900588e+01 -1.669071495452326417e+04 6.785832194558310757e-03 6.785832194478120562e-03
5.901812496498822780e-01 -7.549300673015053517e-03 -1.698528071170957992e+04 -1.715186211689064294e+04 -7.313245547955661216e-03 -1.803366114128132480e+01 -1.703736954504869936e+04 6.309380044781158665e-03 6.309380044713189598e-03
6.205519319481119789e-01 -6.975695663150371928e-03 -1.735139360341025531e+04 -1.752180940779451339e+04 -6.757576202873611521e-03 -1.666907955716717282e+01 -1.740480144235849730e+04 5.829989446373027781e-03 5.829989446316199107e-03
6.555914446248338745e-01 -6.396636088532439007e-03 -1.775876072911271694e+04 -1.793300734221012317e+04 -6.196622777276867590e-03 -1.529078752278117648e+01 -1.781327196256317984e+04 5.346038757495298263e-03 5.346038757448595170e-03
6.972641270728331397e-01 -5.800367585780908872e-03 -1.821560214870628261e+04 -1.839440986370602695e+04 -5.618998589674531474e-03 -1.386518131377103913e+01 -1.827157330719858874e+04 4.847705848214694559e-03 4.847705848177254889e-03
7.489860481473911147e-01 -5.174777373231641969e-03 -1.875142134967929815e+04 -1.893542493561101583e+04 -5.012969551325136518e-03 -1.237371597509328147e+01 -1.880897687424657124e+04 4.324866196675050505e-03 4.324866196646092766e-03
8.172246958700447594e-01 -4.498944518195715885e-03 -1.940839735253017352e+04 -1.959882108468918523e+04 -4.358268917782602732e-03 -1.075698748053497233e+01 -1.946793783326799894e+04 3.760035499427685519e-03 3.760035499406538806e-03
9.152789718252951623e-01 -3.745687061237963199e-03 -2.026914196085584990e+04 -2.046797949233354302e+04 -3.628564791781881300e-03 -8.969804844576133362e+00 -2.033128653759933513e+04 3.130493817527242335e-03 3.130493817513188039e-03
1.070301791652423562e+00 -2.901537880929677335e-03 -2.147034881076693637e+04 -2.168093601030448190e+04 -2.810810846536847089e-03 -6.954072923829448527e+00 -2.153613624897296540e+04 2.424991629247495294e-03 2.424991629239528577e-03
1.317123541579720447e+00 -2.059873061362164741e-03 -2.308303404222876634e+04 -2.330940972021937341e+04 -1.995463755000061873e-03 -4.936177557893178580e+00 -2.315372698448078518e+04 1.721562689903402034e-03 1.721562689899667174e-03
1.655384394845416107e+00 -1.405676382792228054e-03 -2.488187373130338528e+04 -2.512588843973571056e+04 -1.361722968113552971e-03 -3.365150157848272094e+00 -2.495806500712244451e+04 1.174811410655134461e-03 1.174811410653522036e-03
2.083952600795073273e+00 -9.522855807419427967e-04 -2.671423755848962173e+04 -2.697626342533698698e+04 -9.225091556573838600e-04 -2.279862170489902251e+00 -2.679606831327400869e+04 7.958850754509615329e-04 7.958850754502724140e-04
2.623540688615224159e+00 -6.424564144152085463e-04 -2.856397054132361882e+04 -2.884424999658921661e+04 -6.223679742990303153e-04 -1.537681823853229490e+00 -2.865155588113316480e+04 5.369422278729341688e-04 5.369422278726407836e-04
3.302842041669530104e+00 -4.318219206287587583e-04 -3.042831764938574997e+04 -3.072711227294638229e+04 -4.183197853663778382e-04 -1.036893977087077090e+00 -3.052180245261090749e+04 3.609021983337894093e-04 3.609021983336647261e-04
4.158031777399895823e+00 -2.892649184290462081e-04 -3.230471015170288229e+04 -3.262233539064425349e+04 -2.802203942699392578e-04 -6.937806866129148098e-01 -3.240429726726660374e+04 2.417586141437541743e-04 2.417586141437014821e-04
5.234651867616397780e+00 -1.931737888714530943e-04 -3.419110295517853228e+04 -3.452798413617030747e+04 -1.871339405749422580e-04 -4.643069268996063426e-01 -3.429709759564047272e+04 1.614495054799397575e-04 1.614495054799175043e-04
6.590036258038080241e+00 -1.286402621747828481e-04 -3.608554120586079807e+04 -3.644229992054641480e+04 -1.246183245405258877e-04 -3.092850765190362505e-01 -3.619842285414056823e+04 1.075149850414764340e-04 1.075149850414670828e-04
8.296364109889083238e+00 -8.544432600353367468e-05 -3.798618214736914524e+04 -3.836377744300089398e+04 -8.277309870938784689e-05 -2.052452675127179327e-01 -3.810672230048476922e+04 7.141360300629271448e-05 7.141360300628881135e-05
1.044450360343646445e+01 -5.661815314318942646e-05 -3.989108866237949405e+04 -4.029104756090388400e+04 -5.484831120103973766e-05 -1.363005768183464805e-01 -4.002054441658193537e+04 4.732191837020142906e-05 4.732191837019978243e-05
