# Bispectrum RIC correction for sample NGC and SN subtraction True 
#  k1_eff k2_eff k3_eff Wk_ric
5.738000000000000045e-03 5.738000000000000045e-03 5.738000000000000045e-03 1.241719998382954593e+01
5.738000000000000045e-03 5.738000000000000045e-03 1.037300000000000028e-02 -1.953153727475067936e-01
5.738000000000000045e-03 5.738000000000000045e-03 1.525999999999999926e-02 -1.810504816185271038e-01
5.738000000000000045e-03 1.037300000000000028e-02 1.037300000000000028e-02 3.798191386839970263e-01
5.738000000000000045e-03 1.037300000000000028e-02 1.525999999999999926e-02 -6.477576013375022524e-04
5.738000000000000045e-03 1.037300000000000028e-02 2.019699999999999968e-02 -1.049991699210762464e-01
5.738000000000000045e-03 1.525999999999999926e-02 1.525999999999999926e-02 5.545183656200651789e-01
5.738000000000000045e-03 1.525999999999999926e-02 2.019699999999999968e-02 -6.175620730163416429e-03
5.738000000000000045e-03 1.525999999999999926e-02 2.516699999999999840e-02 -5.093127090614744945e-02
5.738000000000000045e-03 2.019699999999999968e-02 2.019699999999999968e-02 5.060344102364704444e-01
5.738000000000000045e-03 2.019699999999999968e-02 2.516699999999999840e-02 -2.207777739075082724e-04
5.738000000000000045e-03 2.019699999999999968e-02 3.013700000000000059e-02 -4.833782731694396401e-02
5.738000000000000045e-03 2.516699999999999840e-02 2.516699999999999840e-02 3.679521787156130874e-01
5.738000000000000045e-03 2.516699999999999840e-02 3.013700000000000059e-02 -3.235415187058625353e-02
5.738000000000000045e-03 2.516699999999999840e-02 3.511100000000000332e-02 -1.102264126828539359e-01
5.738000000000000045e-03 3.013700000000000059e-02 3.013700000000000059e-02 5.019340293797406316e-01
5.738000000000000045e-03 3.013700000000000059e-02 3.511100000000000332e-02 -1.922385095446215927e-02
5.738000000000000045e-03 3.013700000000000059e-02 4.009599999999999970e-02 -1.169223597606968562e-01
5.738000000000000045e-03 3.511100000000000332e-02 3.511100000000000332e-02 4.977613376314981575e-01
5.738000000000000045e-03 3.511100000000000332e-02 4.009599999999999970e-02 -3.996729548168867496e-02
5.738000000000000045e-03 3.511100000000000332e-02 4.509300000000000114e-02 -8.775503235405238134e-02
5.738000000000000045e-03 4.009599999999999970e-02 4.009599999999999970e-02 4.967689121115234085e-01
5.738000000000000045e-03 4.009599999999999970e-02 4.509300000000000114e-02 -4.670184380188152629e-02
5.738000000000000045e-03 4.009599999999999970e-02 5.009299999999999864e-02 -8.315622997120529492e-02
5.738000000000000045e-03 4.509300000000000114e-02 4.509300000000000114e-02 4.921101013113201583e-01
5.738000000000000045e-03 4.509300000000000114e-02 5.009299999999999864e-02 -4.723585183377523172e-02
5.738000000000000045e-03 4.509300000000000114e-02 5.507800000000000196e-02 -4.626616642760646853e-02
5.738000000000000045e-03 5.009299999999999864e-02 5.009299999999999864e-02 5.525566501052839863e-01
5.738000000000000045e-03 5.009299999999999864e-02 5.507800000000000196e-02 -5.686371365013960510e-02
5.738000000000000045e-03 5.009299999999999864e-02 6.006700000000000234e-02 -1.386841332220676293e-01
5.738000000000000045e-03 5.507800000000000196e-02 5.507800000000000196e-02 5.442854834064873026e-01
5.738000000000000045e-03 5.507800000000000196e-02 6.006700000000000234e-02 -7.469357348484913228e-02
5.738000000000000045e-03 5.507800000000000196e-02 6.505900000000000571e-02 -8.429388926041032903e-02
5.738000000000000045e-03 6.006700000000000234e-02 6.006700000000000234e-02 5.798989130665452851e-01
5.738000000000000045e-03 6.006700000000000234e-02 6.505900000000000571e-02 -8.423294900465101709e-02
5.738000000000000045e-03 6.006700000000000234e-02 7.005400000000000515e-02 -1.128851707736596294e-01
5.738000000000000045e-03 6.505900000000000571e-02 6.505900000000000571e-02 5.765915309443048198e-01
5.738000000000000045e-03 6.505900000000000571e-02 7.005400000000000515e-02 -8.780478247895633082e-02
5.738000000000000045e-03 6.505900000000000571e-02 7.505299999999999472e-02 -1.261909509445486022e-01
5.738000000000000045e-03 7.005400000000000515e-02 7.005400000000000515e-02 5.682953990251112808e-01
5.738000000000000045e-03 7.005400000000000515e-02 7.505299999999999472e-02 -7.612007117720202831e-02
5.738000000000000045e-03 7.005400000000000515e-02 8.005400000000000016e-02 -1.260761781925501257e-01
5.738000000000000045e-03 7.505299999999999472e-02 7.505299999999999472e-02 5.876284746637697731e-01
5.738000000000000045e-03 7.505299999999999472e-02 8.005400000000000016e-02 -9.173617857358494498e-02
5.738000000000000045e-03 8.005400000000000016e-02 8.005400000000000016e-02 5.679969499120625098e-01
1.037300000000000028e-02 1.037300000000000028e-02 1.037300000000000028e-02 -3.157033958430518344e-02
1.037300000000000028e-02 1.037300000000000028e-02 1.525999999999999926e-02 2.227013216805676099e-02
1.037300000000000028e-02 1.037300000000000028e-02 2.019699999999999968e-02 1.283491909839777623e-01
1.037300000000000028e-02 1.037300000000000028e-02 2.516699999999999840e-02 -7.142869110667923738e-02
1.037300000000000028e-02 1.525999999999999926e-02 1.525999999999999926e-02 3.437013666693290725e-02
1.037300000000000028e-02 1.525999999999999926e-02 2.019699999999999968e-02 3.282226072593469324e-02
1.037300000000000028e-02 1.525999999999999926e-02 2.516699999999999840e-02 2.901343219767904200e-02
1.037300000000000028e-02 1.525999999999999926e-02 3.013700000000000059e-02 -4.272054191862966616e-02
1.037300000000000028e-02 2.019699999999999968e-02 2.019699999999999968e-02 3.416757688323847353e-02
1.037300000000000028e-02 2.019699999999999968e-02 2.516699999999999840e-02 4.675571191847691099e-02
1.037300000000000028e-02 2.019699999999999968e-02 3.013700000000000059e-02 1.710148246074138026e-02
1.037300000000000028e-02 2.019699999999999968e-02 3.511100000000000332e-02 3.893387886785895039e-03
1.037300000000000028e-02 2.516699999999999840e-02 2.516699999999999840e-02 3.561315347105908219e-02
1.037300000000000028e-02 2.516699999999999840e-02 3.013700000000000059e-02 1.002833070958626498e-02
1.037300000000000028e-02 2.516699999999999840e-02 3.511100000000000332e-02 2.588217354705909384e-02
1.037300000000000028e-02 2.516699999999999840e-02 4.009599999999999970e-02 -1.326960397652570366e-02
1.037300000000000028e-02 3.013700000000000059e-02 3.013700000000000059e-02 3.080372386942125881e-02
1.037300000000000028e-02 3.013700000000000059e-02 3.511100000000000332e-02 3.682527810544457963e-02
1.037300000000000028e-02 3.013700000000000059e-02 4.009599999999999970e-02 1.262840858602848337e-02
1.037300000000000028e-02 3.013700000000000059e-02 4.509300000000000114e-02 -4.143145668616348559e-02
1.037300000000000028e-02 3.511100000000000332e-02 3.511100000000000332e-02 2.093421551781192436e-02
1.037300000000000028e-02 3.511100000000000332e-02 4.009599999999999970e-02 2.352237317279181131e-02
1.037300000000000028e-02 3.511100000000000332e-02 4.509300000000000114e-02 1.077286583165157005e-02
1.037300000000000028e-02 3.511100000000000332e-02 5.009299999999999864e-02 -2.188025009118732545e-02
1.037300000000000028e-02 4.009599999999999970e-02 4.009599999999999970e-02 3.563229171308617688e-02
1.037300000000000028e-02 4.009599999999999970e-02 4.509300000000000114e-02 2.707279882943699340e-02
1.037300000000000028e-02 4.009599999999999970e-02 5.009299999999999864e-02 3.698901642848214863e-03
1.037300000000000028e-02 4.009599999999999970e-02 5.507800000000000196e-02 -3.761590229499534727e-02
1.037300000000000028e-02 4.509300000000000114e-02 4.509300000000000114e-02 3.591148957265121594e-02
1.037300000000000028e-02 4.509300000000000114e-02 5.009299999999999864e-02 3.737814634891100524e-02
1.037300000000000028e-02 4.509300000000000114e-02 5.507800000000000196e-02 5.909537800924540528e-03
1.037300000000000028e-02 4.509300000000000114e-02 6.006700000000000234e-02 -3.628949091950722100e-02
1.037300000000000028e-02 5.009299999999999864e-02 5.009299999999999864e-02 3.287194400820282747e-02
1.037300000000000028e-02 5.009299999999999864e-02 5.507800000000000196e-02 3.499706799512965899e-02
1.037300000000000028e-02 5.009299999999999864e-02 6.006700000000000234e-02 8.502562444538128497e-03
1.037300000000000028e-02 5.009299999999999864e-02 6.505900000000000571e-02 -5.579461149194343134e-02
1.037300000000000028e-02 5.507800000000000196e-02 5.507800000000000196e-02 1.061500542091632811e-02
1.037300000000000028e-02 5.507800000000000196e-02 6.006700000000000234e-02 3.034424671240852980e-02
1.037300000000000028e-02 5.507800000000000196e-02 6.505900000000000571e-02 1.318344138368199477e-02
1.037300000000000028e-02 5.507800000000000196e-02 7.005400000000000515e-02 -2.202810025371588348e-02
1.037300000000000028e-02 6.006700000000000234e-02 6.006700000000000234e-02 3.219672165348425735e-02
1.037300000000000028e-02 6.006700000000000234e-02 6.505900000000000571e-02 3.690367182968539578e-02
1.037300000000000028e-02 6.006700000000000234e-02 7.005400000000000515e-02 1.300990766176426429e-02
1.037300000000000028e-02 6.006700000000000234e-02 7.505299999999999472e-02 4.856292046895989596e-03
1.037300000000000028e-02 6.505900000000000571e-02 6.505900000000000571e-02 2.328123152352363015e-02
1.037300000000000028e-02 6.505900000000000571e-02 7.005400000000000515e-02 2.478377935323151232e-02
1.037300000000000028e-02 6.505900000000000571e-02 7.505299999999999472e-02 5.773446806667252747e-03
1.037300000000000028e-02 6.505900000000000571e-02 8.005400000000000016e-02 -3.098216565330269914e-02
1.037300000000000028e-02 7.005400000000000515e-02 7.005400000000000515e-02 2.062012790580793065e-02
1.037300000000000028e-02 7.005400000000000515e-02 7.505299999999999472e-02 2.825348926690014403e-02
1.037300000000000028e-02 7.005400000000000515e-02 8.005400000000000016e-02 1.128640606424988722e-02
1.037300000000000028e-02 7.505299999999999472e-02 7.505299999999999472e-02 3.318338279878025460e-02
1.037300000000000028e-02 7.505299999999999472e-02 8.005400000000000016e-02 2.290542046654105157e-02
1.037300000000000028e-02 8.005400000000000016e-02 8.005400000000000016e-02 2.287697338480734408e-02
1.525999999999999926e-02 1.525999999999999926e-02 1.525999999999999926e-02 -1.067341727748689559e-02
1.525999999999999926e-02 1.525999999999999926e-02 2.019699999999999968e-02 2.598502445845009279e-03
1.525999999999999926e-02 1.525999999999999926e-02 2.516699999999999840e-02 -1.299363644674558262e-02
1.525999999999999926e-02 1.525999999999999926e-02 3.013700000000000059e-02 4.686063577253149655e-04
1.525999999999999926e-02 1.525999999999999926e-02 3.511100000000000332e-02 4.102334380766337746e-02
1.525999999999999926e-02 2.019699999999999968e-02 2.019699999999999968e-02 -5.194842219718377903e-03
1.525999999999999926e-02 2.019699999999999968e-02 2.516699999999999840e-02 -7.869399988694819820e-04
1.525999999999999926e-02 2.019699999999999968e-02 3.013700000000000059e-02 -2.579005718606044127e-03
1.525999999999999926e-02 2.019699999999999968e-02 3.511100000000000332e-02 -1.447060466610147669e-03
1.525999999999999926e-02 2.019699999999999968e-02 4.009599999999999970e-02 -1.250827603516543006e-02
1.525999999999999926e-02 2.516699999999999840e-02 2.516699999999999840e-02 3.502773848265591707e-03
1.525999999999999926e-02 2.516699999999999840e-02 3.013700000000000059e-02 -7.578320117962332111e-03
1.525999999999999926e-02 2.516699999999999840e-02 3.511100000000000332e-02 1.199418997449354200e-02
1.525999999999999926e-02 2.516699999999999840e-02 4.009599999999999970e-02 -9.977406320630644726e-03
1.525999999999999926e-02 2.516699999999999840e-02 4.509300000000000114e-02 -9.568766447486451790e-03
1.525999999999999926e-02 3.013700000000000059e-02 3.013700000000000059e-02 -1.407979250010133604e-02
1.525999999999999926e-02 3.013700000000000059e-02 3.511100000000000332e-02 6.183602606407678261e-03
1.525999999999999926e-02 3.013700000000000059e-02 4.009599999999999970e-02 7.143353472557564549e-04
1.525999999999999926e-02 3.013700000000000059e-02 4.509300000000000114e-02 -2.417165177259882319e-03
1.525999999999999926e-02 3.013700000000000059e-02 5.009299999999999864e-02 1.714625292158700881e-02
1.525999999999999926e-02 3.511100000000000332e-02 3.511100000000000332e-02 1.192390789871412187e-03
1.525999999999999926e-02 3.511100000000000332e-02 4.009599999999999970e-02 -5.379568469783088669e-03
1.525999999999999926e-02 3.511100000000000332e-02 4.509300000000000114e-02 1.782539256511503530e-03
1.525999999999999926e-02 3.511100000000000332e-02 5.009299999999999864e-02 3.543178813795452593e-03
1.525999999999999926e-02 3.511100000000000332e-02 5.507800000000000196e-02 1.836828650277442122e-03
1.525999999999999926e-02 4.009599999999999970e-02 4.009599999999999970e-02 -4.312409639906611110e-04
1.525999999999999926e-02 4.009599999999999970e-02 4.509300000000000114e-02 -1.003975362502315541e-03
1.525999999999999926e-02 4.009599999999999970e-02 5.009299999999999864e-02 4.278488872202720200e-03
1.525999999999999926e-02 4.009599999999999970e-02 5.507800000000000196e-02 -8.609385251932971661e-03
1.525999999999999926e-02 4.009599999999999970e-02 6.006700000000000234e-02 8.964297222183037137e-03
1.525999999999999926e-02 4.509300000000000114e-02 4.509300000000000114e-02 -2.678529296364740714e-03
1.525999999999999926e-02 4.509300000000000114e-02 5.009299999999999864e-02 -5.121124734597228868e-03
1.525999999999999926e-02 4.509300000000000114e-02 5.507800000000000196e-02 -5.180140564983661162e-03
1.525999999999999926e-02 4.509300000000000114e-02 6.006700000000000234e-02 -8.551665500711080198e-03
1.525999999999999926e-02 4.509300000000000114e-02 6.505900000000000571e-02 -8.291050078977917417e-03
1.525999999999999926e-02 5.009299999999999864e-02 5.009299999999999864e-02 -1.711539128014953007e-03
1.525999999999999926e-02 5.009299999999999864e-02 5.507800000000000196e-02 -1.425028243891433150e-03
1.525999999999999926e-02 5.009299999999999864e-02 6.006700000000000234e-02 -6.794929850953207971e-03
1.525999999999999926e-02 5.009299999999999864e-02 6.505900000000000571e-02 -8.451713565959393520e-03
1.525999999999999926e-02 5.009299999999999864e-02 7.005400000000000515e-02 -6.038958560008543530e-03
1.525999999999999926e-02 5.507800000000000196e-02 5.507800000000000196e-02 -7.704224770156876609e-03
1.525999999999999926e-02 5.507800000000000196e-02 6.006700000000000234e-02 -2.027707294732375778e-03
1.525999999999999926e-02 5.507800000000000196e-02 6.505900000000000571e-02 -5.373836936857083989e-03
1.525999999999999926e-02 5.507800000000000196e-02 7.005400000000000515e-02 -7.205648202644421470e-03
1.525999999999999926e-02 5.507800000000000196e-02 7.505299999999999472e-02 1.456450032881777788e-03
1.525999999999999926e-02 6.006700000000000234e-02 6.006700000000000234e-02 -4.302300787089802410e-03
1.525999999999999926e-02 6.006700000000000234e-02 6.505900000000000571e-02 1.611007678836281695e-03
1.525999999999999926e-02 6.006700000000000234e-02 7.005400000000000515e-02 -5.099980818256022452e-03
1.525999999999999926e-02 6.006700000000000234e-02 7.505299999999999472e-02 -6.657529776760073500e-03
1.525999999999999926e-02 6.006700000000000234e-02 8.005400000000000016e-02 -2.092833338269249090e-03
1.525999999999999926e-02 6.505900000000000571e-02 6.505900000000000571e-02 -1.657700870472618481e-03
1.525999999999999926e-02 6.505900000000000571e-02 7.005400000000000515e-02 -5.900845529482518642e-03
1.525999999999999926e-02 6.505900000000000571e-02 7.505299999999999472e-02 -2.421891588903692539e-03
1.525999999999999926e-02 6.505900000000000571e-02 8.005400000000000016e-02 -6.071004888540607047e-03
1.525999999999999926e-02 7.005400000000000515e-02 7.005400000000000515e-02 -6.242466273358614724e-03
1.525999999999999926e-02 7.005400000000000515e-02 7.505299999999999472e-02 -8.686897106723396461e-03
1.525999999999999926e-02 7.005400000000000515e-02 8.005400000000000016e-02 -7.240429509892874933e-03
1.525999999999999926e-02 7.505299999999999472e-02 7.505299999999999472e-02 4.415213544766328699e-03
1.525999999999999926e-02 7.505299999999999472e-02 8.005400000000000016e-02 -9.452071478708645030e-03
1.525999999999999926e-02 8.005400000000000016e-02 8.005400000000000016e-02 -9.103870814082251281e-03
2.019699999999999968e-02 2.019699999999999968e-02 2.019699999999999968e-02 -1.470070608700470120e-02
2.019699999999999968e-02 2.019699999999999968e-02 2.516699999999999840e-02 -1.695620212255672873e-02
2.019699999999999968e-02 2.019699999999999968e-02 3.013700000000000059e-02 7.307445259506944665e-03
2.019699999999999968e-02 2.019699999999999968e-02 3.511100000000000332e-02 1.003731305336400155e-02
2.019699999999999968e-02 2.019699999999999968e-02 4.009599999999999970e-02 -4.704625283646747189e-03
2.019699999999999968e-02 2.019699999999999968e-02 4.509300000000000114e-02 -2.614199566046310208e-02
2.019699999999999968e-02 2.516699999999999840e-02 2.516699999999999840e-02 9.925492256288448098e-03
2.019699999999999968e-02 2.516699999999999840e-02 3.013700000000000059e-02 3.200579302929695922e-03
2.019699999999999968e-02 2.516699999999999840e-02 3.511100000000000332e-02 1.466563945140579410e-02
2.019699999999999968e-02 2.516699999999999840e-02 4.009599999999999970e-02 6.613467070979072923e-03
2.019699999999999968e-02 2.516699999999999840e-02 4.509300000000000114e-02 6.073116901898376226e-03
2.019699999999999968e-02 2.516699999999999840e-02 5.009299999999999864e-02 -5.366791363012259237e-03
2.019699999999999968e-02 3.013700000000000059e-02 3.013700000000000059e-02 1.007077113439029106e-03
2.019699999999999968e-02 3.013700000000000059e-02 3.511100000000000332e-02 1.426763053434586346e-03
2.019699999999999968e-02 3.013700000000000059e-02 4.009599999999999970e-02 1.113296562788222872e-03
2.019699999999999968e-02 3.013700000000000059e-02 4.509300000000000114e-02 -3.144913441514364614e-03
2.019699999999999968e-02 3.013700000000000059e-02 5.009299999999999864e-02 -2.230448579162059349e-03
2.019699999999999968e-02 3.013700000000000059e-02 5.507800000000000196e-02 1.356364603976326598e-02
2.019699999999999968e-02 3.511100000000000332e-02 3.511100000000000332e-02 -3.542903862231260373e-03
2.019699999999999968e-02 3.511100000000000332e-02 4.009599999999999970e-02 -4.397443677723806774e-03
2.019699999999999968e-02 3.511100000000000332e-02 4.509300000000000114e-02 1.733543804989075223e-04
2.019699999999999968e-02 3.511100000000000332e-02 5.009299999999999864e-02 3.347305506082136339e-05
2.019699999999999968e-02 3.511100000000000332e-02 5.507800000000000196e-02 -8.613534453727249296e-03
2.019699999999999968e-02 3.511100000000000332e-02 6.006700000000000234e-02 -1.182902107333782919e-02
2.019699999999999968e-02 4.009599999999999970e-02 4.009599999999999970e-02 3.933224706550692007e-03
2.019699999999999968e-02 4.009599999999999970e-02 4.509300000000000114e-02 -4.644885510124649626e-03
2.019699999999999968e-02 4.009599999999999970e-02 5.009299999999999864e-02 -7.334605293544830922e-03
2.019699999999999968e-02 4.009599999999999970e-02 5.507800000000000196e-02 2.097646305924460563e-03
2.019699999999999968e-02 4.009599999999999970e-02 6.006700000000000234e-02 1.274268712089994668e-03
2.019699999999999968e-02 4.009599999999999970e-02 6.505900000000000571e-02 7.194219862212408202e-03
2.019699999999999968e-02 4.509300000000000114e-02 4.509300000000000114e-02 -1.067952321183475439e-02
2.019699999999999968e-02 4.509300000000000114e-02 5.009299999999999864e-02 1.991305252618221985e-03
2.019699999999999968e-02 4.509300000000000114e-02 5.507800000000000196e-02 -5.314835676066358670e-03
2.019699999999999968e-02 4.509300000000000114e-02 6.006700000000000234e-02 6.280305592725956990e-04
2.019699999999999968e-02 4.509300000000000114e-02 6.505900000000000571e-02 -7.175100009818597552e-04
2.019699999999999968e-02 4.509300000000000114e-02 7.005400000000000515e-02 -2.294250986073321803e-03
2.019699999999999968e-02 5.009299999999999864e-02 5.009299999999999864e-02 3.092866289367268966e-04
2.019699999999999968e-02 5.009299999999999864e-02 5.507800000000000196e-02 -4.746476480499607241e-04
2.019699999999999968e-02 5.009299999999999864e-02 6.006700000000000234e-02 -5.600539211221636400e-03
2.019699999999999968e-02 5.009299999999999864e-02 6.505900000000000571e-02 -1.734889387243327395e-04
2.019699999999999968e-02 5.009299999999999864e-02 7.005400000000000515e-02 -8.775553492280065843e-03
2.019699999999999968e-02 5.009299999999999864e-02 7.505299999999999472e-02 -3.306384060148933463e-02
2.019699999999999968e-02 5.507800000000000196e-02 5.507800000000000196e-02 -2.614899008587227727e-05
2.019699999999999968e-02 5.507800000000000196e-02 6.006700000000000234e-02 -7.802690874546448427e-03
2.019699999999999968e-02 5.507800000000000196e-02 6.505900000000000571e-02 -2.052001027748330021e-03
2.019699999999999968e-02 5.507800000000000196e-02 7.005400000000000515e-02 -3.497351939929604307e-03
2.019699999999999968e-02 5.507800000000000196e-02 7.505299999999999472e-02 -7.536342540472506721e-03
2.019699999999999968e-02 5.507800000000000196e-02 8.005400000000000016e-02 -2.203882085315160902e-02
2.019699999999999968e-02 6.006700000000000234e-02 6.006700000000000234e-02 -1.953477148056484512e-03
2.019699999999999968e-02 6.006700000000000234e-02 6.505900000000000571e-02 1.061247746844889235e-05
2.019699999999999968e-02 6.006700000000000234e-02 7.005400000000000515e-02 -5.422746183088223391e-03
2.019699999999999968e-02 6.006700000000000234e-02 7.505299999999999472e-02 7.226409939831122259e-03
2.019699999999999968e-02 6.006700000000000234e-02 8.005400000000000016e-02 -6.868528044732949596e-03
2.019699999999999968e-02 6.505900000000000571e-02 6.505900000000000571e-02 -9.782218725894482728e-05
2.019699999999999968e-02 6.505900000000000571e-02 7.005400000000000515e-02 -3.367025306686429343e-03
2.019699999999999968e-02 6.505900000000000571e-02 7.505299999999999472e-02 -5.700151018802369039e-03
2.019699999999999968e-02 6.505900000000000571e-02 8.005400000000000016e-02 9.474935950148717818e-04
2.019699999999999968e-02 7.005400000000000515e-02 7.005400000000000515e-02 1.900329014931129764e-03
2.019699999999999968e-02 7.005400000000000515e-02 7.505299999999999472e-02 -6.281409008814529786e-03
2.019699999999999968e-02 7.005400000000000515e-02 8.005400000000000016e-02 -3.093626246423586326e-03
2.019699999999999968e-02 7.505299999999999472e-02 7.505299999999999472e-02 2.888933114835550570e-03
2.019699999999999968e-02 7.505299999999999472e-02 8.005400000000000016e-02 -1.489954379571266493e-03
2.019699999999999968e-02 8.005400000000000016e-02 8.005400000000000016e-02 -2.648389514486333435e-03
2.516699999999999840e-02 2.516699999999999840e-02 2.516699999999999840e-02 5.714062335368397770e-03
2.516699999999999840e-02 2.516699999999999840e-02 3.013700000000000059e-02 -4.473831700064539920e-04
2.516699999999999840e-02 2.516699999999999840e-02 3.511100000000000332e-02 8.708555347206700659e-03
2.516699999999999840e-02 2.516699999999999840e-02 4.009599999999999970e-02 6.920208429275956754e-04
2.516699999999999840e-02 2.516699999999999840e-02 4.509300000000000114e-02 2.402396766201317022e-03
2.516699999999999840e-02 2.516699999999999840e-02 5.009299999999999864e-02 -5.991317049284839574e-03
2.516699999999999840e-02 2.516699999999999840e-02 5.507800000000000196e-02 2.335456277163770397e-02
2.516699999999999840e-02 3.013700000000000059e-02 3.013700000000000059e-02 -5.128776082167131210e-04
2.516699999999999840e-02 3.013700000000000059e-02 3.511100000000000332e-02 6.248409555508235673e-03
2.516699999999999840e-02 3.013700000000000059e-02 4.009599999999999970e-02 1.039085083581401704e-02
2.516699999999999840e-02 3.013700000000000059e-02 4.509300000000000114e-02 1.610589770641890957e-03
2.516699999999999840e-02 3.013700000000000059e-02 5.009299999999999864e-02 1.963876666035623171e-03
2.516699999999999840e-02 3.013700000000000059e-02 5.507800000000000196e-02 1.188994758934554599e-02
2.516699999999999840e-02 3.013700000000000059e-02 6.006700000000000234e-02 -2.509047222865425694e-03
2.516699999999999840e-02 3.511100000000000332e-02 3.511100000000000332e-02 -1.898211120318216670e-03
2.516699999999999840e-02 3.511100000000000332e-02 4.009599999999999970e-02 8.979276765259161172e-03
2.516699999999999840e-02 3.511100000000000332e-02 4.509300000000000114e-02 7.697981424992233687e-03
2.516699999999999840e-02 3.511100000000000332e-02 5.009299999999999864e-02 1.231288038467881658e-02
2.516699999999999840e-02 3.511100000000000332e-02 5.507800000000000196e-02 7.261926294572305061e-03
2.516699999999999840e-02 3.511100000000000332e-02 6.006700000000000234e-02 1.224781470590927861e-03
2.516699999999999840e-02 3.511100000000000332e-02 6.505900000000000571e-02 -2.265692550712762945e-02
2.516699999999999840e-02 4.009599999999999970e-02 4.009599999999999970e-02 1.629516268888600225e-02
2.516699999999999840e-02 4.009599999999999970e-02 4.509300000000000114e-02 8.890947262805464629e-03
2.516699999999999840e-02 4.009599999999999970e-02 5.009299999999999864e-02 9.217457323267773742e-03
2.516699999999999840e-02 4.009599999999999970e-02 5.507800000000000196e-02 1.760333744376569058e-03
2.516699999999999840e-02 4.009599999999999970e-02 6.006700000000000234e-02 7.431231999047657050e-03
2.516699999999999840e-02 4.009599999999999970e-02 6.505900000000000571e-02 5.141186582928157847e-03
2.516699999999999840e-02 4.009599999999999970e-02 7.005400000000000515e-02 -1.954907328536467214e-03
2.516699999999999840e-02 4.509300000000000114e-02 4.509300000000000114e-02 1.419227635754402236e-02
2.516699999999999840e-02 4.509300000000000114e-02 5.009299999999999864e-02 6.538592731862285373e-03
2.516699999999999840e-02 4.509300000000000114e-02 5.507800000000000196e-02 -5.282846473927364263e-03
2.516699999999999840e-02 4.509300000000000114e-02 6.006700000000000234e-02 6.247641742564724945e-03
2.516699999999999840e-02 4.509300000000000114e-02 6.505900000000000571e-02 4.652337371875345934e-03
2.516699999999999840e-02 4.509300000000000114e-02 7.005400000000000515e-02 -2.149976981137678863e-04
2.516699999999999840e-02 4.509300000000000114e-02 7.505299999999999472e-02 3.094753843681488301e-02
2.516699999999999840e-02 5.009299999999999864e-02 5.009299999999999864e-02 6.503170293500567557e-03
2.516699999999999840e-02 5.009299999999999864e-02 5.507800000000000196e-02 6.544853557381976293e-03
2.516699999999999840e-02 5.009299999999999864e-02 6.006700000000000234e-02 2.486674638922345935e-03
2.516699999999999840e-02 5.009299999999999864e-02 6.505900000000000571e-02 5.373810611371193820e-03
2.516699999999999840e-02 5.009299999999999864e-02 7.005400000000000515e-02 2.019036305641112774e-03
2.516699999999999840e-02 5.009299999999999864e-02 7.505299999999999472e-02 3.551125784684471508e-03
2.516699999999999840e-02 5.009299999999999864e-02 8.005400000000000016e-02 3.708975734064487786e-03
2.516699999999999840e-02 5.507800000000000196e-02 5.507800000000000196e-02 -2.676732311550047722e-03
2.516699999999999840e-02 5.507800000000000196e-02 6.006700000000000234e-02 6.431139772682487000e-04
2.516699999999999840e-02 5.507800000000000196e-02 6.505900000000000571e-02 -3.464602125775409838e-03
2.516699999999999840e-02 5.507800000000000196e-02 7.005400000000000515e-02 8.535237390098937733e-04
2.516699999999999840e-02 5.507800000000000196e-02 7.505299999999999472e-02 3.697560960315244769e-03
2.516699999999999840e-02 5.507800000000000196e-02 8.005400000000000016e-02 8.680255963448860407e-04
2.516699999999999840e-02 6.006700000000000234e-02 6.006700000000000234e-02 6.526432225809831317e-03
2.516699999999999840e-02 6.006700000000000234e-02 6.505900000000000571e-02 1.125230080150589466e-04
2.516699999999999840e-02 6.006700000000000234e-02 7.005400000000000515e-02 7.674656152393862472e-03
2.516699999999999840e-02 6.006700000000000234e-02 7.505299999999999472e-02 9.221151857095113979e-03
2.516699999999999840e-02 6.006700000000000234e-02 8.005400000000000016e-02 1.746110008008854150e-03
2.516699999999999840e-02 6.505900000000000571e-02 6.505900000000000571e-02 2.149464567242616395e-03
2.516699999999999840e-02 6.505900000000000571e-02 7.005400000000000515e-02 3.320246891353460014e-03
2.516699999999999840e-02 6.505900000000000571e-02 7.505299999999999472e-02 2.528822278321081907e-03
2.516699999999999840e-02 6.505900000000000571e-02 8.005400000000000016e-02 4.656984911091358037e-03
2.516699999999999840e-02 7.005400000000000515e-02 7.005400000000000515e-02 -5.444803920791793303e-03
2.516699999999999840e-02 7.005400000000000515e-02 7.505299999999999472e-02 6.272202930701397186e-03
2.516699999999999840e-02 7.005400000000000515e-02 8.005400000000000016e-02 7.782036118155341402e-03
2.516699999999999840e-02 7.505299999999999472e-02 7.505299999999999472e-02 1.046438627678682176e-02
2.516699999999999840e-02 7.505299999999999472e-02 8.005400000000000016e-02 5.016006101572757954e-03
2.516699999999999840e-02 8.005400000000000016e-02 8.005400000000000016e-02 2.130655912584859856e-04
3.013700000000000059e-02 3.013700000000000059e-02 3.013700000000000059e-02 3.626826776693024227e-04
3.013700000000000059e-02 3.013700000000000059e-02 3.511100000000000332e-02 -1.095498310502334436e-03
3.013700000000000059e-02 3.013700000000000059e-02 4.009599999999999970e-02 -1.892228827351061498e-03
3.013700000000000059e-02 3.013700000000000059e-02 4.509300000000000114e-02 5.684200234652919854e-03
3.013700000000000059e-02 3.013700000000000059e-02 5.009299999999999864e-02 4.091989397838501595e-03
3.013700000000000059e-02 3.013700000000000059e-02 5.507800000000000196e-02 1.451592873280222601e-02
3.013700000000000059e-02 3.013700000000000059e-02 6.006700000000000234e-02 5.109380655530872811e-03
3.013700000000000059e-02 3.013700000000000059e-02 6.505900000000000571e-02 1.101299338413105379e-02
3.013700000000000059e-02 3.511100000000000332e-02 3.511100000000000332e-02 -1.123341580565790157e-02
3.013700000000000059e-02 3.511100000000000332e-02 4.009599999999999970e-02 9.870688288592173888e-04
3.013700000000000059e-02 3.511100000000000332e-02 4.509300000000000114e-02 -8.857204128502940959e-04
3.013700000000000059e-02 3.511100000000000332e-02 5.009299999999999864e-02 1.371332259398643470e-02
3.013700000000000059e-02 3.511100000000000332e-02 5.507800000000000196e-02 1.080924744446249038e-03
3.013700000000000059e-02 3.511100000000000332e-02 6.006700000000000234e-02 3.994696910292003939e-03
3.013700000000000059e-02 3.511100000000000332e-02 6.505900000000000571e-02 1.257052397907695981e-03
3.013700000000000059e-02 3.511100000000000332e-02 7.005400000000000515e-02 1.270938394673738932e-02
3.013700000000000059e-02 4.009599999999999970e-02 4.009599999999999970e-02 1.503961802073927254e-02
3.013700000000000059e-02 4.009599999999999970e-02 4.509300000000000114e-02 1.159174821073519213e-02
3.013700000000000059e-02 4.009599999999999970e-02 5.009299999999999864e-02 8.531579857822275959e-03
3.013700000000000059e-02 4.009599999999999970e-02 5.507800000000000196e-02 5.804554729192377450e-03
3.013700000000000059e-02 4.009599999999999970e-02 6.006700000000000234e-02 3.176142544131149714e-03
3.013700000000000059e-02 4.009599999999999970e-02 6.505900000000000571e-02 2.169000210915082629e-03
3.013700000000000059e-02 4.009599999999999970e-02 7.005400000000000515e-02 6.962271095274460107e-03
3.013700000000000059e-02 4.009599999999999970e-02 7.505299999999999472e-02 3.342427563945956498e-02
3.013700000000000059e-02 4.509300000000000114e-02 4.509300000000000114e-02 2.445393927712426543e-03
3.013700000000000059e-02 4.509300000000000114e-02 5.009299999999999864e-02 -4.506368754620028970e-03
3.013700000000000059e-02 4.509300000000000114e-02 5.507800000000000196e-02 5.875171491875029635e-03
3.013700000000000059e-02 4.509300000000000114e-02 6.006700000000000234e-02 5.003632918487993173e-03
3.013700000000000059e-02 4.509300000000000114e-02 6.505900000000000571e-02 1.500998799400597933e-03
3.013700000000000059e-02 4.509300000000000114e-02 7.005400000000000515e-02 5.988444026173184165e-03
3.013700000000000059e-02 4.509300000000000114e-02 7.505299999999999472e-02 1.228414280938754273e-02
3.013700000000000059e-02 4.509300000000000114e-02 8.005400000000000016e-02 2.014558784491812804e-02
3.013700000000000059e-02 5.009299999999999864e-02 5.009299999999999864e-02 -1.523340136569417214e-03
3.013700000000000059e-02 5.009299999999999864e-02 5.507800000000000196e-02 3.185761159339800096e-03
3.013700000000000059e-02 5.009299999999999864e-02 6.006700000000000234e-02 5.260460322365849949e-04
3.013700000000000059e-02 5.009299999999999864e-02 6.505900000000000571e-02 -5.085500051691090387e-04
3.013700000000000059e-02 5.009299999999999864e-02 7.005400000000000515e-02 4.996947592884817477e-03
3.013700000000000059e-02 5.009299999999999864e-02 7.505299999999999472e-02 3.524557942724789502e-03
3.013700000000000059e-02 5.009299999999999864e-02 8.005400000000000016e-02 2.531640572784785680e-03
3.013700000000000059e-02 5.507800000000000196e-02 5.507800000000000196e-02 -8.086534534927001389e-03
3.013700000000000059e-02 5.507800000000000196e-02 6.006700000000000234e-02 1.114853789904410178e-03
3.013700000000000059e-02 5.507800000000000196e-02 6.505900000000000571e-02 4.882932390719525728e-03
3.013700000000000059e-02 5.507800000000000196e-02 7.005400000000000515e-02 -6.159329730153996138e-03
3.013700000000000059e-02 5.507800000000000196e-02 7.505299999999999472e-02 7.188924020066560575e-03
3.013700000000000059e-02 5.507800000000000196e-02 8.005400000000000016e-02 -1.065045881143823845e-03
3.013700000000000059e-02 6.006700000000000234e-02 6.006700000000000234e-02 5.885672551691409349e-04
3.013700000000000059e-02 6.006700000000000234e-02 6.505900000000000571e-02 -1.167366223866713555e-03
3.013700000000000059e-02 6.006700000000000234e-02 7.005400000000000515e-02 1.592518006695980374e-03
3.013700000000000059e-02 6.006700000000000234e-02 7.505299999999999472e-02 3.642604077761149757e-03
3.013700000000000059e-02 6.006700000000000234e-02 8.005400000000000016e-02 5.821823248129730580e-03
3.013700000000000059e-02 6.505900000000000571e-02 6.505900000000000571e-02 -6.297496727204528015e-03
3.013700000000000059e-02 6.505900000000000571e-02 7.005400000000000515e-02 5.840582898184773063e-04
3.013700000000000059e-02 6.505900000000000571e-02 7.505299999999999472e-02 -5.749512793314506343e-04
3.013700000000000059e-02 6.505900000000000571e-02 8.005400000000000016e-02 -1.462145869277034450e-03
3.013700000000000059e-02 7.005400000000000515e-02 7.005400000000000515e-02 -3.291750336722618943e-03
3.013700000000000059e-02 7.005400000000000515e-02 7.505299999999999472e-02 -1.964505027366217869e-03
3.013700000000000059e-02 7.005400000000000515e-02 8.005400000000000016e-02 -1.122352457739153727e-03
3.013700000000000059e-02 7.505299999999999472e-02 7.505299999999999472e-02 5.751930198009091479e-03
3.013700000000000059e-02 7.505299999999999472e-02 8.005400000000000016e-02 3.460159493526558140e-03
3.013700000000000059e-02 8.005400000000000016e-02 8.005400000000000016e-02 -1.744941303250157911e-03
3.511100000000000332e-02 3.511100000000000332e-02 3.511100000000000332e-02 -6.085196294630871097e-03
3.511100000000000332e-02 3.511100000000000332e-02 4.009599999999999970e-02 8.076209221321762124e-03
3.511100000000000332e-02 3.511100000000000332e-02 4.509300000000000114e-02 -8.702793092102891620e-04
3.511100000000000332e-02 3.511100000000000332e-02 5.009299999999999864e-02 -7.733333238321482344e-04
3.511100000000000332e-02 3.511100000000000332e-02 5.507800000000000196e-02 4.259720306684056448e-03
3.511100000000000332e-02 3.511100000000000332e-02 6.006700000000000234e-02 7.925714370114946006e-03
3.511100000000000332e-02 3.511100000000000332e-02 6.505900000000000571e-02 -3.729293033117894989e-03
3.511100000000000332e-02 3.511100000000000332e-02 7.005400000000000515e-02 2.656831982318020452e-03
3.511100000000000332e-02 3.511100000000000332e-02 7.505299999999999472e-02 -2.263590632540195963e-02
3.511100000000000332e-02 4.009599999999999970e-02 4.009599999999999970e-02 1.085065097191875369e-02
3.511100000000000332e-02 4.009599999999999970e-02 4.509300000000000114e-02 3.698486451040243744e-03
3.511100000000000332e-02 4.009599999999999970e-02 5.009299999999999864e-02 3.140734858428292486e-03
3.511100000000000332e-02 4.009599999999999970e-02 5.507800000000000196e-02 -1.036723717701024724e-03
3.511100000000000332e-02 4.009599999999999970e-02 6.006700000000000234e-02 -1.265861445633587826e-03
3.511100000000000332e-02 4.009599999999999970e-02 6.505900000000000571e-02 -2.985831047633202926e-03
3.511100000000000332e-02 4.009599999999999970e-02 7.005400000000000515e-02 2.112532893667092449e-03
3.511100000000000332e-02 4.009599999999999970e-02 7.505299999999999472e-02 3.345092979737139972e-03
3.511100000000000332e-02 4.009599999999999970e-02 8.005400000000000016e-02 3.835926360736461021e-03
3.511100000000000332e-02 4.509300000000000114e-02 4.509300000000000114e-02 1.015192099010448802e-02
3.511100000000000332e-02 4.509300000000000114e-02 5.009299999999999864e-02 -6.984632087297118025e-06
3.511100000000000332e-02 4.509300000000000114e-02 5.507800000000000196e-02 6.259274629016112201e-03
3.511100000000000332e-02 4.509300000000000114e-02 6.006700000000000234e-02 1.157424169699569454e-02
3.511100000000000332e-02 4.509300000000000114e-02 6.505900000000000571e-02 -1.901376859825752458e-03
3.511100000000000332e-02 4.509300000000000114e-02 7.005400000000000515e-02 3.871957040915934792e-03
3.511100000000000332e-02 4.509300000000000114e-02 7.505299999999999472e-02 6.822088451887398618e-03
3.511100000000000332e-02 4.509300000000000114e-02 8.005400000000000016e-02 1.493037786916318358e-03
3.511100000000000332e-02 5.009299999999999864e-02 5.009299999999999864e-02 -3.181406574864085925e-03
3.511100000000000332e-02 5.009299999999999864e-02 5.507800000000000196e-02 5.154046128817585740e-03
3.511100000000000332e-02 5.009299999999999864e-02 6.006700000000000234e-02 6.223889470038173125e-03
3.511100000000000332e-02 5.009299999999999864e-02 6.505900000000000571e-02 2.240370895384332425e-03
3.511100000000000332e-02 5.009299999999999864e-02 7.005400000000000515e-02 1.903031284808572845e-04
3.511100000000000332e-02 5.009299999999999864e-02 7.505299999999999472e-02 -9.529117323484888975e-04
3.511100000000000332e-02 5.009299999999999864e-02 8.005400000000000016e-02 2.118114019771576102e-05
3.511100000000000332e-02 5.507800000000000196e-02 5.507800000000000196e-02 4.550005700203740670e-03
3.511100000000000332e-02 5.507800000000000196e-02 6.006700000000000234e-02 5.072651667480236951e-03
3.511100000000000332e-02 5.507800000000000196e-02 6.505900000000000571e-02 3.317449317543459068e-03
3.511100000000000332e-02 5.507800000000000196e-02 7.005400000000000515e-02 1.786011210619595658e-03
3.511100000000000332e-02 5.507800000000000196e-02 7.505299999999999472e-02 1.688865646535000998e-03
3.511100000000000332e-02 5.507800000000000196e-02 8.005400000000000016e-02 1.837659852263761901e-03
3.511100000000000332e-02 6.006700000000000234e-02 6.006700000000000234e-02 -1.535787454653049630e-03
3.511100000000000332e-02 6.006700000000000234e-02 6.505900000000000571e-02 6.532510490981494663e-04
3.511100000000000332e-02 6.006700000000000234e-02 7.005400000000000515e-02 -5.657714664739977792e-03
3.511100000000000332e-02 6.006700000000000234e-02 7.505299999999999472e-02 -2.592608353545427895e-03
3.511100000000000332e-02 6.006700000000000234e-02 8.005400000000000016e-02 3.239373489841425053e-03
3.511100000000000332e-02 6.505900000000000571e-02 6.505900000000000571e-02 1.037782895185530851e-02
3.511100000000000332e-02 6.505900000000000571e-02 7.005400000000000515e-02 -7.464812757616192795e-04
3.511100000000000332e-02 6.505900000000000571e-02 7.505299999999999472e-02 2.944145363619861660e-03
3.511100000000000332e-02 6.505900000000000571e-02 8.005400000000000016e-02 1.999486444578786951e-03
3.511100000000000332e-02 7.005400000000000515e-02 7.005400000000000515e-02 -5.208514702348489289e-03
3.511100000000000332e-02 7.005400000000000515e-02 7.505299999999999472e-02 -4.932289125439764770e-03
3.511100000000000332e-02 7.005400000000000515e-02 8.005400000000000016e-02 -4.987146823738751282e-03
3.511100000000000332e-02 7.505299999999999472e-02 7.505299999999999472e-02 8.647406153746350563e-04
3.511100000000000332e-02 7.505299999999999472e-02 8.005400000000000016e-02 3.398393087879984092e-04
3.511100000000000332e-02 8.005400000000000016e-02 8.005400000000000016e-02 2.029316376889809051e-03
4.009599999999999970e-02 4.009599999999999970e-02 4.009599999999999970e-02 4.122792723352614909e-03
4.009599999999999970e-02 4.009599999999999970e-02 4.509300000000000114e-02 1.316421395091553308e-02
4.009599999999999970e-02 4.009599999999999970e-02 5.009299999999999864e-02 3.269766692463370403e-03
4.009599999999999970e-02 4.009599999999999970e-02 5.507800000000000196e-02 -3.435541646965812809e-03
4.009599999999999970e-02 4.009599999999999970e-02 6.006700000000000234e-02 -2.883841779785021545e-03
4.009599999999999970e-02 4.009599999999999970e-02 6.505900000000000571e-02 6.164050001119369265e-03
4.009599999999999970e-02 4.009599999999999970e-02 7.005400000000000515e-02 6.262179295125682235e-03
4.009599999999999970e-02 4.009599999999999970e-02 7.505299999999999472e-02 2.242405665167934020e-03
4.009599999999999970e-02 4.009599999999999970e-02 8.005400000000000016e-02 5.296393387154704931e-03
4.009599999999999970e-02 4.509300000000000114e-02 4.509300000000000114e-02 1.255309711471954554e-02
4.009599999999999970e-02 4.509300000000000114e-02 5.009299999999999864e-02 6.905638347657833478e-03
4.009599999999999970e-02 4.509300000000000114e-02 5.507800000000000196e-02 -2.174277087652030233e-03
4.009599999999999970e-02 4.509300000000000114e-02 6.006700000000000234e-02 -1.463305284156594553e-03
4.009599999999999970e-02 4.509300000000000114e-02 6.505900000000000571e-02 1.063756738226838286e-03
4.009599999999999970e-02 4.509300000000000114e-02 7.005400000000000515e-02 -1.970164418925515748e-03
4.009599999999999970e-02 4.509300000000000114e-02 7.505299999999999472e-02 2.775425180596278150e-03
4.009599999999999970e-02 4.509300000000000114e-02 8.005400000000000016e-02 7.592630346804569823e-03
4.009599999999999970e-02 5.009299999999999864e-02 5.009299999999999864e-02 4.437610727056207592e-03
4.009599999999999970e-02 5.009299999999999864e-02 5.507800000000000196e-02 8.752175631317624105e-03
4.009599999999999970e-02 5.009299999999999864e-02 6.006700000000000234e-02 3.488205622102061136e-03
4.009599999999999970e-02 5.009299999999999864e-02 6.505900000000000571e-02 5.541468680036707416e-03
4.009599999999999970e-02 5.009299999999999864e-02 7.005400000000000515e-02 1.666563771985490102e-03
4.009599999999999970e-02 5.009299999999999864e-02 7.505299999999999472e-02 1.695892560494996829e-03
4.009599999999999970e-02 5.009299999999999864e-02 8.005400000000000016e-02 3.949421090547692442e-03
4.009599999999999970e-02 5.507800000000000196e-02 5.507800000000000196e-02 7.825786511037022969e-03
4.009599999999999970e-02 5.507800000000000196e-02 6.006700000000000234e-02 6.586733432855931651e-03
4.009599999999999970e-02 5.507800000000000196e-02 6.505900000000000571e-02 7.268440984795800607e-03
4.009599999999999970e-02 5.507800000000000196e-02 7.005400000000000515e-02 4.250731755957744967e-03
4.009599999999999970e-02 5.507800000000000196e-02 7.505299999999999472e-02 5.838973100782453469e-03
4.009599999999999970e-02 5.507800000000000196e-02 8.005400000000000016e-02 2.078433578452180443e-03
4.009599999999999970e-02 6.006700000000000234e-02 6.006700000000000234e-02 4.139023415390965036e-03
4.009599999999999970e-02 6.006700000000000234e-02 6.505900000000000571e-02 2.136620518954952027e-03
4.009599999999999970e-02 6.006700000000000234e-02 7.005400000000000515e-02 2.265013590561763736e-03
4.009599999999999970e-02 6.006700000000000234e-02 7.505299999999999472e-02 6.614087007553992419e-03
4.009599999999999970e-02 6.006700000000000234e-02 8.005400000000000016e-02 4.741568745562673923e-03
4.009599999999999970e-02 6.505900000000000571e-02 6.505900000000000571e-02 1.408628915144001254e-03
4.009599999999999970e-02 6.505900000000000571e-02 7.005400000000000515e-02 1.895277417074222931e-03
4.009599999999999970e-02 6.505900000000000571e-02 7.505299999999999472e-02 3.493540609835604598e-03
4.009599999999999970e-02 6.505900000000000571e-02 8.005400000000000016e-02 3.286549235688243517e-05
4.009599999999999970e-02 7.005400000000000515e-02 7.005400000000000515e-02 2.741270857654219857e-03
4.009599999999999970e-02 7.005400000000000515e-02 7.505299999999999472e-02 2.824566233947430581e-03
4.009599999999999970e-02 7.005400000000000515e-02 8.005400000000000016e-02 1.075184718520348333e-03
4.009599999999999970e-02 7.505299999999999472e-02 7.505299999999999472e-02 1.045920393064332134e-02
4.009599999999999970e-02 7.505299999999999472e-02 8.005400000000000016e-02 -2.736180815079967919e-05
4.009599999999999970e-02 8.005400000000000016e-02 8.005400000000000016e-02 -7.912989497809211868e-04
4.509300000000000114e-02 4.509300000000000114e-02 4.509300000000000114e-02 1.948861274045659425e-02
4.509300000000000114e-02 4.509300000000000114e-02 5.009299999999999864e-02 9.765376669326471942e-03
4.509300000000000114e-02 4.509300000000000114e-02 5.507800000000000196e-02 -3.228918457845364378e-03
4.509300000000000114e-02 4.509300000000000114e-02 6.006700000000000234e-02 -3.420595132197789840e-03
4.509300000000000114e-02 4.509300000000000114e-02 6.505900000000000571e-02 1.737528210727209022e-03
4.509300000000000114e-02 4.509300000000000114e-02 7.005400000000000515e-02 3.727559175989739789e-03
4.509300000000000114e-02 4.509300000000000114e-02 7.505299999999999472e-02 1.094805832409713638e-02
4.509300000000000114e-02 4.509300000000000114e-02 8.005400000000000016e-02 -1.477493016069034420e-03
4.509300000000000114e-02 5.009299999999999864e-02 5.009299999999999864e-02 7.317488273404314410e-03
4.509300000000000114e-02 5.009299999999999864e-02 5.507800000000000196e-02 3.034436426613832533e-03
4.509300000000000114e-02 5.009299999999999864e-02 6.006700000000000234e-02 5.274372944718057517e-03
4.509300000000000114e-02 5.009299999999999864e-02 6.505900000000000571e-02 8.293199818970522922e-04
4.509300000000000114e-02 5.009299999999999864e-02 7.005400000000000515e-02 -1.496385337884313226e-03
4.509300000000000114e-02 5.009299999999999864e-02 7.505299999999999472e-02 4.617747848618720605e-03
4.509300000000000114e-02 5.009299999999999864e-02 8.005400000000000016e-02 3.978093765782187048e-03
4.509300000000000114e-02 5.507800000000000196e-02 5.507800000000000196e-02 8.604337106652464734e-03
4.509300000000000114e-02 5.507800000000000196e-02 6.006700000000000234e-02 8.870038350764428148e-03
4.509300000000000114e-02 5.507800000000000196e-02 6.505900000000000571e-02 -3.950148043029364908e-04
4.509300000000000114e-02 5.507800000000000196e-02 7.005400000000000515e-02 8.271105990634849492e-04
4.509300000000000114e-02 5.507800000000000196e-02 7.505299999999999472e-02 -2.254683038969557563e-03
4.509300000000000114e-02 5.507800000000000196e-02 8.005400000000000016e-02 5.517673772102912703e-03
4.509300000000000114e-02 6.006700000000000234e-02 6.006700000000000234e-02 9.721654677569269501e-03
4.509300000000000114e-02 6.006700000000000234e-02 6.505900000000000571e-02 6.312697857599579819e-03
4.509300000000000114e-02 6.006700000000000234e-02 7.005400000000000515e-02 2.259779661702306618e-03
4.509300000000000114e-02 6.006700000000000234e-02 7.505299999999999472e-02 3.234027569123362148e-03
4.509300000000000114e-02 6.006700000000000234e-02 8.005400000000000016e-02 -4.526242793972631872e-04
4.509300000000000114e-02 6.505900000000000571e-02 6.505900000000000571e-02 1.035224168652763496e-02
4.509300000000000114e-02 6.505900000000000571e-02 7.005400000000000515e-02 -2.043438508300451765e-04
4.509300000000000114e-02 6.505900000000000571e-02 7.505299999999999472e-02 7.103516260430972618e-03
4.509300000000000114e-02 6.505900000000000571e-02 8.005400000000000016e-02 5.200333806460034729e-03
4.509300000000000114e-02 7.005400000000000515e-02 7.005400000000000515e-02 7.218873021743660474e-03
4.509300000000000114e-02 7.005400000000000515e-02 7.505299999999999472e-02 2.473517348071735660e-03
4.509300000000000114e-02 7.005400000000000515e-02 8.005400000000000016e-02 5.078071002404806146e-04
4.509300000000000114e-02 7.505299999999999472e-02 7.505299999999999472e-02 5.390905584859574488e-03
4.509300000000000114e-02 7.505299999999999472e-02 8.005400000000000016e-02 2.245291005601710889e-03
4.509300000000000114e-02 8.005400000000000016e-02 8.005400000000000016e-02 -5.776412366503184221e-04
5.009299999999999864e-02 5.009299999999999864e-02 5.009299999999999864e-02 -3.265983780545233996e-03
5.009299999999999864e-02 5.009299999999999864e-02 5.507800000000000196e-02 -6.142313775603708802e-03
5.009299999999999864e-02 5.009299999999999864e-02 6.006700000000000234e-02 -3.377997238102838865e-03
5.009299999999999864e-02 5.009299999999999864e-02 6.505900000000000571e-02 -8.953153953523985617e-03
5.009299999999999864e-02 5.009299999999999864e-02 7.005400000000000515e-02 -3.740449096263194322e-03
5.009299999999999864e-02 5.009299999999999864e-02 7.505299999999999472e-02 -2.800209723807990008e-04
5.009299999999999864e-02 5.009299999999999864e-02 8.005400000000000016e-02 -9.101733407362491701e-03
5.009299999999999864e-02 5.507800000000000196e-02 5.507800000000000196e-02 2.221958533188066621e-03
5.009299999999999864e-02 5.507800000000000196e-02 6.006700000000000234e-02 4.722759311140900464e-04
5.009299999999999864e-02 5.507800000000000196e-02 6.505900000000000571e-02 1.187624677502764365e-03
5.009299999999999864e-02 5.507800000000000196e-02 7.005400000000000515e-02 3.492905766075859141e-03
5.009299999999999864e-02 5.507800000000000196e-02 7.505299999999999472e-02 -3.849483238219149599e-03
5.009299999999999864e-02 5.507800000000000196e-02 8.005400000000000016e-02 1.946677095349273355e-03
5.009299999999999864e-02 6.006700000000000234e-02 6.006700000000000234e-02 -1.557162736177998509e-03
5.009299999999999864e-02 6.006700000000000234e-02 6.505900000000000571e-02 1.885165046035685091e-03
5.009299999999999864e-02 6.006700000000000234e-02 7.005400000000000515e-02 3.460580847006650466e-04
5.009299999999999864e-02 6.006700000000000234e-02 7.505299999999999472e-02 7.903696778359070542e-04
5.009299999999999864e-02 6.006700000000000234e-02 8.005400000000000016e-02 -1.794918806461644808e-03
5.009299999999999864e-02 6.505900000000000571e-02 6.505900000000000571e-02 -3.163267655352739946e-03
5.009299999999999864e-02 6.505900000000000571e-02 7.005400000000000515e-02 5.229932695503410577e-03
5.009299999999999864e-02 6.505900000000000571e-02 7.505299999999999472e-02 -7.584935694967432241e-04
5.009299999999999864e-02 6.505900000000000571e-02 8.005400000000000016e-02 3.422355300273639909e-03
5.009299999999999864e-02 7.005400000000000515e-02 7.005400000000000515e-02 -4.059407826531689564e-03
5.009299999999999864e-02 7.005400000000000515e-02 7.505299999999999472e-02 -4.690021488798989946e-03
5.009299999999999864e-02 7.005400000000000515e-02 8.005400000000000016e-02 -1.088076443048631090e-03
5.009299999999999864e-02 7.505299999999999472e-02 7.505299999999999472e-02 4.962780203409267047e-04
5.009299999999999864e-02 7.505299999999999472e-02 8.005400000000000016e-02 -1.535218975783073786e-03
5.009299999999999864e-02 8.005400000000000016e-02 8.005400000000000016e-02 2.624851296068712175e-03
5.507800000000000196e-02 5.507800000000000196e-02 5.507800000000000196e-02 9.694238016590077389e-03
5.507800000000000196e-02 5.507800000000000196e-02 6.006700000000000234e-02 5.876201877203525263e-03
5.507800000000000196e-02 5.507800000000000196e-02 6.505900000000000571e-02 6.243830898320489736e-03
5.507800000000000196e-02 5.507800000000000196e-02 7.005400000000000515e-02 1.847787322078065647e-03
5.507800000000000196e-02 5.507800000000000196e-02 7.505299999999999472e-02 1.361582746885345091e-03
5.507800000000000196e-02 5.507800000000000196e-02 8.005400000000000016e-02 -1.106830776880682234e-03
5.507800000000000196e-02 6.006700000000000234e-02 6.006700000000000234e-02 1.123719787380467877e-02
5.507800000000000196e-02 6.006700000000000234e-02 6.505900000000000571e-02 3.038128141312801704e-04
5.507800000000000196e-02 6.006700000000000234e-02 7.005400000000000515e-02 3.067560196469631354e-03
5.507800000000000196e-02 6.006700000000000234e-02 7.505299999999999472e-02 3.102530504162082786e-03
5.507800000000000196e-02 6.006700000000000234e-02 8.005400000000000016e-02 2.757152788658900032e-03
5.507800000000000196e-02 6.505900000000000571e-02 6.505900000000000571e-02 2.035399818808295274e-03
5.507800000000000196e-02 6.505900000000000571e-02 7.005400000000000515e-02 2.773939333975605857e-03
5.507800000000000196e-02 6.505900000000000571e-02 7.505299999999999472e-02 1.110347018324569997e-04
5.507800000000000196e-02 6.505900000000000571e-02 8.005400000000000016e-02 -3.060367696238974929e-03
5.507800000000000196e-02 7.005400000000000515e-02 7.005400000000000515e-02 4.045168853246401512e-03
5.507800000000000196e-02 7.005400000000000515e-02 7.505299999999999472e-02 3.724360258492525580e-04
5.507800000000000196e-02 7.005400000000000515e-02 8.005400000000000016e-02 -4.382211112536277069e-04
5.507800000000000196e-02 7.505299999999999472e-02 7.505299999999999472e-02 -3.398653006606729664e-03
5.507800000000000196e-02 7.505299999999999472e-02 8.005400000000000016e-02 1.359481611738545728e-03
5.507800000000000196e-02 8.005400000000000016e-02 8.005400000000000016e-02 5.999310232317139370e-03
6.006700000000000234e-02 6.006700000000000234e-02 6.006700000000000234e-02 9.519019106269061350e-03
6.006700000000000234e-02 6.006700000000000234e-02 6.505900000000000571e-02 4.267148006933190255e-03
6.006700000000000234e-02 6.006700000000000234e-02 7.005400000000000515e-02 -2.626497955198403220e-03
6.006700000000000234e-02 6.006700000000000234e-02 7.505299999999999472e-02 5.527480503493274397e-03
6.006700000000000234e-02 6.006700000000000234e-02 8.005400000000000016e-02 8.885572646457090985e-04
6.006700000000000234e-02 6.505900000000000571e-02 6.505900000000000571e-02 5.294976922197314889e-03
6.006700000000000234e-02 6.505900000000000571e-02 7.005400000000000515e-02 -1.266946108533944116e-03
6.006700000000000234e-02 6.505900000000000571e-02 7.505299999999999472e-02 1.759524888896233687e-03
6.006700000000000234e-02 6.505900000000000571e-02 8.005400000000000016e-02 -3.222274351780208602e-05
6.006700000000000234e-02 7.005400000000000515e-02 7.005400000000000515e-02 1.409858813312878361e-03
6.006700000000000234e-02 7.005400000000000515e-02 7.505299999999999472e-02 1.072483240028901863e-03
6.006700000000000234e-02 7.005400000000000515e-02 8.005400000000000016e-02 2.727557130406479263e-03
6.006700000000000234e-02 7.505299999999999472e-02 7.505299999999999472e-02 4.867615291995271327e-03
6.006700000000000234e-02 7.505299999999999472e-02 8.005400000000000016e-02 7.770568812980382717e-04
6.006700000000000234e-02 8.005400000000000016e-02 8.005400000000000016e-02 -8.281943847766981125e-04
6.505900000000000571e-02 6.505900000000000571e-02 6.505900000000000571e-02 5.636571540714063744e-03
6.505900000000000571e-02 6.505900000000000571e-02 7.005400000000000515e-02 -1.683164079656832577e-03
6.505900000000000571e-02 6.505900000000000571e-02 7.505299999999999472e-02 -2.237567813100982579e-03
6.505900000000000571e-02 6.505900000000000571e-02 8.005400000000000016e-02 -2.089401785513279701e-03
6.505900000000000571e-02 7.005400000000000515e-02 7.005400000000000515e-02 4.112869244310178758e-03
6.505900000000000571e-02 7.005400000000000515e-02 7.505299999999999472e-02 -5.438401270296597430e-03
6.505900000000000571e-02 7.005400000000000515e-02 8.005400000000000016e-02 -5.785054814581678563e-03
6.505900000000000571e-02 7.505299999999999472e-02 7.505299999999999472e-02 -8.951587504148168306e-04
6.505900000000000571e-02 7.505299999999999472e-02 8.005400000000000016e-02 -6.784904514627281133e-04
6.505900000000000571e-02 8.005400000000000016e-02 8.005400000000000016e-02 5.451998593694418714e-03
7.005400000000000515e-02 7.005400000000000515e-02 7.005400000000000515e-02 1.573115128842613938e-02
7.005400000000000515e-02 7.005400000000000515e-02 7.505299999999999472e-02 5.270466440537677211e-03
7.005400000000000515e-02 7.005400000000000515e-02 8.005400000000000016e-02 2.478096633464647001e-03
7.005400000000000515e-02 7.505299999999999472e-02 7.505299999999999472e-02 5.569014721241669422e-03
7.005400000000000515e-02 7.505299999999999472e-02 8.005400000000000016e-02 3.253789991077926311e-03
7.005400000000000515e-02 8.005400000000000016e-02 8.005400000000000016e-02 6.255668020196758147e-03
7.505299999999999472e-02 7.505299999999999472e-02 7.505299999999999472e-02 3.563573663882717030e-03
7.505299999999999472e-02 7.505299999999999472e-02 8.005400000000000016e-02 1.319887699819465238e-03
