# Bispectrum RIC correction for sample NGC and SN subtraction False 
#  k1_eff k2_eff k3_eff Wk_ric
5.738000000000000045e-03 5.738000000000000045e-03 5.738000000000000045e-03 1.182128436728911103e+00
5.738000000000000045e-03 5.738000000000000045e-03 1.037300000000000028e-02 -1.263353965289795988e-01
5.738000000000000045e-03 5.738000000000000045e-03 1.525999999999999926e-02 -1.286348539510847877e-01
5.738000000000000045e-03 1.037300000000000028e-02 1.037300000000000028e-02 2.513487233424306355e-01
5.738000000000000045e-03 1.037300000000000028e-02 1.525999999999999926e-02 -3.812536726779446679e-04
5.738000000000000045e-03 1.037300000000000028e-02 2.019699999999999968e-02 -6.172955635918592893e-02
5.738000000000000045e-03 1.525999999999999926e-02 1.525999999999999926e-02 3.509484230271724958e-01
5.738000000000000045e-03 1.525999999999999926e-02 2.019699999999999968e-02 -4.166536372700341273e-03
5.738000000000000045e-03 1.525999999999999926e-02 2.516699999999999840e-02 -3.590732541633846753e-02
5.738000000000000045e-03 2.019699999999999968e-02 2.019699999999999968e-02 3.236847711754418655e-01
5.738000000000000045e-03 2.019699999999999968e-02 2.516699999999999840e-02 -1.003596706636347545e-04
5.738000000000000045e-03 2.019699999999999968e-02 3.013700000000000059e-02 -3.368504063475727395e-02
5.738000000000000045e-03 2.516699999999999840e-02 2.516699999999999840e-02 2.423707793897094398e-01
5.738000000000000045e-03 2.516699999999999840e-02 3.013700000000000059e-02 -2.156292824398661767e-02
5.738000000000000045e-03 2.516699999999999840e-02 3.511100000000000332e-02 -7.398316312556459107e-02
5.738000000000000045e-03 3.013700000000000059e-02 3.013700000000000059e-02 3.051228059962617367e-01
5.738000000000000045e-03 3.013700000000000059e-02 3.511100000000000332e-02 -1.239274516210736587e-02
5.738000000000000045e-03 3.013700000000000059e-02 4.009599999999999970e-02 -7.767014668294007496e-02
5.738000000000000045e-03 3.511100000000000332e-02 3.511100000000000332e-02 2.919741708569123517e-01
5.738000000000000045e-03 3.511100000000000332e-02 4.009599999999999970e-02 -2.463195777975361184e-02
5.738000000000000045e-03 3.511100000000000332e-02 4.509300000000000114e-02 -5.493843163163163873e-02
5.738000000000000045e-03 4.009599999999999970e-02 4.009599999999999970e-02 2.765526252832480880e-01
5.738000000000000045e-03 4.009599999999999970e-02 4.509300000000000114e-02 -2.793766372221630906e-02
5.738000000000000045e-03 4.009599999999999970e-02 5.009299999999999864e-02 -5.279781400671509917e-02
5.738000000000000045e-03 4.509300000000000114e-02 4.509300000000000114e-02 2.658531431530425926e-01
5.738000000000000045e-03 4.509300000000000114e-02 5.009299999999999864e-02 -2.740487165453217924e-02
5.738000000000000045e-03 4.509300000000000114e-02 5.507800000000000196e-02 -2.742952247467227850e-02
5.738000000000000045e-03 5.009299999999999864e-02 5.009299999999999864e-02 2.833766936231194578e-01
5.738000000000000045e-03 5.009299999999999864e-02 5.507800000000000196e-02 -3.184822627440121040e-02
5.738000000000000045e-03 5.009299999999999864e-02 6.006700000000000234e-02 -8.302726469461474412e-02
5.738000000000000045e-03 5.507800000000000196e-02 5.507800000000000196e-02 2.717616770897474110e-01
5.738000000000000045e-03 5.507800000000000196e-02 6.006700000000000234e-02 -4.147251717811462068e-02
5.738000000000000045e-03 5.507800000000000196e-02 6.505900000000000571e-02 -4.650877209552237157e-02
5.738000000000000045e-03 6.006700000000000234e-02 6.006700000000000234e-02 2.772851186810126323e-01
5.738000000000000045e-03 6.006700000000000234e-02 6.505900000000000571e-02 -4.577499870265372417e-02
5.738000000000000045e-03 6.006700000000000234e-02 7.005400000000000515e-02 -6.153052835827087230e-02
5.738000000000000045e-03 6.505900000000000571e-02 6.505900000000000571e-02 2.727984430448054387e-01
5.738000000000000045e-03 6.505900000000000571e-02 7.005400000000000515e-02 -4.577002784246179956e-02
5.738000000000000045e-03 6.505900000000000571e-02 7.505299999999999472e-02 -6.785034595659188150e-02
5.738000000000000045e-03 7.005400000000000515e-02 7.005400000000000515e-02 2.608001110761352659e-01
5.738000000000000045e-03 7.005400000000000515e-02 7.505299999999999472e-02 -3.933138201395729172e-02
5.738000000000000045e-03 7.005400000000000515e-02 8.005400000000000016e-02 -6.928570996387575787e-02
5.738000000000000045e-03 7.505299999999999472e-02 7.505299999999999472e-02 2.667854873806684846e-01
5.738000000000000045e-03 7.505299999999999472e-02 8.005400000000000016e-02 -4.670645729242189903e-02
5.738000000000000045e-03 8.005400000000000016e-02 8.005400000000000016e-02 2.491615686979611055e-01
1.037300000000000028e-02 1.037300000000000028e-02 1.037300000000000028e-02 -2.106822160727139445e-02
1.037300000000000028e-02 1.037300000000000028e-02 1.525999999999999926e-02 1.487687559647561317e-02
1.037300000000000028e-02 1.037300000000000028e-02 2.019699999999999968e-02 7.897153297976292063e-02
1.037300000000000028e-02 1.037300000000000028e-02 2.516699999999999840e-02 -4.898857814491957424e-02
1.037300000000000028e-02 1.525999999999999926e-02 1.525999999999999926e-02 2.303474387261370687e-02
1.037300000000000028e-02 1.525999999999999926e-02 2.019699999999999968e-02 2.261053624912348278e-02
1.037300000000000028e-02 1.525999999999999926e-02 2.516699999999999840e-02 2.042162816077743720e-02
1.037300000000000028e-02 1.525999999999999926e-02 3.013700000000000059e-02 -3.157808115513218578e-02
1.037300000000000028e-02 2.019699999999999968e-02 2.019699999999999968e-02 2.332556433008021665e-02
1.037300000000000028e-02 2.019699999999999968e-02 2.516699999999999840e-02 3.193837213422184157e-02
1.037300000000000028e-02 2.019699999999999968e-02 3.013700000000000059e-02 1.180872623531709423e-02
1.037300000000000028e-02 2.019699999999999968e-02 3.511100000000000332e-02 2.781553821402267361e-03
1.037300000000000028e-02 2.516699999999999840e-02 2.516699999999999840e-02 2.380833253964901100e-02
1.037300000000000028e-02 2.516699999999999840e-02 3.013700000000000059e-02 6.741234712016593716e-03
1.037300000000000028e-02 2.516699999999999840e-02 3.511100000000000332e-02 1.783017972398376338e-02
1.037300000000000028e-02 2.516699999999999840e-02 4.009599999999999970e-02 -9.049870412669963962e-03
1.037300000000000028e-02 3.013700000000000059e-02 3.013700000000000059e-02 2.007874148532472550e-02
1.037300000000000028e-02 3.013700000000000059e-02 3.511100000000000332e-02 2.382162722700705351e-02
1.037300000000000028e-02 3.013700000000000059e-02 4.009599999999999970e-02 8.366789749476483823e-03
1.037300000000000028e-02 3.013700000000000059e-02 4.509300000000000114e-02 -2.830714779782352725e-02
1.037300000000000028e-02 3.511100000000000332e-02 3.511100000000000332e-02 1.314079398701878398e-02
1.037300000000000028e-02 3.511100000000000332e-02 4.009599999999999970e-02 1.471491155449229996e-02
1.037300000000000028e-02 3.511100000000000332e-02 4.509300000000000114e-02 6.985684643953645433e-03
1.037300000000000028e-02 3.511100000000000332e-02 5.009299999999999864e-02 -1.433414506359174251e-02
1.037300000000000028e-02 4.009599999999999970e-02 4.009599999999999970e-02 2.150397105726730915e-02
1.037300000000000028e-02 4.009599999999999970e-02 4.509300000000000114e-02 1.643388134939216538e-02
1.037300000000000028e-02 4.009599999999999970e-02 5.009299999999999864e-02 2.368118606255515627e-03
1.037300000000000028e-02 4.009599999999999970e-02 5.507800000000000196e-02 -2.492627221212018879e-02
1.037300000000000028e-02 4.509300000000000114e-02 4.509300000000000114e-02 2.104837000389489510e-02
1.037300000000000028e-02 4.509300000000000114e-02 5.009299999999999864e-02 2.178608460063748836e-02
1.037300000000000028e-02 4.509300000000000114e-02 5.507800000000000196e-02 3.655776099515836448e-03
1.037300000000000028e-02 4.509300000000000114e-02 6.006700000000000234e-02 -2.213335976795315421e-02
1.037300000000000028e-02 5.009299999999999864e-02 5.009299999999999864e-02 1.881367382453368736e-02
1.037300000000000028e-02 5.009299999999999864e-02 5.507800000000000196e-02 2.030177039969666142e-02
1.037300000000000028e-02 5.009299999999999864e-02 6.006700000000000234e-02 5.108528812011250975e-03
1.037300000000000028e-02 5.009299999999999864e-02 6.505900000000000571e-02 -3.360788974966495701e-02
1.037300000000000028e-02 5.507800000000000196e-02 5.507800000000000196e-02 6.046577380289440591e-03
1.037300000000000028e-02 5.507800000000000196e-02 6.006700000000000234e-02 1.717665394762156808e-02
1.037300000000000028e-02 5.507800000000000196e-02 6.505900000000000571e-02 7.627969629256871505e-03
1.037300000000000028e-02 5.507800000000000196e-02 7.005400000000000515e-02 -1.300741801911659175e-02
1.037300000000000028e-02 6.006700000000000234e-02 6.006700000000000234e-02 1.747087369834561879e-02
1.037300000000000028e-02 6.006700000000000234e-02 6.505900000000000571e-02 2.029751791902230720e-02
1.037300000000000028e-02 6.006700000000000234e-02 7.005400000000000515e-02 7.347523436593061952e-03
1.037300000000000028e-02 6.006700000000000234e-02 7.505299999999999472e-02 2.788650484864058348e-03
1.037300000000000028e-02 6.505900000000000571e-02 6.505900000000000571e-02 1.255025019097178070e-02
1.037300000000000028e-02 6.505900000000000571e-02 7.005400000000000515e-02 1.349133266170823332e-02
1.037300000000000028e-02 6.505900000000000571e-02 7.505299999999999472e-02 3.251906311739686303e-03
1.037300000000000028e-02 6.505900000000000571e-02 8.005400000000000016e-02 -1.721202281077063162e-02
1.037300000000000028e-02 7.005400000000000515e-02 7.005400000000000515e-02 1.090406251808737938e-02
1.037300000000000028e-02 7.005400000000000515e-02 7.505299999999999472e-02 1.501649098681514388e-02
1.037300000000000028e-02 7.005400000000000515e-02 8.005400000000000016e-02 6.257115901985213675e-03
1.037300000000000028e-02 7.505299999999999472e-02 7.505299999999999472e-02 1.703904719929407938e-02
1.037300000000000028e-02 7.505299999999999472e-02 8.005400000000000016e-02 1.209720149002328250e-02
1.037300000000000028e-02 8.005400000000000016e-02 8.005400000000000016e-02 1.158238281374032903e-02
1.525999999999999926e-02 1.525999999999999926e-02 1.525999999999999926e-02 -7.363986129599160713e-03
1.525999999999999926e-02 1.525999999999999926e-02 2.019699999999999968e-02 1.843830262825043925e-03
1.525999999999999926e-02 1.525999999999999926e-02 2.516699999999999840e-02 -9.206629409759675003e-03
1.525999999999999926e-02 1.525999999999999926e-02 3.013700000000000059e-02 3.783847220033433978e-04
1.525999999999999926e-02 1.525999999999999926e-02 3.511100000000000332e-02 2.983728900504767009e-02
1.525999999999999926e-02 2.019699999999999968e-02 2.019699999999999968e-02 -3.547346266261687444e-03
1.525999999999999926e-02 2.019699999999999968e-02 2.516699999999999840e-02 -4.991583164147165652e-04
1.525999999999999926e-02 2.019699999999999968e-02 3.013700000000000059e-02 -1.760924484342405241e-03
1.525999999999999926e-02 2.019699999999999968e-02 3.511100000000000332e-02 -9.812916790061208816e-04
1.525999999999999926e-02 2.019699999999999968e-02 4.009599999999999970e-02 -8.576442255861403338e-03
1.525999999999999926e-02 2.516699999999999840e-02 2.516699999999999840e-02 2.389296073640103952e-03
1.525999999999999926e-02 2.516699999999999840e-02 3.013700000000000059e-02 -5.074290472775829300e-03
1.525999999999999926e-02 2.516699999999999840e-02 3.511100000000000332e-02 8.257825590747074410e-03
1.525999999999999926e-02 2.516699999999999840e-02 4.009599999999999970e-02 -6.907723434115067840e-03
1.525999999999999926e-02 2.516699999999999840e-02 4.509300000000000114e-02 -6.675219117571093951e-03
1.525999999999999926e-02 3.013700000000000059e-02 3.013700000000000059e-02 -9.240814558954084379e-03
1.525999999999999926e-02 3.013700000000000059e-02 3.511100000000000332e-02 4.112842985624246515e-03
1.525999999999999926e-02 3.013700000000000059e-02 4.009599999999999970e-02 5.269172304035242864e-04
1.525999999999999926e-02 3.013700000000000059e-02 4.509300000000000114e-02 -1.601639863824832598e-03
1.525999999999999926e-02 3.013700000000000059e-02 5.009299999999999864e-02 1.157807001957864533e-02
1.525999999999999926e-02 3.511100000000000332e-02 3.511100000000000332e-02 8.183015934414189551e-04
1.525999999999999926e-02 3.511100000000000332e-02 4.009599999999999970e-02 -3.398489328984787960e-03
1.525999999999999926e-02 3.511100000000000332e-02 4.509300000000000114e-02 1.213454074582843902e-03
1.525999999999999926e-02 3.511100000000000332e-02 5.009299999999999864e-02 2.369131348477508583e-03
1.525999999999999926e-02 3.511100000000000332e-02 5.507800000000000196e-02 1.248546559834365832e-03
1.525999999999999926e-02 4.009599999999999970e-02 4.009599999999999970e-02 -2.163466999410526461e-04
1.525999999999999926e-02 4.009599999999999970e-02 4.509300000000000114e-02 -5.686313073269068678e-04
1.525999999999999926e-02 4.009599999999999970e-02 5.009299999999999864e-02 2.754158911841842090e-03
1.525999999999999926e-02 4.009599999999999970e-02 5.507800000000000196e-02 -5.483950919486918485e-03
1.525999999999999926e-02 4.009599999999999970e-02 6.006700000000000234e-02 5.857585324661434244e-03
1.525999999999999926e-02 4.509300000000000114e-02 4.509300000000000114e-02 -1.573859842694766116e-03
1.525999999999999926e-02 4.509300000000000114e-02 5.009299999999999864e-02 -3.043165112452168256e-03
1.525999999999999926e-02 4.509300000000000114e-02 5.507800000000000196e-02 -3.126163842717708495e-03
1.525999999999999926e-02 4.509300000000000114e-02 6.006700000000000234e-02 -5.278858567686017973e-03
1.525999999999999926e-02 4.509300000000000114e-02 6.505900000000000571e-02 -5.176302225156775849e-03
1.525999999999999926e-02 5.009299999999999864e-02 5.009299999999999864e-02 -9.661462833694851871e-04
1.525999999999999926e-02 5.009299999999999864e-02 5.507800000000000196e-02 -7.858818009396928168e-04
1.525999999999999926e-02 5.009299999999999864e-02 6.006700000000000234e-02 -4.035230848432627866e-03
1.525999999999999926e-02 5.009299999999999864e-02 6.505900000000000571e-02 -5.101083438467563652e-03
1.525999999999999926e-02 5.009299999999999864e-02 7.005400000000000515e-02 -3.713514684011662206e-03
1.525999999999999926e-02 5.507800000000000196e-02 5.507800000000000196e-02 -4.455288270354371659e-03
1.525999999999999926e-02 5.507800000000000196e-02 6.006700000000000234e-02 -1.118829709118589590e-03
1.525999999999999926e-02 5.507800000000000196e-02 6.505900000000000571e-02 -3.105170477942137668e-03
1.525999999999999926e-02 5.507800000000000196e-02 7.005400000000000515e-02 -4.257500691569272334e-03
1.525999999999999926e-02 5.507800000000000196e-02 7.505299999999999472e-02 9.267319678789607629e-04
1.525999999999999926e-02 6.006700000000000234e-02 6.006700000000000234e-02 -2.375265709900383805e-03
1.525999999999999926e-02 6.006700000000000234e-02 6.505900000000000571e-02 9.814254463294030863e-04
1.525999999999999926e-02 6.006700000000000234e-02 7.005400000000000515e-02 -2.897737681759830503e-03
1.525999999999999926e-02 6.006700000000000234e-02 7.505299999999999472e-02 -3.869883740049506228e-03
1.525999999999999926e-02 6.006700000000000234e-02 8.005400000000000016e-02 -1.174089931823575888e-03
1.525999999999999926e-02 6.505900000000000571e-02 6.505900000000000571e-02 -8.621234745026415099e-04
1.525999999999999926e-02 6.505900000000000571e-02 7.005400000000000515e-02 -3.276505508845721937e-03
1.525999999999999926e-02 6.505900000000000571e-02 7.505299999999999472e-02 -1.325618997933515533e-03
1.525999999999999926e-02 6.505900000000000571e-02 8.005400000000000016e-02 -3.458701724092252093e-03
1.525999999999999926e-02 7.005400000000000515e-02 7.005400000000000515e-02 -3.385679773410030843e-03
1.525999999999999926e-02 7.005400000000000515e-02 7.505299999999999472e-02 -4.741681061292528539e-03
1.525999999999999926e-02 7.005400000000000515e-02 8.005400000000000016e-02 -3.987674356723765190e-03
1.525999999999999926e-02 7.505299999999999472e-02 7.505299999999999472e-02 2.435251298952903487e-03
1.525999999999999926e-02 7.505299999999999472e-02 8.005400000000000016e-02 -5.044228482538852185e-03
1.525999999999999926e-02 8.005400000000000016e-02 8.005400000000000016e-02 -4.772334644291562414e-03
2.019699999999999968e-02 2.019699999999999968e-02 2.019699999999999968e-02 -9.976661849245505032e-03
2.019699999999999968e-02 2.019699999999999968e-02 2.516699999999999840e-02 -1.154158980773012551e-02
2.019699999999999968e-02 2.019699999999999968e-02 3.013700000000000059e-02 5.079122377841626193e-03
2.019699999999999968e-02 2.019699999999999968e-02 3.511100000000000332e-02 7.034374974560814349e-03
2.019699999999999968e-02 2.019699999999999968e-02 4.009599999999999970e-02 -3.281053336618667323e-03
2.019699999999999968e-02 2.019699999999999968e-02 4.509300000000000114e-02 -1.867414049061254244e-02
2.019699999999999968e-02 2.516699999999999840e-02 2.516699999999999840e-02 6.661924709802953017e-03
2.019699999999999968e-02 2.516699999999999840e-02 3.013700000000000059e-02 2.188897029862676112e-03
2.019699999999999968e-02 2.516699999999999840e-02 3.511100000000000332e-02 9.910591590294661954e-03
2.019699999999999968e-02 2.516699999999999840e-02 4.009599999999999970e-02 4.567992564640251975e-03
2.019699999999999968e-02 2.516699999999999840e-02 4.509300000000000114e-02 4.196502726580755155e-03
2.019699999999999968e-02 2.516699999999999840e-02 5.009299999999999864e-02 -3.634380875955739356e-03
2.019699999999999968e-02 3.013700000000000059e-02 3.013700000000000059e-02 7.182562489782255309e-04
2.019699999999999968e-02 3.013700000000000059e-02 3.511100000000000332e-02 9.813462383899214294e-04
2.019699999999999968e-02 3.013700000000000059e-02 4.009599999999999970e-02 7.753345829409387120e-04
2.019699999999999968e-02 3.013700000000000059e-02 4.509300000000000114e-02 -2.041175102430853403e-03
2.019699999999999968e-02 3.013700000000000059e-02 5.009299999999999864e-02 -1.452208569012497898e-03
2.019699999999999968e-02 3.013700000000000059e-02 5.507800000000000196e-02 9.074249728491858361e-03
2.019699999999999968e-02 3.511100000000000332e-02 3.511100000000000332e-02 -2.203008676252403691e-03
2.019699999999999968e-02 3.511100000000000332e-02 4.009599999999999970e-02 -2.732236143773000316e-03
2.019699999999999968e-02 3.511100000000000332e-02 4.509300000000000114e-02 1.643552028498900235e-04
2.019699999999999968e-02 3.511100000000000332e-02 5.009299999999999864e-02 7.418782737430808976e-05
2.019699999999999968e-02 3.511100000000000332e-02 5.507800000000000196e-02 -5.577334698039662295e-03
2.019699999999999968e-02 3.511100000000000332e-02 6.006700000000000234e-02 -7.555038453729834118e-03
2.019699999999999968e-02 4.009599999999999970e-02 4.009599999999999970e-02 2.496187928235988479e-03
2.019699999999999968e-02 4.009599999999999970e-02 4.509300000000000114e-02 -2.819267572382809853e-03
2.019699999999999968e-02 4.009599999999999970e-02 5.009299999999999864e-02 -4.517455040145751388e-03
2.019699999999999968e-02 4.009599999999999970e-02 5.507800000000000196e-02 1.370097819201758537e-03
2.019699999999999968e-02 4.009599999999999970e-02 6.006700000000000234e-02 8.629273124073586496e-04
2.019699999999999968e-02 4.009599999999999970e-02 6.505900000000000571e-02 4.617770429897483271e-03
2.019699999999999968e-02 4.509300000000000114e-02 4.509300000000000114e-02 -6.399711755363057461e-03
2.019699999999999968e-02 4.509300000000000114e-02 5.009299999999999864e-02 1.254282980149774938e-03
2.019699999999999968e-02 4.509300000000000114e-02 5.507800000000000196e-02 -3.146819684204257839e-03
2.019699999999999968e-02 4.509300000000000114e-02 6.006700000000000234e-02 4.410624376506036234e-04
2.019699999999999968e-02 4.509300000000000114e-02 6.505900000000000571e-02 -3.880231550128693837e-04
2.019699999999999968e-02 4.509300000000000114e-02 7.005400000000000515e-02 -1.318460097240614463e-03
2.019699999999999968e-02 5.009299999999999864e-02 5.009299999999999864e-02 2.435797910887111198e-04
2.019699999999999968e-02 5.009299999999999864e-02 5.507800000000000196e-02 -2.201852412999755725e-04
2.019699999999999968e-02 5.009299999999999864e-02 6.006700000000000234e-02 -3.233727686573922323e-03
2.019699999999999968e-02 5.009299999999999864e-02 6.505900000000000571e-02 -4.399270128566762047e-05
2.019699999999999968e-02 5.009299999999999864e-02 7.005400000000000515e-02 -5.235267733123542822e-03
2.019699999999999968e-02 5.009299999999999864e-02 7.505299999999999472e-02 -1.993434516551153071e-02
2.019699999999999968e-02 5.507800000000000196e-02 5.507800000000000196e-02 4.724186260639435148e-05
2.019699999999999968e-02 5.507800000000000196e-02 6.006700000000000234e-02 -4.414767617072878902e-03
2.019699999999999968e-02 5.507800000000000196e-02 6.505900000000000571e-02 -1.122536577860554045e-03
2.019699999999999968e-02 5.507800000000000196e-02 7.005400000000000515e-02 -1.997845237401017510e-03
2.019699999999999968e-02 5.507800000000000196e-02 7.505299999999999472e-02 -4.412065948657660844e-03
2.019699999999999968e-02 5.507800000000000196e-02 8.005400000000000016e-02 -1.302545333646399836e-02
2.019699999999999968e-02 6.006700000000000234e-02 6.006700000000000234e-02 -1.046310890115955718e-03
2.019699999999999968e-02 6.006700000000000234e-02 6.505900000000000571e-02 7.037358059185125998e-05
2.019699999999999968e-02 6.006700000000000234e-02 7.005400000000000515e-02 -3.024024291191412719e-03
2.019699999999999968e-02 6.006700000000000234e-02 7.505299999999999472e-02 4.225683506850737639e-03
2.019699999999999968e-02 6.006700000000000234e-02 8.005400000000000016e-02 -3.955123390316908627e-03
2.019699999999999968e-02 6.505900000000000571e-02 6.505900000000000571e-02 1.056303097510228658e-05
2.019699999999999968e-02 6.505900000000000571e-02 7.005400000000000515e-02 -1.799547201722732784e-03
2.019699999999999968e-02 6.505900000000000571e-02 7.505299999999999472e-02 -3.120080397886473671e-03
2.019699999999999968e-02 6.505900000000000571e-02 8.005400000000000016e-02 6.022740538776751897e-04
2.019699999999999968e-02 7.005400000000000515e-02 7.005400000000000515e-02 1.110604289050117020e-03
2.019699999999999968e-02 7.005400000000000515e-02 7.505299999999999472e-02 -3.360136460047190125e-03
2.019699999999999968e-02 7.005400000000000515e-02 8.005400000000000016e-02 -1.624583440340096607e-03
2.019699999999999968e-02 7.505299999999999472e-02 7.505299999999999472e-02 1.622429803329533855e-03
2.019699999999999968e-02 7.505299999999999472e-02 8.005400000000000016e-02 -7.284551088051217363e-04
2.019699999999999968e-02 8.005400000000000016e-02 8.005400000000000016e-02 -1.318547617914120687e-03
2.516699999999999840e-02 2.516699999999999840e-02 2.516699999999999840e-02 3.894828530599326114e-03
2.516699999999999840e-02 2.516699999999999840e-02 3.013700000000000059e-02 -2.497942271718652093e-04
2.516699999999999840e-02 2.516699999999999840e-02 3.511100000000000332e-02 5.806323407618025657e-03
2.516699999999999840e-02 2.516699999999999840e-02 4.009599999999999970e-02 5.066546101595761215e-04
2.516699999999999840e-02 2.516699999999999840e-02 4.509300000000000114e-02 1.658763956924492935e-03
2.516699999999999840e-02 2.516699999999999840e-02 5.009299999999999864e-02 -4.005779874615743655e-03
2.516699999999999840e-02 2.516699999999999840e-02 5.507800000000000196e-02 1.589165247835475081e-02
2.516699999999999840e-02 3.013700000000000059e-02 3.013700000000000059e-02 -2.819020870435661472e-04
2.516699999999999840e-02 3.013700000000000059e-02 3.511100000000000332e-02 4.048274465121113642e-03
2.516699999999999840e-02 3.013700000000000059e-02 4.009599999999999970e-02 6.667945738301713811e-03
2.516699999999999840e-02 3.013700000000000059e-02 4.509300000000000114e-02 1.090942697681812189e-03
2.516699999999999840e-02 3.013700000000000059e-02 5.009299999999999864e-02 1.332299456938259479e-03
2.516699999999999840e-02 3.013700000000000059e-02 5.507800000000000196e-02 7.854034226964057980e-03
2.516699999999999840e-02 3.013700000000000059e-02 6.006700000000000234e-02 -1.591623996472676418e-03
2.516699999999999840e-02 3.511100000000000332e-02 3.511100000000000332e-02 -1.133971577645556932e-03
2.516699999999999840e-02 3.511100000000000332e-02 4.009599999999999970e-02 5.620168618024075531e-03
2.516699999999999840e-02 3.511100000000000332e-02 4.509300000000000114e-02 4.807583192940824597e-03
2.516699999999999840e-02 3.511100000000000332e-02 5.009299999999999864e-02 7.745488739017459233e-03
2.516699999999999840e-02 3.511100000000000332e-02 5.507800000000000196e-02 4.637938972264329246e-03
2.516699999999999840e-02 3.511100000000000332e-02 6.006700000000000234e-02 8.336100233463972263e-04
2.516699999999999840e-02 3.511100000000000332e-02 6.505900000000000571e-02 -1.414439367772080472e-02
2.516699999999999840e-02 4.009599999999999970e-02 4.009599999999999970e-02 9.990526481429930217e-03
2.516699999999999840e-02 4.009599999999999970e-02 4.509300000000000114e-02 5.448378060193124171e-03
2.516699999999999840e-02 4.009599999999999970e-02 5.009299999999999864e-02 5.584131223955266649e-03
2.516699999999999840e-02 4.009599999999999970e-02 5.507800000000000196e-02 1.126016697426142745e-03
2.516699999999999840e-02 4.009599999999999970e-02 6.006700000000000234e-02 4.635612875273455169e-03
2.516699999999999840e-02 4.009599999999999970e-02 6.505900000000000571e-02 3.249469977758789787e-03
2.516699999999999840e-02 4.009599999999999970e-02 7.005400000000000515e-02 -1.152909867333745978e-03
2.516699999999999840e-02 4.509300000000000114e-02 4.509300000000000114e-02 8.483005978307971151e-03
2.516699999999999840e-02 4.509300000000000114e-02 5.009299999999999864e-02 3.896510094861825590e-03
2.516699999999999840e-02 4.509300000000000114e-02 5.507800000000000196e-02 -3.045826275666311568e-03
2.516699999999999840e-02 4.509300000000000114e-02 6.006700000000000234e-02 3.763259465078471096e-03
2.516699999999999840e-02 4.509300000000000114e-02 6.505900000000000571e-02 2.859140683115144344e-03
2.516699999999999840e-02 4.509300000000000114e-02 7.005400000000000515e-02 -7.041792489123208305e-05
2.516699999999999840e-02 4.509300000000000114e-02 7.505299999999999472e-02 1.844130335873112383e-02
2.516699999999999840e-02 5.009299999999999864e-02 5.009299999999999864e-02 3.820322306050800282e-03
2.516699999999999840e-02 5.009299999999999864e-02 5.507800000000000196e-02 3.803024922794480487e-03
2.516699999999999840e-02 5.009299999999999864e-02 6.006700000000000234e-02 1.489351811409298995e-03
2.516699999999999840e-02 5.009299999999999864e-02 6.505900000000000571e-02 3.166825670134501558e-03
2.516699999999999840e-02 5.009299999999999864e-02 7.005400000000000515e-02 1.239966059589755771e-03
2.516699999999999840e-02 5.009299999999999864e-02 7.505299999999999472e-02 2.144994911023213359e-03
2.516699999999999840e-02 5.009299999999999864e-02 8.005400000000000016e-02 2.225097964499410559e-03
2.516699999999999840e-02 5.507800000000000196e-02 5.507800000000000196e-02 -1.449708806704402570e-03
2.516699999999999840e-02 5.507800000000000196e-02 6.006700000000000234e-02 4.264231372032487011e-04
2.516699999999999840e-02 5.507800000000000196e-02 6.505900000000000571e-02 -1.879136670686613018e-03
2.516699999999999840e-02 5.507800000000000196e-02 7.005400000000000515e-02 5.492279818781120246e-04
2.516699999999999840e-02 5.507800000000000196e-02 7.505299999999999472e-02 2.181692431763818541e-03
2.516699999999999840e-02 5.507800000000000196e-02 8.005400000000000016e-02 5.598468806896426519e-04
2.516699999999999840e-02 6.006700000000000234e-02 6.006700000000000234e-02 3.666127942833812686e-03
2.516699999999999840e-02 6.006700000000000234e-02 6.505900000000000571e-02 1.286751690392192241e-04
2.516699999999999840e-02 6.006700000000000234e-02 7.005400000000000515e-02 4.288651307418651394e-03
2.516699999999999840e-02 6.006700000000000234e-02 7.505299999999999472e-02 5.209981198790476081e-03
2.516699999999999840e-02 6.006700000000000234e-02 8.005400000000000016e-02 1.049198274157812655e-03
2.516699999999999840e-02 6.505900000000000571e-02 6.505900000000000571e-02 1.247874726504168618e-03
2.516699999999999840e-02 6.505900000000000571e-02 7.005400000000000515e-02 1.860101027220402220e-03
2.516699999999999840e-02 6.505900000000000571e-02 7.505299999999999472e-02 1.437941403853635084e-03
2.516699999999999840e-02 6.505900000000000571e-02 8.005400000000000016e-02 2.610543985051786559e-03
2.516699999999999840e-02 7.005400000000000515e-02 7.005400000000000515e-02 -2.854100019577799924e-03
2.516699999999999840e-02 7.005400000000000515e-02 7.505299999999999472e-02 3.405584061906396804e-03
2.516699999999999840e-02 7.005400000000000515e-02 8.005400000000000016e-02 4.204961339178967146e-03
2.516699999999999840e-02 7.505299999999999472e-02 7.505299999999999472e-02 5.572454607053390317e-03
2.516699999999999840e-02 7.505299999999999472e-02 8.005400000000000016e-02 2.678245691773406892e-03
2.516699999999999840e-02 8.005400000000000016e-02 8.005400000000000016e-02 1.816129575485058410e-04
3.013700000000000059e-02 3.013700000000000059e-02 3.013700000000000059e-02 2.846049041529844035e-04
3.013700000000000059e-02 3.013700000000000059e-02 3.511100000000000332e-02 -6.391899513808154592e-04
3.013700000000000059e-02 3.013700000000000059e-02 4.009599999999999970e-02 -1.136110623030496189e-03
3.013700000000000059e-02 3.013700000000000059e-02 4.509300000000000114e-02 3.572175321725968699e-03
3.013700000000000059e-02 3.013700000000000059e-02 5.009299999999999864e-02 2.617432244110138185e-03
3.013700000000000059e-02 3.013700000000000059e-02 5.507800000000000196e-02 9.258236560487641958e-03
3.013700000000000059e-02 3.013700000000000059e-02 6.006700000000000234e-02 3.306941116075566567e-03
3.013700000000000059e-02 3.013700000000000059e-02 6.505900000000000571e-02 6.961862148535646541e-03
3.013700000000000059e-02 3.511100000000000332e-02 3.511100000000000332e-02 -6.886729792094389499e-03
3.013700000000000059e-02 3.511100000000000332e-02 4.009599999999999970e-02 6.612215800602614648e-04
3.013700000000000059e-02 3.511100000000000332e-02 4.509300000000000114e-02 -4.707923664805891903e-04
3.013700000000000059e-02 3.511100000000000332e-02 5.009299999999999864e-02 8.297872220155834075e-03
3.013700000000000059e-02 3.511100000000000332e-02 5.507800000000000196e-02 7.159538805619722638e-04
3.013700000000000059e-02 3.511100000000000332e-02 6.006700000000000234e-02 2.516116992462091341e-03
3.013700000000000059e-02 3.511100000000000332e-02 6.505900000000000571e-02 8.277801470275498227e-04
3.013700000000000059e-02 3.511100000000000332e-02 7.005400000000000515e-02 7.812955131011376994e-03
3.013700000000000059e-02 4.009599999999999970e-02 4.009599999999999970e-02 8.992457463672848955e-03
3.013700000000000059e-02 4.009599999999999970e-02 4.509300000000000114e-02 6.853809015378135167e-03
3.013700000000000059e-02 4.009599999999999970e-02 5.009299999999999864e-02 5.001041067672718464e-03
3.013700000000000059e-02 4.009599999999999970e-02 5.507800000000000196e-02 3.432500985050100303e-03
3.013700000000000059e-02 4.009599999999999970e-02 6.006700000000000234e-02 1.934898891091947192e-03
3.013700000000000059e-02 4.009599999999999970e-02 6.505900000000000571e-02 1.355457557119116481e-03
3.013700000000000059e-02 4.009599999999999970e-02 7.005400000000000515e-02 4.231060733999572089e-03
3.013700000000000059e-02 4.009599999999999970e-02 7.505299999999999472e-02 1.975783408988551412e-02
3.013700000000000059e-02 4.509300000000000114e-02 4.509300000000000114e-02 1.468852418228889546e-03
3.013700000000000059e-02 4.509300000000000114e-02 5.009299999999999864e-02 -2.500592496652175815e-03
3.013700000000000059e-02 4.509300000000000114e-02 5.507800000000000196e-02 3.402618583862027351e-03
3.013700000000000059e-02 4.509300000000000114e-02 6.006700000000000234e-02 2.913540158819511415e-03
3.013700000000000059e-02 4.509300000000000114e-02 6.505900000000000571e-02 9.233741627646535610e-04
3.013700000000000059e-02 4.509300000000000114e-02 7.005400000000000515e-02 3.547855156693154044e-03
3.013700000000000059e-02 4.509300000000000114e-02 7.505299999999999472e-02 7.215743516562841270e-03
3.013700000000000059e-02 4.509300000000000114e-02 8.005400000000000016e-02 1.150285884041639221e-02
3.013700000000000059e-02 5.009299999999999864e-02 5.009299999999999864e-02 -7.947504392063079251e-04
3.013700000000000059e-02 5.009299999999999864e-02 5.507800000000000196e-02 1.837698401713938612e-03
3.013700000000000059e-02 5.009299999999999864e-02 6.006700000000000234e-02 3.583354473927696316e-04
3.013700000000000059e-02 5.009299999999999864e-02 6.505900000000000571e-02 -2.154966876650449140e-04
3.013700000000000059e-02 5.009299999999999864e-02 7.005400000000000515e-02 2.848221938041051692e-03
3.013700000000000059e-02 5.009299999999999864e-02 7.505299999999999472e-02 2.055417024123767141e-03
3.013700000000000059e-02 5.009299999999999864e-02 8.005400000000000016e-02 1.498321413367649513e-03
3.013700000000000059e-02 5.507800000000000196e-02 5.507800000000000196e-02 -4.356446235704952014e-03
3.013700000000000059e-02 5.507800000000000196e-02 6.006700000000000234e-02 6.723067585881011997e-04
3.013700000000000059e-02 5.507800000000000196e-02 6.505900000000000571e-02 2.712159251633191725e-03
3.013700000000000059e-02 5.507800000000000196e-02 7.005400000000000515e-02 -3.266380757100098911e-03
3.013700000000000059e-02 5.507800000000000196e-02 7.505299999999999472e-02 4.003062716624285027e-03
3.013700000000000059e-02 5.507800000000000196e-02 8.005400000000000016e-02 -5.230870875568891356e-04
3.013700000000000059e-02 6.006700000000000234e-02 6.006700000000000234e-02 3.836922389985450606e-04
3.013700000000000059e-02 6.006700000000000234e-02 6.505900000000000571e-02 -5.508479419052599848e-04
3.013700000000000059e-02 6.006700000000000234e-02 7.005400000000000515e-02 9.180715844386393154e-04
3.013700000000000059e-02 6.006700000000000234e-02 7.505299999999999472e-02 2.014439243242170576e-03
3.013700000000000059e-02 6.006700000000000234e-02 8.005400000000000016e-02 3.205662915938806753e-03
3.013700000000000059e-02 6.505900000000000571e-02 6.505900000000000571e-02 -3.250018502611824473e-03
3.013700000000000059e-02 6.505900000000000571e-02 7.005400000000000515e-02 3.767299969081005216e-04
3.013700000000000059e-02 6.505900000000000571e-02 7.505299999999999472e-02 -2.282334712882982855e-04
3.013700000000000059e-02 6.505900000000000571e-02 8.005400000000000016e-02 -6.919784739668637975e-04
3.013700000000000059e-02 7.005400000000000515e-02 7.005400000000000515e-02 -1.634311768616626996e-03
3.013700000000000059e-02 7.005400000000000515e-02 7.505299999999999472e-02 -9.361851579608170297e-04
3.013700000000000059e-02 7.005400000000000515e-02 8.005400000000000016e-02 -4.955292295199560789e-04
3.013700000000000059e-02 7.505299999999999472e-02 7.505299999999999472e-02 2.980096118095425153e-03
3.013700000000000059e-02 7.505299999999999472e-02 8.005400000000000016e-02 1.803954915907135916e-03
3.013700000000000059e-02 8.005400000000000016e-02 8.005400000000000016e-02 -7.864102837474999707e-04
3.511100000000000332e-02 3.511100000000000332e-02 3.511100000000000332e-02 -3.586185198004797434e-03
3.511100000000000332e-02 3.511100000000000332e-02 4.009599999999999970e-02 4.887638440346863712e-03
3.511100000000000332e-02 3.511100000000000332e-02 4.509300000000000114e-02 -4.524556259518024257e-04
3.511100000000000332e-02 3.511100000000000332e-02 5.009299999999999864e-02 -3.936801819176974707e-04
3.511100000000000332e-02 3.511100000000000332e-02 5.507800000000000196e-02 2.554272746753078437e-03
3.511100000000000332e-02 3.511100000000000332e-02 6.006700000000000234e-02 4.716892480106984857e-03
3.511100000000000332e-02 3.511100000000000332e-02 6.505900000000000571e-02 -2.159033431442041254e-03
3.511100000000000332e-02 3.511100000000000332e-02 7.005400000000000515e-02 1.647618767558538429e-03
3.511100000000000332e-02 3.511100000000000332e-02 7.505299999999999472e-02 -1.332682638989985194e-02
3.511100000000000332e-02 4.009599999999999970e-02 4.009599999999999970e-02 6.402143087352294565e-03
3.511100000000000332e-02 4.009599999999999970e-02 4.509300000000000114e-02 2.185472855594702661e-03
3.511100000000000332e-02 4.009599999999999970e-02 5.009299999999999864e-02 1.850637845667628617e-03
3.511100000000000332e-02 4.009599999999999970e-02 5.507800000000000196e-02 -5.178944325854518060e-04
3.511100000000000332e-02 4.009599999999999970e-02 6.006700000000000234e-02 -6.467421585365966744e-04
3.511100000000000332e-02 4.009599999999999970e-02 6.505900000000000571e-02 -1.648843612252287594e-03
3.511100000000000332e-02 4.009599999999999970e-02 7.005400000000000515e-02 1.291575381114893218e-03
3.511100000000000332e-02 4.009599999999999970e-02 7.505299999999999472e-02 1.987631671502414123e-03
3.511100000000000332e-02 4.009599999999999970e-02 8.005400000000000016e-02 2.262540250158210937e-03
3.511100000000000332e-02 4.509300000000000114e-02 4.509300000000000114e-02 5.756439138374095515e-03
3.511100000000000332e-02 4.509300000000000114e-02 5.009299999999999864e-02 6.215237012386829168e-05
3.511100000000000332e-02 4.509300000000000114e-02 5.507800000000000196e-02 3.516561506522508911e-03
3.511100000000000332e-02 4.509300000000000114e-02 6.006700000000000234e-02 6.384859650302977807e-03
3.511100000000000332e-02 4.509300000000000114e-02 6.505900000000000571e-02 -9.754322832333513042e-04
3.511100000000000332e-02 4.509300000000000114e-02 7.005400000000000515e-02 2.202202978117096324e-03
3.511100000000000332e-02 4.509300000000000114e-02 7.505299999999999472e-02 3.878364049479075381e-03
3.511100000000000332e-02 4.509300000000000114e-02 8.005400000000000016e-02 9.020741288404719250e-04
3.511100000000000332e-02 5.009299999999999864e-02 5.009299999999999864e-02 -1.666484132838296330e-03
3.511100000000000332e-02 5.009299999999999864e-02 5.507800000000000196e-02 2.852391101442067547e-03
3.511100000000000332e-02 5.009299999999999864e-02 6.006700000000000234e-02 3.394207003992612878e-03
3.511100000000000332e-02 5.009299999999999864e-02 6.505900000000000571e-02 1.265133637846401447e-03
3.511100000000000332e-02 5.009299999999999864e-02 7.005400000000000515e-02 1.708267611526892785e-04
3.511100000000000332e-02 5.009299999999999864e-02 7.505299999999999472e-02 -4.467796024021342106e-04
3.511100000000000332e-02 5.009299999999999864e-02 8.005400000000000016e-02 7.945181911124073106e-05
3.511100000000000332e-02 5.507800000000000196e-02 5.507800000000000196e-02 2.477561024957324488e-03
3.511100000000000332e-02 5.507800000000000196e-02 6.006700000000000234e-02 2.750595270057059824e-03
3.511100000000000332e-02 5.507800000000000196e-02 6.505900000000000571e-02 1.802899206968460333e-03
3.511100000000000332e-02 5.507800000000000196e-02 7.005400000000000515e-02 1.005420242217178748e-03
3.511100000000000332e-02 5.507800000000000196e-02 7.505299999999999472e-02 9.536986332548250990e-04
3.511100000000000332e-02 5.507800000000000196e-02 8.005400000000000016e-02 1.038158916677156887e-03
3.511100000000000332e-02 6.006700000000000234e-02 6.006700000000000234e-02 -7.259446781247685379e-04
3.511100000000000332e-02 6.006700000000000234e-02 6.505900000000000571e-02 4.075430955744175320e-04
3.511100000000000332e-02 6.006700000000000234e-02 7.005400000000000515e-02 -2.823833358388047957e-03
3.511100000000000332e-02 6.006700000000000234e-02 7.505299999999999472e-02 -1.251825597679143837e-03
3.511100000000000332e-02 6.006700000000000234e-02 8.005400000000000016e-02 1.727463285454189411e-03
3.511100000000000332e-02 6.505900000000000571e-02 6.505900000000000571e-02 5.331156161235165933e-03
3.511100000000000332e-02 6.505900000000000571e-02 7.005400000000000515e-02 -3.033738470851407576e-04
3.511100000000000332e-02 6.505900000000000571e-02 7.505299999999999472e-02 1.549359651233409149e-03
3.511100000000000332e-02 6.505900000000000571e-02 8.005400000000000016e-02 1.072445349497881152e-03
3.511100000000000332e-02 7.005400000000000515e-02 7.005400000000000515e-02 -2.529166679493311237e-03
3.511100000000000332e-02 7.005400000000000515e-02 7.505299999999999472e-02 -2.360956743508171255e-03
3.511100000000000332e-02 7.005400000000000515e-02 8.005400000000000016e-02 -2.361918660449397172e-03
3.511100000000000332e-02 7.505299999999999472e-02 7.505299999999999472e-02 4.989031956658237978e-04
3.511100000000000332e-02 7.505299999999999472e-02 8.005400000000000016e-02 2.407965534212623657e-04
3.511100000000000332e-02 8.005400000000000016e-02 8.005400000000000016e-02 1.037430070401112450e-03
4.009599999999999970e-02 4.009599999999999970e-02 4.009599999999999970e-02 2.391449990075728785e-03
4.009599999999999970e-02 4.009599999999999970e-02 4.509300000000000114e-02 7.416805558753352887e-03
4.009599999999999970e-02 4.009599999999999970e-02 5.009299999999999864e-02 1.863476289329104273e-03
4.009599999999999970e-02 4.009599999999999970e-02 5.507800000000000196e-02 -1.804889219754755034e-03
4.009599999999999970e-02 4.009599999999999970e-02 6.006700000000000234e-02 -1.503505893113124721e-03
4.009599999999999970e-02 4.009599999999999970e-02 6.505900000000000571e-02 3.451661899376968264e-03
4.009599999999999970e-02 4.009599999999999970e-02 7.005400000000000515e-02 3.529945363065907678e-03
4.009599999999999970e-02 4.009599999999999970e-02 7.505299999999999472e-02 1.311351453287193250e-03
4.009599999999999970e-02 4.009599999999999970e-02 8.005400000000000016e-02 2.999118358755539001e-03
4.009599999999999970e-02 4.509300000000000114e-02 4.509300000000000114e-02 6.984032922926211411e-03
4.009599999999999970e-02 4.509300000000000114e-02 5.009299999999999864e-02 3.768112066630066592e-03
4.009599999999999970e-02 4.509300000000000114e-02 5.507800000000000196e-02 -1.084064690865690211e-03
4.009599999999999970e-02 4.509300000000000114e-02 6.006700000000000234e-02 -7.044649583996359351e-04
4.009599999999999970e-02 4.509300000000000114e-02 6.505900000000000571e-02 6.329672683431008997e-04
4.009599999999999970e-02 4.509300000000000114e-02 7.005400000000000515e-02 -9.784361061714631769e-04
4.009599999999999970e-02 4.509300000000000114e-02 7.505299999999999472e-02 1.550136601681297802e-03
4.009599999999999970e-02 4.509300000000000114e-02 8.005400000000000016e-02 4.153580494903807638e-03
4.009599999999999970e-02 5.009299999999999864e-02 5.009299999999999864e-02 2.408313164633737232e-03
4.009599999999999970e-02 5.009299999999999864e-02 5.507800000000000196e-02 4.646499802897534163e-03
4.009599999999999970e-02 5.009299999999999864e-02 6.006700000000000234e-02 1.883263688843338744e-03
4.009599999999999970e-02 5.009299999999999864e-02 6.505900000000000571e-02 2.913437803622900921e-03
4.009599999999999970e-02 5.009299999999999864e-02 7.005400000000000515e-02 9.311116793698152698e-04
4.009599999999999970e-02 5.009299999999999864e-02 7.505299999999999472e-02 9.458417393005570791e-04
4.009599999999999970e-02 5.009299999999999864e-02 8.005400000000000016e-02 2.112341844341574740e-03
4.009599999999999970e-02 5.507800000000000196e-02 5.507800000000000196e-02 4.070570352868155620e-03
4.009599999999999970e-02 5.507800000000000196e-02 6.006700000000000234e-02 3.413869528394380265e-03
4.009599999999999970e-02 5.507800000000000196e-02 6.505900000000000571e-02 3.750697589307394868e-03
4.009599999999999970e-02 5.507800000000000196e-02 7.005400000000000515e-02 2.215898440807099155e-03
4.009599999999999970e-02 5.507800000000000196e-02 7.505299999999999472e-02 2.997098834616021383e-03
4.009599999999999970e-02 5.507800000000000196e-02 8.005400000000000016e-02 1.113559663674896800e-03
4.009599999999999970e-02 6.006700000000000234e-02 6.006700000000000234e-02 2.161653765582916432e-03
4.009599999999999970e-02 6.006700000000000234e-02 6.505900000000000571e-02 1.137215905881079148e-03
4.009599999999999970e-02 6.006700000000000234e-02 7.005400000000000515e-02 1.190374936757726630e-03
4.009599999999999970e-02 6.006700000000000234e-02 7.505299999999999472e-02 3.330702455944448918e-03
4.009599999999999970e-02 6.006700000000000234e-02 8.005400000000000016e-02 2.390723283105274013e-03
4.009599999999999970e-02 6.505900000000000571e-02 6.505900000000000571e-02 7.676451277719878279e-04
4.009599999999999970e-02 6.505900000000000571e-02 7.005400000000000515e-02 9.997220993204602568e-04
4.009599999999999970e-02 6.505900000000000571e-02 7.505299999999999472e-02 1.759323929878996856e-03
4.009599999999999970e-02 6.505900000000000571e-02 8.005400000000000016e-02 9.317173545161108955e-05
4.009599999999999970e-02 7.005400000000000515e-02 7.005400000000000515e-02 1.400211749051877329e-03
4.009599999999999970e-02 7.005400000000000515e-02 7.505299999999999472e-02 1.415523268713566934e-03
4.009599999999999970e-02 7.005400000000000515e-02 8.005400000000000016e-02 5.843673799763169285e-04
4.009599999999999970e-02 7.505299999999999472e-02 7.505299999999999472e-02 4.955495135195034720e-03
4.009599999999999970e-02 7.505299999999999472e-02 8.005400000000000016e-02 6.679440875788745320e-05
4.009599999999999970e-02 8.005400000000000016e-02 8.005400000000000016e-02 -2.828247396635947923e-04
4.509300000000000114e-02 4.509300000000000114e-02 4.509300000000000114e-02 1.051809438199986096e-02
4.509300000000000114e-02 4.509300000000000114e-02 5.009299999999999864e-02 5.190935620020113196e-03
4.509300000000000114e-02 4.509300000000000114e-02 5.507800000000000196e-02 -1.598873884828178396e-03
4.509300000000000114e-02 4.509300000000000114e-02 6.006700000000000234e-02 -1.683212766889845367e-03
4.509300000000000114e-02 4.509300000000000114e-02 6.505900000000000571e-02 9.637113359199488832e-04
4.509300000000000114e-02 4.509300000000000114e-02 7.005400000000000515e-02 1.988277046561278804e-03
4.509300000000000114e-02 4.509300000000000114e-02 7.505299999999999472e-02 5.715969985768922651e-03
4.509300000000000114e-02 4.509300000000000114e-02 8.005400000000000016e-02 -6.926728287272174633e-04
4.509300000000000114e-02 5.009299999999999864e-02 5.009299999999999864e-02 3.869211961020139340e-03
4.509300000000000114e-02 5.009299999999999864e-02 5.507800000000000196e-02 1.627797995284095862e-03
4.509300000000000114e-02 5.009299999999999864e-02 6.006700000000000234e-02 2.737393323653280683e-03
4.509300000000000114e-02 5.009299999999999864e-02 6.505900000000000571e-02 4.907377826110740238e-04
4.509300000000000114e-02 5.009299999999999864e-02 7.005400000000000515e-02 -6.735061484105602479e-04
4.509300000000000114e-02 5.009299999999999864e-02 7.505299999999999472e-02 2.374141046948734148e-03
4.509300000000000114e-02 5.009299999999999864e-02 8.005400000000000016e-02 2.052479924334611738e-03
4.509300000000000114e-02 5.507800000000000196e-02 5.507800000000000196e-02 4.384709616428457413e-03
4.509300000000000114e-02 5.507800000000000196e-02 6.006700000000000234e-02 4.453059210576129114e-03
4.509300000000000114e-02 5.507800000000000196e-02 6.505900000000000571e-02 -1.184729017348061687e-04
4.509300000000000114e-02 5.507800000000000196e-02 7.005400000000000515e-02 4.788932145960027352e-04
4.509300000000000114e-02 5.507800000000000196e-02 7.505299999999999472e-02 -1.014025853098876910e-03
4.509300000000000114e-02 5.507800000000000196e-02 8.005400000000000016e-02 2.724999121737007278e-03
4.509300000000000114e-02 6.006700000000000234e-02 6.006700000000000234e-02 4.841628396129215098e-03
4.509300000000000114e-02 6.006700000000000234e-02 6.505900000000000571e-02 3.114262073842357162e-03
4.509300000000000114e-02 6.006700000000000234e-02 7.005400000000000515e-02 1.152902434562767852e-03
4.509300000000000114e-02 6.006700000000000234e-02 7.505299999999999472e-02 1.614054009624804826e-03
4.509300000000000114e-02 6.006700000000000234e-02 8.005400000000000016e-02 -1.342497877561905689e-04
4.509300000000000114e-02 6.505900000000000571e-02 6.505900000000000571e-02 5.019137211363785753e-03
4.509300000000000114e-02 6.505900000000000571e-02 7.005400000000000515e-02 -1.698661122765263157e-05
4.509300000000000114e-02 6.505900000000000571e-02 7.505299999999999472e-02 3.402852011831728352e-03
4.509300000000000114e-02 6.505900000000000571e-02 8.005400000000000016e-02 2.479756486898837715e-03
4.509300000000000114e-02 7.005400000000000515e-02 7.005400000000000515e-02 3.465957722488954926e-03
4.509300000000000114e-02 7.005400000000000515e-02 7.505299999999999472e-02 1.216280235573287578e-03
4.509300000000000114e-02 7.005400000000000515e-02 8.005400000000000016e-02 3.116097490249688574e-04
4.509300000000000114e-02 7.505299999999999472e-02 7.505299999999999472e-02 2.508502308149382007e-03
4.509300000000000114e-02 7.505299999999999472e-02 8.005400000000000016e-02 1.083099499856478602e-03
4.509300000000000114e-02 8.005400000000000016e-02 8.005400000000000016e-02 -1.709985036117898352e-04
5.009299999999999864e-02 5.009299999999999864e-02 5.009299999999999864e-02 -1.580941995025637609e-03
5.009299999999999864e-02 5.009299999999999864e-02 5.507800000000000196e-02 -2.997323659281423813e-03
5.009299999999999864e-02 5.009299999999999864e-02 6.006700000000000234e-02 -1.588480137220101571e-03
5.009299999999999864e-02 5.009299999999999864e-02 6.505900000000000571e-02 -4.359301427832222228e-03
5.009299999999999864e-02 5.009299999999999864e-02 7.005400000000000515e-02 -1.743539924991168409e-03
5.009299999999999864e-02 5.009299999999999864e-02 7.505299999999999472e-02 -5.946631667482555928e-05
5.009299999999999864e-02 5.009299999999999864e-02 8.005400000000000016e-02 -4.266414237493647635e-03
5.009299999999999864e-02 5.507800000000000196e-02 5.507800000000000196e-02 1.163086703895186303e-03
5.009299999999999864e-02 5.507800000000000196e-02 6.006700000000000234e-02 3.045810737382571485e-04
5.009299999999999864e-02 5.507800000000000196e-02 6.505900000000000571e-02 6.466906152030785877e-04
5.009299999999999864e-02 5.507800000000000196e-02 7.005400000000000515e-02 1.730900974015663106e-03
5.009299999999999864e-02 5.507800000000000196e-02 7.505299999999999472e-02 -1.734046807693356363e-03
5.009299999999999864e-02 5.507800000000000196e-02 8.005400000000000016e-02 9.896468200187940288e-04
5.009299999999999864e-02 6.006700000000000234e-02 6.006700000000000234e-02 -6.710686621383219613e-04
5.009299999999999864e-02 6.006700000000000234e-02 6.505900000000000571e-02 9.692872663861711426e-04
5.009299999999999864e-02 6.006700000000000234e-02 7.005400000000000515e-02 2.405109037176286302e-04
5.009299999999999864e-02 6.006700000000000234e-02 7.505299999999999472e-02 4.470060623140247719e-04
5.009299999999999864e-02 6.006700000000000234e-02 8.005400000000000016e-02 -7.386710246047549630e-04
5.009299999999999864e-02 6.505900000000000571e-02 6.505900000000000571e-02 -1.400468426731653034e-03
5.009299999999999864e-02 6.505900000000000571e-02 7.005400000000000515e-02 2.475217570824733444e-03
5.009299999999999864e-02 6.505900000000000571e-02 7.505299999999999472e-02 -2.653372606849987991e-04
5.009299999999999864e-02 6.505900000000000571e-02 8.005400000000000016e-02 1.614727324673212623e-03
5.009299999999999864e-02 7.005400000000000515e-02 7.005400000000000515e-02 -1.771161897996986713e-03
5.009299999999999864e-02 7.005400000000000515e-02 7.505299999999999472e-02 -2.018873775360305062e-03
5.009299999999999864e-02 7.005400000000000515e-02 8.005400000000000016e-02 -3.969322982457728190e-04
5.009299999999999864e-02 7.505299999999999472e-02 7.505299999999999472e-02 3.014974945739859490e-04
5.009299999999999864e-02 7.505299999999999472e-02 8.005400000000000016e-02 -5.831624971901943136e-04
5.009299999999999864e-02 8.005400000000000016e-02 8.005400000000000016e-02 1.206260463855818787e-03
5.507800000000000196e-02 5.507800000000000196e-02 5.507800000000000196e-02 4.746834956823704592e-03
5.507800000000000196e-02 5.507800000000000196e-02 6.006700000000000234e-02 2.870955635634809232e-03
5.507800000000000196e-02 5.507800000000000196e-02 6.505900000000000571e-02 3.016760066916963131e-03
5.507800000000000196e-02 5.507800000000000196e-02 7.005400000000000515e-02 9.289645736567271606e-04
5.507800000000000196e-02 5.507800000000000196e-02 7.505299999999999472e-02 7.092588250407540771e-04
5.507800000000000196e-02 5.507800000000000196e-02 8.005400000000000016e-02 -4.269378830535468521e-04
5.507800000000000196e-02 6.006700000000000234e-02 6.006700000000000234e-02 5.323261202997581557e-03
5.507800000000000196e-02 6.006700000000000234e-02 6.505900000000000571e-02 2.208395366104959920e-04
5.507800000000000196e-02 6.006700000000000234e-02 7.005400000000000515e-02 1.487105945557788819e-03
5.507800000000000196e-02 6.006700000000000234e-02 7.505299999999999472e-02 1.485331883234286597e-03
5.507800000000000196e-02 6.006700000000000234e-02 8.005400000000000016e-02 1.311990493764786077e-03
5.507800000000000196e-02 6.505900000000000571e-02 6.505900000000000571e-02 1.013413746647011697e-03
5.507800000000000196e-02 6.505900000000000571e-02 7.005400000000000515e-02 1.341931985000338655e-03
5.507800000000000196e-02 6.505900000000000571e-02 7.505299999999999472e-02 1.318320491927301515e-04
5.507800000000000196e-02 6.505900000000000571e-02 8.005400000000000016e-02 -1.253638657267842210e-03
5.507800000000000196e-02 7.005400000000000515e-02 7.005400000000000515e-02 1.890444834914664337e-03
5.507800000000000196e-02 7.005400000000000515e-02 7.505299999999999472e-02 2.461396005499256350e-04
5.507800000000000196e-02 7.005400000000000515e-02 8.005400000000000016e-02 -1.031094578279356967e-04
5.507800000000000196e-02 7.505299999999999472e-02 7.505299999999999472e-02 -1.367825416040438242e-03
5.507800000000000196e-02 7.505299999999999472e-02 8.005400000000000016e-02 6.609326261093717396e-04
5.507800000000000196e-02 8.005400000000000016e-02 8.005400000000000016e-02 2.571061021445537539e-03
6.006700000000000234e-02 6.006700000000000234e-02 6.006700000000000234e-02 4.527942209929631916e-03
6.006700000000000234e-02 6.006700000000000234e-02 6.505900000000000571e-02 2.027721598659150588e-03
6.006700000000000234e-02 6.006700000000000234e-02 7.005400000000000515e-02 -1.101007966759643244e-03
6.006700000000000234e-02 6.006700000000000234e-02 7.505299999999999472e-02 2.537317741152881560e-03
6.006700000000000234e-02 6.006700000000000234e-02 8.005400000000000016e-02 4.734362606003559497e-04
6.006700000000000234e-02 6.505900000000000571e-02 6.505900000000000571e-02 2.445593035749944050e-03
6.006700000000000234e-02 6.505900000000000571e-02 7.005400000000000515e-02 -4.789108736381458560e-04
6.006700000000000234e-02 6.505900000000000571e-02 7.505299999999999472e-02 8.521450059414123002e-04
6.006700000000000234e-02 6.505900000000000571e-02 8.005400000000000016e-02 7.082918764873539943e-05
6.006700000000000234e-02 7.005400000000000515e-02 7.005400000000000515e-02 7.005272751075625410e-04
6.006700000000000234e-02 7.005400000000000515e-02 7.505299999999999472e-02 5.462625750603107263e-04
6.006700000000000234e-02 7.005400000000000515e-02 8.005400000000000016e-02 1.237705504054253166e-03
6.006700000000000234e-02 7.505299999999999472e-02 7.505299999999999472e-02 2.148645906461596131e-03
6.006700000000000234e-02 7.505299999999999472e-02 8.005400000000000016e-02 4.102086858525136846e-04
6.006700000000000234e-02 8.005400000000000016e-02 8.005400000000000016e-02 -2.485990325738936788e-04
6.505900000000000571e-02 6.505900000000000571e-02 6.505900000000000571e-02 2.571761018251759578e-03
6.505900000000000571e-02 6.505900000000000571e-02 7.005400000000000515e-02 -6.478791268429176476e-04
6.505900000000000571e-02 6.505900000000000571e-02 7.505299999999999472e-02 -8.710124669582190553e-04
6.505900000000000571e-02 6.505900000000000571e-02 8.005400000000000016e-02 -8.002910021093649412e-04
6.505900000000000571e-02 7.005400000000000515e-02 7.005400000000000515e-02 1.852749017418293042e-03
6.505900000000000571e-02 7.005400000000000515e-02 7.505299999999999472e-02 -2.220473404927305380e-03
6.505900000000000571e-02 7.005400000000000515e-02 8.005400000000000016e-02 -2.328348411701998497e-03
6.505900000000000571e-02 7.505299999999999472e-02 7.505299999999999472e-02 -2.854286116125348202e-04
6.505900000000000571e-02 7.505299999999999472e-02 8.005400000000000016e-02 -1.892198986050497376e-04
6.505900000000000571e-02 8.005400000000000016e-02 8.005400000000000016e-02 2.267471699832887891e-03
7.005400000000000515e-02 7.005400000000000515e-02 7.005400000000000515e-02 6.721755316977337004e-03
7.005400000000000515e-02 7.005400000000000515e-02 7.505299999999999472e-02 2.250170771482081899e-03
7.005400000000000515e-02 7.005400000000000515e-02 8.005400000000000016e-02 1.091474046386987180e-03
7.005400000000000515e-02 7.505299999999999472e-02 7.505299999999999472e-02 2.354452523557316792e-03
7.005400000000000515e-02 7.505299999999999472e-02 8.005400000000000016e-02 1.385318602081056418e-03
7.005400000000000515e-02 8.005400000000000016e-02 8.005400000000000016e-02 2.553417959580817249e-03
7.505299999999999472e-02 7.505299999999999472e-02 7.505299999999999472e-02 1.532673510736377257e-03
7.505299999999999472e-02 7.505299999999999472e-02 8.005400000000000016e-02 6.056363905441222153e-04
