# Pk covarinace for p=3.0, NGC Pk*A/Q0(0)
3.697805863652108908e+08 2.948677048961939663e+07 5.921331590043436154e+04 2.769579297576989047e+06 3.772448630173568148e+06 -8.302738987104665721e+05 1.410570626176311402e+06 1.061282707549825136e+05 -1.785226393401793204e+06 4.586327915748950327e+05 4.771576223912928253e+05 6.548077296003947267e+05 -1.429708707009601640e+05 -6.802133142010510201e+05 4.601761086982148699e+05 7.248373635669031646e+05 -1.113773614798441704e+05 4.294963985383693944e+04 -5.173259705019546345e+03 1.642601606226547156e+05 1.140750693399112060e+05 -3.474591693591220537e+05 -2.785014716999926604e+05 9.492431965128681622e+04 1.896529812512271747e+05 -9.362564141453629418e+04 -2.394822632746742165e+05 -6.311831698545598920e+04 -1.375672621753700951e+05 2.778736421283650561e+05 4.084119841124877566e+05 2.857442074259042856e+05 2.331340372449917195e+05 1.472140653584792744e+05 3.337264568770962651e+05 -1.261703433522233972e+05 -4.912805833049298963e+04 1.003425215045559162e+05 3.915993249186177272e+05 3.915512025650779251e+05 3.106132911699593533e+05 9.146351311638696643e+04 1.171795782441157207e+05 5.706609594803139044e+04 1.746683912083043833e+04
2.948677048961939663e+07 1.064226249274356663e+08 8.879880972145713866e+06 -6.471445128445273731e+05 9.865863787064299686e+05 1.505791953370031668e+06 9.108484865658658091e+05 6.266013596343326208e+04 -7.322668762579121394e+05 2.669878295825020541e+04 -3.839848324447858613e+05 -1.824642093384662876e+05 -7.776027905859991733e+04 -2.971641084624323994e+05 -2.047429493426571134e+05 -8.551630468507848855e+04 -5.373676044507755432e+05 1.412811945309123257e+05 1.633087142154932953e+05 -4.681544047990125837e+05 1.766804417455957810e+04 -2.798436008325406001e+05 -2.827879672549937968e+05 1.131569401039249788e+05 -6.106835396013072750e+04 -6.320687102497071464e+03 6.301166237308559357e+04 8.731390279245853890e+04 -1.788071209602947929e+05 -1.081273752064528962e+05 -2.736563018602945376e+05 -1.761509760787854029e+05 3.951021841494464752e+04 7.677694504263877752e+04 5.342508475799763983e+04 6.694647757530454328e+03 -2.103920686426061147e+05 -6.715094075115933083e+04 -4.758706483958607714e+04 9.396061324508680264e+04 1.022731999492800605e+04 2.015971253137066014e+04 -3.416011054534015420e+04 1.627377764262605924e+05 5.842237328093967335e+03
5.921331590043436154e+04 8.879880972145713866e+06 4.395244462845131755e+07 6.725717426578108221e+06 8.855264253509847913e+05 4.691557071430236101e+05 5.483965635933731683e+05 4.020826667077905731e+05 -2.434827264371613564e+05 -4.624636081248543342e+05 -2.328763285446866648e+05 5.666220572241248738e+04 -8.901542975331551861e+04 2.224423843963733525e+05 -2.026839897822477506e+05 -1.675516634304222680e+04 -1.400780787026284379e+05 -1.189367448386192118e+05 -2.583732537823593157e+04 -2.969789561444739957e+04 -6.400747898353537494e+03 -2.278538059778097377e+05 -1.612445317905684933e+05 1.112898612960763239e+04 -2.032211408582405056e+03 -8.215363618453007075e+04 1.141066776742773218e+05 -9.317679859783589200e+04 1.096043148034785700e+05 9.755174102860812127e+03 1.032818249102090485e+05 -4.195125775919314765e+04 -5.826254969689368590e+04 -9.816305555917282618e+03 6.506877337738774804e+04 -4.165278161467125756e+04 1.087667494179175410e+05 -5.108795584628071083e+04 4.349124010818460374e+04 2.147764891172711032e+03 3.361415098616751493e+04 5.662632046644306683e+04 -1.819025727742194431e+04 -6.431233316072743946e+03 8.948857810852618059e+03
2.769579297576989047e+06 -6.471445128445273731e+05 6.725717426578108221e+06 2.472926216170549393e+07 3.481949565968793817e+06 2.048097157994060544e+05 4.461544513703795965e+05 4.195626810567461653e+05 7.620677741150087677e+05 2.122611165102157975e+05 -1.608145671190344437e+05 1.998812029783350299e+05 -2.595701145978426212e+05 -2.463759601628467208e+05 5.927274465192468051e+04 1.018644011179195659e+05 -1.359502238621723664e+05 -1.101020232882740675e+05 -2.613629793967097044e+02 1.451125377298274834e+05 1.298010681475642923e+05 -9.576954157157824375e+04 1.832727555795307562e+05 7.166731635951690805e+03 1.187944884667520273e+04 7.190861339268481242e+04 1.049343523430304049e+05 1.375370133267019119e+05 -3.055646567682058048e+03 6.684132678436348215e+04 -7.865260630544323249e+03 -2.493299911963337945e+04 3.542173717356974976e+03 -1.583956822275169088e+03 5.094288646101401537e+04 2.222139039978306391e+04 3.930458055634630728e+04 -5.419213098191272002e+04 -2.342326687842026513e+04 -3.680429632042421872e+03 -4.191899182931754694e+03 2.127557009353485046e+04 -1.981357290075597120e+04 1.083299399500836262e+04 2.867573289443119575e+04
3.772448630173568148e+06 9.865863787064299686e+05 8.855264253509847913e+05 3.481949565968793817e+06 1.356805036304413155e+07 1.553995542692241725e+06 3.487004466563225287e+04 1.341615208434952001e+04 4.335895744991850224e+05 4.208522378069548286e+05 1.939634743712447016e+04 9.445582601850795618e+04 6.993723446411875193e+04 1.748613863360267260e+03 2.876279341240556096e+05 1.460872127613676130e+05 -1.404737954618203221e+05 -1.598856520884497877e+04 9.150829197002203728e+02 1.661132101509470886e+04 6.223867377450792264e+04 8.839197768819963676e+04 5.599995866101222782e+04 4.036214097647963354e+04 -4.598672048821239150e+04 5.198458922483913921e+04 -2.761597596592365790e+03 6.191213709868984006e+04 2.434891491068446339e+04 9.214358606865753245e+03 -4.410442309125146130e+04 4.276820938387438946e+04 4.234357340164857305e+04 3.956309008908404212e+04 1.789349923445113382e+04 6.002909441299693754e+03 -1.017705240514306206e+04 -2.786889512242091223e+04 3.508701735439035110e+04 2.484840027222444769e+04 -2.334200395783198837e+04 8.471937090142087982e+03 1.713907786390177353e+04 -5.485164998432119319e+03 1.252693797265020839e+04
-8.302738987104665721e+05 1.505791953370031668e+06 4.691557071430236101e+05 2.048097157994060544e+05 1.553995542692241725e+06 8.781429779896410182e+06 1.163858399365980877e+06 1.097572632272983610e+05 -1.055590469239999366e+05 3.649474265176918125e+05 1.132979789446526847e+05 -8.772019485811780032e+04 -2.008129662016339353e+04 -9.118338156757472461e+03 6.919897717235097662e+04 -9.373924210765828320e+04 3.671270649502454762e+04 -3.918387391271039814e+04 2.436165926460886840e+04 -2.971211963939703492e+04 1.011952317734144890e+05 5.256458443560831802e+04 8.437769624223794381e+03 -1.634134884008266090e+04 -1.569402568074986448e+04 -3.985498209512127505e+04 -2.410247282533197358e+04 -4.655066481311242387e+04 -4.197162160936869441e+03 2.547765280079105287e+04 -4.933106224992240459e+04 -7.201771056635995046e+04 -3.145425310775632533e+04 1.035576141999287756e+04 2.878046801193300780e+04 1.132026177360545807e+04 3.171783818242046209e+02 1.999417162274683142e+04 -1.426505854058009572e+04 -6.287468078054595026e+03 1.422252755483174406e+04 3.196083972705344058e+04 5.114268451003784321e+03 1.563070406687856848e+04 -9.480829000200526934e+03
1.410570626176311402e+06 9.108484865658658091e+05 5.483965635933731683e+05 4.461544513703795965e+05 3.487004466563225287e+04 1.163858399365980877e+06 5.436176987130503170e+06 8.577229418520536274e+05 -2.516398683427017022e+04 4.003944334990527568e+04 -3.819091669368404109e+04 -4.908377037569814274e+04 -7.668599032250903838e+04 1.889453821909420003e+04 -1.937522259649643820e+04 -3.283670610866092466e+04 8.287970176863155211e+04 -3.928590159104544728e+04 2.036712042321557192e+03 5.018893376299782540e+04 3.330689449500873161e+04 -1.135207862711385387e+05 2.272657665938444552e+04 -9.472360242741326147e+03 1.722545444183405925e+04 -3.576784227420170623e+02 6.534834298947099160e+04 2.789467001916454683e+04 -3.019981597400808369e+03 -1.508402944766498695e+04 -6.709376194033584397e+03 -2.353519192128777377e+03 -3.872465260848950129e+04 5.529864344743482434e+03 -9.860074372476106873e+03 -5.523709428295944690e+02 2.582165115069891544e+04 2.168497887006944802e+04 1.282764898298338949e+03 -1.606329322764532844e+04 -1.807279737207477956e+04 -1.315692197979727644e+04 -1.567095137752186929e+04 3.818361145438489530e+03 9.204270733077477416e+03
1.061282707549825136e+05 6.266013596343326208e+04 4.020826667077905731e+05 4.195626810567461653e+05 1.341615208434952001e+04 1.097572632272983610e+05 8.577229418520536274e+05 3.968722350567339920e+06 6.129573413822604343e+05 6.668474464617803460e+04 9.811167501447130053e+04 -7.693009933130419813e+04 -2.729691511206259383e+04 7.236137353282545519e+04 -5.438873853552760920e+03 -6.319192981409045751e+04 -5.424901301165723999e+04 -8.518934300805411112e+03 -7.189650693722824144e+02 4.820954831912645204e+03 5.744847345330108510e+04 -1.020741871148259088e+04 2.698404107397297139e+03 -4.281196519158691081e+04 1.397999112671678267e+04 2.926839440276830283e+04 -6.124635310193553778e+03 -5.735333594764163536e+03 1.050241479812315083e+04 -1.870856033739789200e+04 -1.687683720976535551e+04 3.427928647419744084e+04 -1.154535714465492674e+04 2.435801246413832268e+04 5.063735575348357997e+03 4.106235329461206675e+03 1.677368754819804963e+04 2.241081240617658841e+04 -9.222168475284111992e+03 -6.141222681607044251e+03 -8.420065486096364111e+03 -2.123074313551630439e+03 3.057534523322504538e+04 -1.737802990342622070e+04 -3.217135813713346579e+03
-1.785226393401793204e+06 -7.322668762579121394e+05 -2.434827264371613564e+05 7.620677741150087677e+05 4.335895744991850224e+05 -1.055590469239999366e+05 -2.516398683427017022e+04 6.129573413822604343e+05 2.846110812091129366e+06 3.522567079937092494e+05 6.584004140151223692e+04 7.553692260349776188e+04 5.432674999859598756e+04 4.092253695358399273e+04 5.295916452593747090e+04 2.614110198024806596e+04 -2.359402495169171743e+04 -2.766489217005141472e+04 -3.776236532617585908e+04 -1.433098016972050937e+04 -3.032615386522490553e+03 -2.657780748379265788e+03 8.952117355333753949e+03 -1.094946356277841005e+04 1.781302404417557409e+04 2.939190227344981395e+04 -2.646820531280437990e+03 4.635154529810721579e+04 5.613483138203326234e+03 -1.577564574123364764e+04 -1.153218925290668813e+04 -8.078635495731396986e+03 9.297074242876173230e+03 -4.479972991401051331e+03 1.481521894030392104e+04 7.927510973104715049e+03 3.435715027163038030e+03 -6.618321589347971894e+03 -6.075304372031717321e+03 3.360749034514458617e+04 1.443742457437841222e+04 1.349291533560237440e+04 -2.196370930346724344e+04 4.447653321720201802e+02 3.598301928276834587e+03
4.586327915748950327e+05 2.669878295825020541e+04 -4.624636081248543342e+05 2.122611165102157975e+05 4.208522378069548286e+05 3.649474265176918125e+05 4.003944334990527568e+04 6.668474464617803460e+04 3.522567079937092494e+05 2.145705164926941507e+06 2.518035433268783672e+05 6.341271928927005501e+04 9.740810827741405228e+04 1.183887590264075698e+04 6.483792107789987494e+04 4.191225308888006839e+04 -1.726363209461044971e+04 1.734330202696908964e+04 6.304808564914880662e+03 7.997401685409851780e+03 1.341110574856198400e+04 2.433066256356573285e+04 -1.576615221840605773e+04 -2.402487596941781521e+04 3.041798086016266552e+03 7.145320203623095949e+03 1.394452416301108497e+04 -2.760057449269351491e+04 2.397630330864114876e+04 2.907404911926573550e+04 4.723257938397959151e+03 6.598480181852462010e+03 2.584369284810530371e+04 -5.138539002197939226e+03 -9.741858842401132279e+03 -6.212800512654260274e+03 6.456130287904255056e+03 4.721011223922996578e+03 6.852606030861345062e+03 -6.786994899256339522e+03 2.299363602319413530e+03 1.180408322083356143e+04 8.591305160252124551e+03 2.232461976687000424e+04 1.593519024937802533e+04
4.771576223912928253e+05 -3.839848324447858613e+05 -2.328763285446866648e+05 -1.608145671190344437e+05 1.939634743712447016e+04 1.132979789446526847e+05 -3.819091669368404109e+04 9.811167501447130053e+04 6.584004140151223692e+04 2.518035433268783672e+05 1.589455546575401211e+06 1.689789192574025074e+05 2.999491966402910111e+04 3.756929799366717634e+04 7.687854302988854215e+03 3.986593502162915684e+04 8.045954023697209777e+04 4.769661808228250447e+04 3.344675382600856665e+03 -6.143687381852938415e+03 1.840859693702633376e+04 8.346474098647844585e+03 8.836350421483792161e+03 3.274483810454829654e+04 -3.499614538490483392e+04 1.464339666452649908e+04 -1.063515605093289196e+04 2.541619633399293161e+04 -1.678330008661712782e+04 3.659068769313957091e+03 2.292043150587826312e+04 1.539505609912397449e+04 1.350338531339918882e+04 2.587779247963917805e+04 -9.422435723350465196e+03 -2.632234729927461103e+03 2.172956915678868427e+03 8.350852819415997146e+03 7.698600719064374061e+03 -1.696683549771345861e+04 1.249244871790245270e+04 5.046817918383836513e+03 1.207498779498284966e+04 5.449088963169457202e+03 -4.002823359939860666e+02
6.548077296003947267e+05 -1.824642093384662876e+05 5.666220572241248738e+04 1.998812029783350299e+05 9.445582601850795618e+04 -8.772019485811780032e+04 -4.908377037569814274e+04 -7.693009933130419813e+04 7.553692260349776188e+04 6.341271928927005501e+04 1.689789192574025074e+05 1.287450706523597008e+06 2.102900743318298482e+05 4.904173084594195097e+04 5.830545748154624744e+04 6.889341553560971079e+03 5.234077288826162112e+04 -1.447059885980672516e+04 1.508266067482431936e+04 2.752991358959807258e+03 1.241102787660020113e+04 2.642882032739699207e+04 6.630117207219946977e+03 1.298931251181139669e+04 4.161732287119682042e+03 1.631730953838867026e+04 1.049870603871846833e+04 1.924962376863073951e+04 -1.115640036675855299e+04 1.980985794550687569e+04 1.112269774760338078e+04 6.079606717208890586e+03 1.928427559070400457e+04 1.140968254615396290e+04 4.116943689814409481e+03 3.249978411040007995e+04 2.630411265199594345e+04 5.628915250902930893e+03 7.050921797968498140e+03 8.420584186535550543e+03 1.637608683086483779e+03 4.780536848672670203e+03 -7.630193345186849001e+03 -3.508182794192904112e+03 -9.427562131883934853e+03
-1.429708707009601640e+05 -7.776027905859991733e+04 -8.901542975331551861e+04 -2.595701145978426212e+05 6.993723446411875193e+04 -2.008129662016339353e+04 -7.668599032250903838e+04 -2.729691511206259383e+04 5.432674999859598756e+04 9.740810827741405228e+04 2.999491966402910111e+04 2.102900743318298482e+05 1.180153259988635080e+06 2.184992955617400585e+05 4.445267259823799395e+04 3.181787366928565098e+04 7.335957232981668494e+04 5.845006031890802115e+04 3.074445378107190481e+04 1.900559878124787429e+04 2.256105223321303856e+04 7.683219958546389535e+03 -4.493175561645760172e+04 3.118555410155506252e+03 -1.281269148715025767e+04 2.003152259916459298e+04 1.585984646698566576e+04 1.422960222055376835e+04 1.251895406179763995e+04 9.852536956686164558e+03 2.212943529760788078e+04 -1.592225921898952220e+04 4.252593262818245421e+03 -5.546364107600695661e+02 -2.049927086251342644e+03 -1.350076800159809409e+03 -1.260687534998736555e+04 -9.853798545545241723e+03 6.064853738140387577e+03 1.098004652037317828e+04 2.498911131569909412e+04 -6.671373129686963694e+03 4.119825859663172196e+03 4.814694266794811483e+03 -1.535214118281374567e+03
-6.802133142010510201e+05 -2.971641084624323994e+05 2.224423843963733525e+05 -2.463759601628467208e+05 1.748613863360267260e+03 -9.118338156757472461e+03 1.889453821909420003e+04 7.236137353282545519e+04 4.092253695358399273e+04 1.183887590264075698e+04 3.756929799366717634e+04 4.904173084594195097e+04 2.184992955617400585e+05 9.440907821315645706e+05 9.721268229854793753e+04 4.940655928571196273e+04 1.919196231602785338e+04 1.080473237672131472e+04 1.106586923538860901e+04 -7.636215762922751310e+03 1.961394258531440209e+04 3.536378100702747179e+04 -1.692820327827490473e+04 2.343059340399356006e+04 2.855587952621632212e+03 3.434640163284591381e+03 -6.953115072692360627e+03 1.182904802159576775e+03 6.976645430184812540e+03 1.546912344244152519e+04 2.828521865261590574e+04 -1.217628502971269336e+04 -1.193435560437911045e+04 1.246164848553186675e+04 1.276604353488032393e+04 1.387546660034659453e+03 -2.893756854104272861e+03 6.638596709177904813e+03 -1.107537582071301586e+04 2.202503807109724221e+03 8.237531707140569779e+03 9.296286382615016919e+03 6.561816522273486044e+03 1.307399245938092645e+04 -3.178948258257036741e+03
4.601761086982148699e+05 -2.047429493426571134e+05 -2.026839897822477506e+05 5.927274465192468051e+04 2.876279341240556096e+05 6.919897717235097662e+04 -1.937522259649643820e+04 -5.438873853552760920e+03 5.295916452593747090e+04 6.483792107789987494e+04 7.687854302988854215e+03 5.830545748154624744e+04 4.445267259823799395e+04 9.721268229854793753e+04 8.040731520576662151e+05 1.371886543577075645e+05 6.124974645178054197e+04 3.584016949614614532e+03 7.806135742947904873e+03 2.677188362746344137e+04 2.255698503169180913e+04 6.748016680530587109e+03 9.048117647122080598e+03 1.401864842956171924e+04 1.574281811578080669e+04 1.318995329013822447e+04 8.233248026023755301e+03 2.199536645076275818e+04 2.120465770481433719e+04 4.121274308656528774e+03 3.719155833195125069e+03 -6.916385768950030979e+03 7.130842904954858568e+03 -1.451442374447166685e+03 -5.524532278184738971e+03 -1.749073824115248863e+04 1.438042073714545222e+04 2.045617901434577652e+04 9.479402193614574571e+03 3.896146397935228379e+03 1.368083953609184209e+04 1.101283513133341512e+04 1.255334806428693082e+04 1.673260260087788083e+03 -4.656789218815029926e+03
7.248373635669031646e+05 -8.551630468507848855e+04 -1.675516634304222680e+04 1.018644011179195659e+05 1.460872127613676130e+05 -9.373924210765828320e+04 -3.283670610866092466e+04 -6.319192981409045751e+04 2.614110198024806596e+04 4.191225308888006839e+04 3.986593502162915684e+04 6.889341553560971079e+03 3.181787366928565098e+04 4.940655928571196273e+04 1.371886543577075645e+05 6.641769704928505234e+05 1.198250356489086553e+05 -1.261930564684076444e+03 -3.599170363545681539e+03 1.792971674924447507e+04 7.004141800247778065e+02 1.460301271035605896e+04 -7.142324764713957848e+03 1.096406266094164130e+04 1.988029817170005481e+04 7.468343106573494197e+02 -4.851863734722120967e+02 2.160324829805768604e+04 2.340884065051634025e+04 1.832430091594653277e+04 1.782924626295189955e+04 6.943036121377302152e+03 2.226830589242275164e+04 7.917345812112223030e+03 -4.267345270871886896e+03 -5.201930360175851092e+03 3.117350064165098502e+03 1.865000059971715382e+04 9.194383048338237131e+03 7.535885844944187738e+03 1.152110200375338900e+04 2.297982840581023993e+03 1.635818638708012259e+04 1.344989764060972448e+04 5.553088029758602715e+03
-1.113773614798441704e+05 -5.373676044507755432e+05 -1.400780787026284379e+05 -1.359502238621723664e+05 -1.404737954618203221e+05 3.671270649502454762e+04 8.287970176863155211e+04 -5.424901301165723999e+04 -2.359402495169171743e+04 -1.726363209461044971e+04 8.045954023697209777e+04 5.234077288826162112e+04 7.335957232981668494e+04 1.919196231602785338e+04 6.124974645178054197e+04 1.198250356489086553e+05 5.557315371836262057e+05 9.352469181302501238e+04 1.273440962581763779e+04 1.656827661131452260e+04 1.426513239152822644e+04 3.233592803671546062e+04 3.407032619577334572e+03 5.541951641649863632e+03 3.100429755804458910e+04 3.157412470534956083e+04 2.216826156837135568e+04 1.018815253142210531e+04 1.240839428637124547e+04 -7.348806779432093208e+02 1.462359945647497079e+04 4.361127915399207268e+03 9.611967161817079614e+03 1.030888251656240755e+04 5.265610335085983024e+03 -2.900512889917141592e+02 -9.961118683675473221e+03 1.961955170625429673e+03 1.890826758917035477e+04 9.520982060238573467e+03 5.702366089108677443e+03 -3.268733608978417578e+03 1.125038764945334833e+03 7.028069569104392031e+03 2.595108721162122947e+03
4.294963985383693944e+04 1.412811945309123257e+05 -1.189367448386192118e+05 -1.101020232882740675e+05 -1.598856520884497877e+04 -3.918387391271039814e+04 -3.928590159104544728e+04 -8.518934300805411112e+03 -2.766489217005141472e+04 1.734330202696908964e+04 4.769661808228250447e+04 -1.447059885980672516e+04 5.845006031890802115e+04 1.080473237672131472e+04 3.584016949614614532e+03 -1.261930564684076444e+03 9.352469181302501238e+04 4.756729594490825548e+05 6.130458266001738230e+04 2.050511785900987161e+04 5.558259459256648370e+03 1.089301959234079550e+04 2.618705692655577423e+03 1.724211879278112974e+04 4.921795892953524344e+03 -1.102119700923610708e+03 5.839299785391586965e+02 2.366579663180289117e+03 9.306609035711151591e+03 9.782822896706788015e+03 8.873159706681384705e+03 1.269166341035232836e+04 -3.236450138539424643e+03 4.821779585746735393e+03 1.122782903672668226e+03 -1.011690177804293967e+03 1.560784718735843626e+02 -1.124046726206539461e+03 2.330286622072407226e+03 5.539010010101520493e+03 8.034712421721217652e+03 3.625032414760095435e+03 2.466656772490751791e+03 5.609023932652456097e+03 1.191925306728418218e+04
-5.173259705019546345e+03 1.633087142154932953e+05 -2.583732537823593157e+04 -2.613629793967097044e+02 9.150829197002203728e+02 2.436165926460886840e+04 2.036712042321557192e+03 -7.189650693722824144e+02 -3.776236532617585908e+04 6.304808564914880662e+03 3.344675382600856665e+03 1.508266067482431936e+04 3.074445378107190481e+04 1.106586923538860901e+04 7.806135742947904873e+03 -3.599170363545681539e+03 1.273440962581763779e+04 6.130458266001738230e+04 4.110165953727888991e+05 7.166135574675077805e+04 1.471239496625083120e+04 2.570510605175657474e+04 2.464052071542023259e+04 2.441032594395772321e+03 -3.381703598004353353e+03 2.271930986217528698e+03 6.105899709476486350e+03 -4.570982502508881225e+03 -4.600924184100079515e+02 -3.908958114191188088e+03 6.027625155307556270e+03 1.558153333629524423e+04 8.265736947649858848e+03 2.961820231379221241e+03 7.979987449189347899e+03 3.462832601274568788e+03 -2.430508375548658648e+02 9.052292812506037080e+03 -3.717687906470570169e+02 6.070389262893021623e+03 -6.740754592582006808e+02 -8.088774644288224408e+03 3.482867629383695657e+03 -7.990272847189473396e+03 6.963927675358060299e+01
1.642601606226547156e+05 -4.681544047990125837e+05 -2.969789561444739957e+04 1.451125377298274834e+05 1.661132101509470886e+04 -2.971211963939703492e+04 5.018893376299782540e+04 4.820954831912645204e+03 -1.433098016972050937e+04 7.997401685409851780e+03 -6.143687381852938415e+03 2.752991358959807258e+03 1.900559878124787429e+04 -7.636215762922751310e+03 2.677188362746344137e+04 1.792971674924447507e+04 1.656827661131452260e+04 2.050511785900987161e+04 7.166135574675077805e+04 3.815076303297394188e+05 7.021727073368604761e+04 -3.322612727703882683e+03 5.456070320648274901e+03 1.899650194283946985e+04 -1.128419949223635513e+03 7.458675121267810027e+03 -6.453395689963937002e+03 7.919340546968043782e+03 1.591664416595480543e+04 2.829119789866499559e+03 8.122414606987487787e+03 1.778776456893195791e+04 1.276645276380844507e+03 -6.745508780834137724e+03 3.367859961062796174e+03 6.836944626481998057e+03 1.372711796569666876e+04 -3.455478171444082136e+02 -7.703177364919315551e+02 2.852762728553756915e+03 -9.958298274309962039e+01 6.962125420548273723e+03 1.005286179208181966e+04 -5.725513228824008820e+02 5.447614998769602607e+03
1.140750693399112060e+05 1.766804417455957810e+04 -6.400747898353537494e+03 1.298010681475642923e+05 6.223867377450792264e+04 1.011952317734144890e+05 3.330689449500873161e+04 5.744847345330108510e+04 -3.032615386522490553e+03 1.341110574856198400e+04 1.840859693702633376e+04 1.241102787660020113e+04 2.256105223321303856e+04 1.961394258531440209e+04 2.255698503169180913e+04 7.004141800247778065e+02 1.426513239152822644e+04 5.558259459256648370e+03 1.471239496625083120e+04 7.021727073368604761e+04 3.511119517398767057e+05 5.014064026118809124e+04 7.036507484384175768e+03 2.013644651174423416e+04 2.032890626468414121e+04 2.863355996868741568e+04 1.705399377755431124e+04 1.383891429473608332e+04 1.937245878273892231e+04 1.154929541051058914e+04 -2.399253005122276591e+03 1.139802659522644353e+04 1.079432701341143729e+04 3.397136628548630597e+03 1.217073580859439971e+04 1.455225298604977434e+04 7.077872493290527927e+03 -1.436658444275381953e+03 4.259602963539582561e+03 7.932342879689643269e+03 9.504434051641281258e+03 3.210055095859968333e+03 2.818428785078056080e+03 -1.423610853406997421e+03 2.793225339516622626e+03
-3.474591693591220537e+05 -2.798436008325406001e+05 -2.278538059778097377e+05 -9.576954157157824375e+04 8.839197768819963676e+04 5.256458443560831802e+04 -1.135207862711385387e+05 -1.020741871148259088e+04 -2.657780748379265788e+03 2.433066256356573285e+04 8.346474098647844585e+03 2.642882032739699207e+04 7.683219958546389535e+03 3.536378100702747179e+04 6.748016680530587109e+03 1.460301271035605896e+04 3.233592803671546062e+04 1.089301959234079550e+04 2.570510605175657474e+04 -3.322612727703882683e+03 5.014064026118809124e+04 3.047393687711177045e+05 5.037159805834184226e+04 2.193734951414058014e+04 1.950463768085057836e+03 5.656392021349265633e+03 7.791359069847128012e+03 -4.215073889638926630e+03 2.073663370498014046e+03 1.116992981645329382e+04 -4.123074168987059238e+03 -2.361731046052362217e+03 4.092825036728213036e+03 1.181114755305854851e+04 5.083833581584124659e+03 3.702606030884038319e+03 7.226465542560864378e+03 -3.906807395968141009e+03 7.867992389967905183e+03 3.174142451318431995e+03 2.644103423537637354e+03 9.405642915828545938e+02 5.450063689718588648e+03 5.052396776834566481e+03 3.724970543371072836e+03
-2.785014716999926604e+05 -2.827879672549937968e+05 -1.612445317905684933e+05 1.832727555795307562e+05 5.599995866101222782e+04 8.437769624223794381e+03 2.272657665938444552e+04 2.698404107397297139e+03 8.952117355333753949e+03 -1.576615221840605773e+04 8.836350421483792161e+03 6.630117207219946977e+03 -4.493175561645760172e+04 -1.692820327827490473e+04 9.048117647122080598e+03 -7.142324764713957848e+03 3.407032619577334572e+03 2.618705692655577423e+03 2.464052071542023259e+04 5.456070320648274901e+03 7.036507484384175768e+03 5.037159805834184226e+04 2.799139962999591371e+05 5.309618045659054769e+04 1.869083600120300980e+04 1.289990117376636772e+04 1.078147321515255135e+04 2.715461249762258376e+03 8.987488042437073091e+03 3.343508882490822543e+03 1.168156803885345653e+03 1.785469718634343735e+04 7.100533336631090606e+03 5.494810066817563893e+03 2.939052687616953335e+03 7.806947224433887641e+03 1.555190226607545446e+04 8.441953761439076516e+02 8.164801980108018142e+03 5.644728475934901326e+03 -2.852783896710464887e+03 3.301995115563212494e+03 7.707164919168325468e+03 -1.604186519022326138e+03 3.603050534493244868e+03
9.492431965128681622e+04 1.131569401039249788e+05 1.112898612960763239e+04 7.166731635951690805e+03 4.036214097647963354e+04 -1.634134884008266090e+04 -9.472360242741326147e+03 -4.281196519158691081e+04 -1.094946356277841005e+04 -2.402487596941781521e+04 3.274483810454829654e+04 1.298931251181139669e+04 3.118555410155506252e+03 2.343059340399356006e+04 1.401864842956171924e+04 1.096406266094164130e+04 5.541951641649863632e+03 1.724211879278112974e+04 2.441032594395772321e+03 1.899650194283946985e+04 2.013644651174423416e+04 2.193734951414058014e+04 5.309618045659054769e+04 2.330593270464723173e+05 4.330318829963413737e+04 2.024059652580504917e+04 2.229596584768027697e+03 -7.162749411856259940e+03 1.089094122197082243e+03 2.060840965155524373e+03 8.759715445037989412e+03 2.113183714368329220e+03 4.362270211012493746e+03 -8.579700626415950637e+02 2.953127639421211370e+03 6.157817573673217339e+03 -2.388241173128021160e+02 9.657393292445629413e+03 -1.054090506962086010e+03 1.030093862939288010e+04 6.325817048736402285e+03 7.807111711600620765e+03 5.052159845201001190e+03 1.734533086375880657e+03 8.079748514242432975e+03
1.896529812512271747e+05 -6.106835396013072750e+04 -2.032211408582405056e+03 1.187944884667520273e+04 -4.598672048821239150e+04 -1.569402568074986448e+04 1.722545444183405925e+04 1.397999112671678267e+04 1.781302404417557409e+04 3.041798086016266552e+03 -3.499614538490483392e+04 4.161732287119682042e+03 -1.281269148715025767e+04 2.855587952621632212e+03 1.574281811578080669e+04 1.988029817170005481e+04 3.100429755804458910e+04 4.921795892953524344e+03 -3.381703598004353353e+03 -1.128419949223635513e+03 2.032890626468414121e+04 1.950463768085057836e+03 1.869083600120300980e+04 4.330318829963413737e+04 2.441004722259483824e+05 4.554372568746502657e+04 9.460164469541252402e+03 1.894320053831261930e+03 9.651474321845795203e+03 4.291622611253921605e+03 5.953091835141543925e+03 6.083483860098594960e+03 4.761458139653984290e+03 4.355649854925906766e+03 9.298874217839706034e+03 4.737827743996062054e+03 1.983479719950175650e+03 3.229486051400032920e+03 -1.055747721738613620e+02 8.933312469582091580e+03 1.434778511489607354e+03 1.504316684537186291e+02 -3.241096900739313242e+03 -2.708607450825260443e+01 -2.976445008815890105e+03
-9.362564141453629418e+04 -6.320687102497071464e+03 -8.215363618453007075e+04 7.190861339268481242e+04 5.198458922483913921e+04 -3.985498209512127505e+04 -3.576784227420170623e+02 2.926839440276830283e+04 2.939190227344981395e+04 7.145320203623095949e+03 1.464339666452649908e+04 1.631730953838867026e+04 2.003152259916459298e+04 3.434640163284591381e+03 1.318995329013822447e+04 7.468343106573494197e+02 3.157412470534956083e+04 -1.102119700923610708e+03 2.271930986217528698e+03 7.458675121267810027e+03 2.863355996868741568e+04 5.656392021349265633e+03 1.289990117376636772e+04 2.024059652580504917e+04 4.554372568746502657e+04 2.248346907963420963e+05 4.090452850582960673e+04 9.306599936625458213e+03 6.205324298311644270e+03 1.109434589651243004e+04 3.055304100050296256e+03 9.833129111509842915e+03 6.739434460322311679e+03 -9.132672103192599025e+02 -2.459058257469971522e+03 -2.917244366439147143e+03 -5.035075337388473599e+03 3.299614736124564843e+03 6.445325117960920579e+03 1.432280620847891078e+04 -3.334741802188826114e+03 1.423142414183187611e+03 4.452554158361327609e+03 2.632418538545884076e+03 -2.820533528913206737e+03
-2.394822632746742165e+05 6.301166237308559357e+04 1.141066776742773218e+05 1.049343523430304049e+05 -2.761597596592365790e+03 -2.410247282533197358e+04 6.534834298947099160e+04 -6.124635310193553778e+03 -2.646820531280437990e+03 1.394452416301108497e+04 -1.063515605093289196e+04 1.049870603871846833e+04 1.585984646698566576e+04 -6.953115072692360627e+03 8.233248026023755301e+03 -4.851863734722120967e+02 2.216826156837135568e+04 5.839299785391586965e+02 6.105899709476486350e+03 -6.453395689963937002e+03 1.705399377755431124e+04 7.791359069847128012e+03 1.078147321515255135e+04 2.229596584768027697e+03 9.460164469541252402e+03 4.090452850582960673e+04 1.853600992416991794e+05 3.269731840227638168e+04 7.178369493428233909e+03 4.718608558463678492e+03 3.991359799011277573e+03 1.095609391994387806e+04 7.278237316597031167e+03 -6.696548595081280837e+03 5.034094490687051803e+03 2.598247217221630763e+03 2.737015101370122466e+03 6.446165914347878243e+03 6.292034575832827613e+03 6.439605295526848749e+03 -1.079713507533998381e+03 1.054602190343362963e+04 2.059467043642434874e+03 4.183882439641862220e+03 3.904282602403226974e+03
-6.311831698545598920e+04 8.731390279245853890e+04 -9.317679859783589200e+04 1.375370133267019119e+05 6.191213709868984006e+04 -4.655066481311242387e+04 2.789467001916454683e+04 -5.735333594764163536e+03 4.635154529810721579e+04 -2.760057449269351491e+04 2.541619633399293161e+04 1.924962376863073951e+04 1.422960222055376835e+04 1.182904802159576775e+03 2.199536645076275818e+04 2.160324829805768604e+04 1.018815253142210531e+04 2.366579663180289117e+03 -4.570982502508881225e+03 7.919340546968043782e+03 1.383891429473608332e+04 -4.215073889638926630e+03 2.715461249762258376e+03 -7.162749411856259940e+03 1.894320053831261930e+03 9.306599936625458213e+03 3.269731840227638168e+04 1.691575776906269311e+05 3.285448493575478642e+04 1.570148661783246644e+04 4.088312555106840591e+03 1.399890953562396680e+04 8.236555905962057295e+03 1.358829463288300758e+03 1.214227725412142718e+03 3.347178990932490251e+03 7.004744033417802029e+02 7.193923037233417972e+02 4.960980459426735251e+03 3.845407773040155462e+03 4.523902765881016421e+03 4.883081961393585516e+03 6.059819654143188018e+03 4.359710638133638895e+03 2.001432358574676300e+02
-1.375672621753700951e+05 -1.788071209602947929e+05 1.096043148034785700e+05 -3.055646567682058048e+03 2.434891491068446339e+04 -4.197162160936869441e+03 -3.019981597400808369e+03 1.050241479812315083e+04 5.613483138203326234e+03 2.397630330864114876e+04 -1.678330008661712782e+04 -1.115640036675855299e+04 1.251895406179763995e+04 6.976645430184812540e+03 2.120465770481433719e+04 2.340884065051634025e+04 1.240839428637124547e+04 9.306609035711151591e+03 -4.600924184100079515e+02 1.591664416595480543e+04 1.937245878273892231e+04 2.073663370498014046e+03 8.987488042437073091e+03 1.089094122197082243e+03 9.651474321845795203e+03 6.205324298311644270e+03 7.178369493428233909e+03 3.285448493575478642e+04 1.643988353286651836e+05 3.738410723139030597e+04 1.447227835003918335e+04 1.155219392020425221e+04 1.317846925585495683e+03 1.465289384281146340e+03 -5.406498562079875683e+02 1.011547415401934472e+03 4.958405309382185351e+02 -3.229940690610747879e+03 4.339856245920182118e+03 1.560992264697407336e+03 6.678810479518750753e+01 -4.217426902228524455e+02 -3.037899963470636067e+03 6.029912181027606493e+03 4.230705739701668790e+03
2.778736421283650561e+05 -1.081273752064528962e+05 9.755174102860812127e+03 6.684132678436348215e+04 9.214358606865753245e+03 2.547765280079105287e+04 -1.508402944766498695e+04 -1.870856033739789200e+04 -1.577564574123364764e+04 2.907404911926573550e+04 3.659068769313957091e+03 1.980985794550687569e+04 9.852536956686164558e+03 1.546912344244152519e+04 4.121274308656528774e+03 1.832430091594653277e+04 -7.348806779432093208e+02 9.782822896706788015e+03 -3.908958114191188088e+03 2.829119789866499559e+03 1.154929541051058914e+04 1.116992981645329382e+04 3.343508882490822543e+03 2.060840965155524373e+03 4.291622611253921605e+03 1.109434589651243004e+04 4.718608558463678492e+03 1.570148661783246644e+04 3.738410723139030597e+04 1.459188720999028592e+05 2.818662422284107379e+04 6.755931101927805685e+03 1.175057888099069532e+04 7.056265413518765854e+03 1.614707230252600539e+03 4.035207433534937991e+03 3.655016548061112644e+03 2.229835817629862049e+03 -4.423060530306951250e+02 9.453296250140201664e+03 -4.718514651499605179e+02 3.425748305383737716e+03 5.048806174958971496e+03 5.778641579557897785e+03 8.329667664891218010e+03
4.084119841124877566e+05 -2.736563018602945376e+05 1.032818249102090485e+05 -7.865260630544323249e+03 -4.410442309125146130e+04 -4.933106224992240459e+04 -6.709376194033584397e+03 -1.687683720976535551e+04 -1.153218925290668813e+04 4.723257938397959151e+03 2.292043150587826312e+04 1.112269774760338078e+04 2.212943529760788078e+04 2.828521865261590574e+04 3.719155833195125069e+03 1.782924626295189955e+04 1.462359945647497079e+04 8.873159706681384705e+03 6.027625155307556270e+03 8.122414606987487787e+03 -2.399253005122276591e+03 -4.123074168987059238e+03 1.168156803885345653e+03 8.759715445037989412e+03 5.953091835141543925e+03 3.055304100050296256e+03 3.991359799011277573e+03 4.088312555106840591e+03 1.447227835003918335e+04 2.818662422284107379e+04 1.323448384154461964e+05 2.574231352846992377e+04 1.265033741438481957e+04 1.004631198417078303e+04 9.258467972821159492e+03 8.130068201201757802e+03 9.100016562944123507e+03 8.544004400535464811e+03 2.820203944659881472e+03 2.478261111689234440e+03 2.602675397196754602e+03 -8.470484822275785746e+02 3.828092969370878563e+03 1.483030241101363345e+03 1.763179651743877230e+03
2.857442074259042856e+05 -1.761509760787854029e+05 -4.195125775919314765e+04 -2.493299911963337945e+04 4.276820938387438946e+04 -7.201771056635995046e+04 -2.353519192128777377e+03 3.427928647419744084e+04 -8.078635495731396986e+03 6.598480181852462010e+03 1.539505609912397449e+04 6.079606717208890586e+03 -1.592225921898952220e+04 -1.217628502971269336e+04 -6.916385768950030979e+03 6.943036121377302152e+03 4.361127915399207268e+03 1.269166341035232836e+04 1.558153333629524423e+04 1.778776456893195791e+04 1.139802659522644353e+04 -2.361731046052362217e+03 1.785469718634343735e+04 2.113183714368329220e+03 6.083483860098594960e+03 9.833129111509842915e+03 1.095609391994387806e+04 1.399890953562396680e+04 1.155219392020425221e+04 6.755931101927805685e+03 2.574231352846992377e+04 1.267756402169728681e+05 1.587662618083087727e+04 7.638404876537758355e+03 7.980967495808804415e+03 9.618297117017487835e+03 8.309750285401982183e+03 6.853034303396108953e+03 4.612975511793848455e+03 5.145457032946693289e+03 4.449956589923371212e+03 6.467139380770917967e+01 5.859290305101857484e+03 4.725037563960091575e+03 5.155743742703109092e+03
2.331340372449917195e+05 3.951021841494464752e+04 -5.826254969689368590e+04 3.542173717356974976e+03 4.234357340164857305e+04 -3.145425310775632533e+04 -3.872465260848950129e+04 -1.154535714465492674e+04 9.297074242876173230e+03 2.584369284810530371e+04 1.350338531339918882e+04 1.928427559070400457e+04 4.252593262818245421e+03 -1.193435560437911045e+04 7.130842904954858568e+03 2.226830589242275164e+04 9.611967161817079614e+03 -3.236450138539424643e+03 8.265736947649858848e+03 1.276645276380844507e+03 1.079432701341143729e+04 4.092825036728213036e+03 7.100533336631090606e+03 4.362270211012493746e+03 4.761458139653984290e+03 6.739434460322311679e+03 7.278237316597031167e+03 8.236555905962057295e+03 1.317846925585495683e+03 1.175057888099069532e+04 1.265033741438481957e+04 1.587662618083087727e+04 1.185318698596047179e+05 3.328473424244037597e+04 1.213835240396054178e+04 1.063960399761203371e+04 3.253187346045596769e+03 4.854192050565970021e+03 5.479987749984000402e+03 4.179871921323578476e+01 2.118165170921191020e+03 5.581442247305218189e+03 4.391981830632343190e+03 2.126734609368193105e+03 1.222444036103874396e+03
1.472140653584792744e+05 7.677694504263877752e+04 -9.816305555917282618e+03 -1.583956822275169088e+03 3.956309008908404212e+04 1.035576141999287756e+04 5.529864344743482434e+03 2.435801246413832268e+04 -4.479972991401051331e+03 -5.138539002197939226e+03 2.587779247963917805e+04 1.140968254615396290e+04 -5.546364107600695661e+02 1.246164848553186675e+04 -1.451442374447166685e+03 7.917345812112223030e+03 1.030888251656240755e+04 4.821779585746735393e+03 2.961820231379221241e+03 -6.745508780834137724e+03 3.397136628548630597e+03 1.181114755305854851e+04 5.494810066817563893e+03 -8.579700626415950637e+02 4.355649854925906766e+03 -9.132672103192599025e+02 -6.696548595081280837e+03 1.358829463288300758e+03 1.465289384281146340e+03 7.056265413518765854e+03 1.004631198417078303e+04 7.638404876537758355e+03 3.328473424244037597e+04 1.164415535016944050e+05 1.870161064120290757e+04 5.603794638840786320e+03 7.476617156135671394e+03 7.158446293312474154e+03 -7.663778691682711042e+01 1.914021950764796884e+03 4.246393339176716836e+03 4.862151881144483923e+03 1.753892093914814041e+03 -1.735884831200222152e+03 1.962986030970711226e+03
3.337264568770962651e+05 5.342508475799763983e+04 6.506877337738774804e+04 5.094288646101401537e+04 1.789349923445113382e+04 2.878046801193300780e+04 -9.860074372476106873e+03 5.063735575348357997e+03 1.481521894030392104e+04 -9.741858842401132279e+03 -9.422435723350465196e+03 4.116943689814409481e+03 -2.049927086251342644e+03 1.276604353488032393e+04 -5.524532278184738971e+03 -4.267345270871886896e+03 5.265610335085983024e+03 1.122782903672668226e+03 7.979987449189347899e+03 3.367859961062796174e+03 1.217073580859439971e+04 5.083833581584124659e+03 2.939052687616953335e+03 2.953127639421211370e+03 9.298874217839706034e+03 -2.459058257469971522e+03 5.034094490687051803e+03 1.214227725412142718e+03 -5.406498562079875683e+02 1.614707230252600539e+03 9.258467972821159492e+03 7.980967495808804415e+03 1.213835240396054178e+04 1.870161064120290757e+04 1.028011874989948556e+05 1.826891571061984359e+04 6.847090409373368857e+03 6.713797495211052592e+03 4.155156111721222260e+03 5.223080221125314893e+03 5.979063536527557517e+03 6.496185123933864816e+03 2.379603724061917092e+03 2.361247754585206621e+03 2.889535943662633599e+03
