# S0B for NGC data 
# k1-eff  k2-eff  k3-eff S_0B(k1-eff,k2-eff,k3-eff)  S_0B
5.738000000000000045e-03 5.738000000000000045e-03 5.738000000000000045e-03 1.242738588158767128e+10 4.406788667664088249e+09
5.738000000000000045e-03 5.738000000000000045e-03 1.037300000000000028e-02 1.272519220495554352e+10 4.406788667664088249e+09
5.738000000000000045e-03 5.738000000000000045e-03 1.525999999999999926e-02 1.166022757498185730e+10 4.406788667664088249e+09
5.738000000000000045e-03 1.037300000000000028e-02 1.037300000000000028e-02 1.302299852832341576e+10 4.406788667664088249e+09
5.738000000000000045e-03 1.037300000000000028e-02 1.525999999999999926e-02 1.195803389834973145e+10 4.406788667664088249e+09
5.738000000000000045e-03 1.037300000000000028e-02 2.019699999999999968e-02 1.217548533663005638e+10 4.406788667664088249e+09
5.738000000000000045e-03 1.525999999999999926e-02 1.525999999999999926e-02 1.089306926837604332e+10 4.406788667664088249e+09
5.738000000000000045e-03 1.525999999999999926e-02 2.019699999999999968e-02 1.111052070665637016e+10 4.406788667664088249e+09
5.738000000000000045e-03 1.525999999999999926e-02 2.516699999999999840e-02 1.080175337644953728e+10 4.406788667664088249e+09
5.738000000000000045e-03 2.019699999999999968e-02 2.019699999999999968e-02 1.132797214493669701e+10 4.406788667664088249e+09
5.738000000000000045e-03 2.019699999999999968e-02 2.516699999999999840e-02 1.101920481472986412e+10 4.406788667664088249e+09
5.738000000000000045e-03 2.019699999999999968e-02 3.013700000000000059e-02 1.055727443613075256e+10 4.406788667664088249e+09
5.738000000000000045e-03 2.516699999999999840e-02 2.516699999999999840e-02 1.071043748452303505e+10 4.406788667664088249e+09
5.738000000000000045e-03 2.516699999999999840e-02 3.013700000000000059e-02 1.024850710592391968e+10 4.406788667664088249e+09
5.738000000000000045e-03 2.516699999999999840e-02 3.511100000000000332e-02 9.982782570017267227e+09 4.406788667664088249e+09
5.738000000000000045e-03 3.013700000000000059e-02 3.013700000000000059e-02 9.786576727324808121e+09 4.406788667664088249e+09
5.738000000000000045e-03 3.013700000000000059e-02 3.511100000000000332e-02 9.520852191418153763e+09 4.406788667664088249e+09
5.738000000000000045e-03 3.013700000000000059e-02 4.009599999999999970e-02 9.156593330205997467e+09 4.406788667664088249e+09
5.738000000000000045e-03 3.511100000000000332e-02 3.511100000000000332e-02 9.255127655511499405e+09 4.406788667664088249e+09
5.738000000000000045e-03 3.511100000000000332e-02 4.009599999999999970e-02 8.890868794299345016e+09 4.406788667664088249e+09
5.738000000000000045e-03 3.511100000000000332e-02 4.509300000000000114e-02 8.789369265094921112e+09 4.406788667664088249e+09
5.738000000000000045e-03 4.009599999999999970e-02 4.009599999999999970e-02 8.526609933087188721e+09 4.406788667664088249e+09
5.738000000000000045e-03 4.009599999999999970e-02 4.509300000000000114e-02 8.425110403882764816e+09 4.406788667664088249e+09
5.738000000000000045e-03 4.009599999999999970e-02 5.009299999999999864e-02 8.182759561424503326e+09 4.406788667664088249e+09
5.738000000000000045e-03 4.509300000000000114e-02 4.509300000000000114e-02 8.323610874678340912e+09 4.406788667664088249e+09
5.738000000000000045e-03 4.509300000000000114e-02 5.009299999999999864e-02 8.081260032220078468e+09 4.406788667664088249e+09
5.738000000000000045e-03 4.509300000000000114e-02 5.507800000000000196e-02 8.067821371295549393e+09 4.406788667664088249e+09
5.738000000000000045e-03 5.009299999999999864e-02 5.009299999999999864e-02 7.838909189761816978e+09 4.406788667664088249e+09
5.738000000000000045e-03 5.009299999999999864e-02 5.507800000000000196e-02 7.825470528837287903e+09 4.406788667664088249e+09
5.738000000000000045e-03 5.009299999999999864e-02 6.006700000000000234e-02 7.573201272248107910e+09 4.406788667664088249e+09
5.738000000000000045e-03 5.507800000000000196e-02 5.507800000000000196e-02 7.812031867912758827e+09 4.406788667664088249e+09
5.738000000000000045e-03 5.507800000000000196e-02 6.006700000000000234e-02 7.559762611323578835e+09 4.406788667664088249e+09
5.738000000000000045e-03 5.507800000000000196e-02 6.505900000000000571e-02 7.527668126892509460e+09 4.406788667664088249e+09
5.738000000000000045e-03 6.006700000000000234e-02 6.006700000000000234e-02 7.307493354734397888e+09 4.406788667664088249e+09
5.738000000000000045e-03 6.006700000000000234e-02 6.505900000000000571e-02 7.275398870303330421e+09 4.406788667664088249e+09
5.738000000000000045e-03 6.006700000000000234e-02 7.005400000000000515e-02 7.126293604902151108e+09 4.406788667664088249e+09
5.738000000000000045e-03 6.505900000000000571e-02 6.505900000000000571e-02 7.243304385872262001e+09 4.406788667664088249e+09
5.738000000000000045e-03 6.505900000000000571e-02 7.005400000000000515e-02 7.094199120471082687e+09 4.406788667664088249e+09
5.738000000000000045e-03 6.505900000000000571e-02 7.505299999999999472e-02 7.054768032407696724e+09 4.406788667664088249e+09
5.738000000000000045e-03 7.005400000000000515e-02 7.005400000000000515e-02 6.945093855069902420e+09 4.406788667664088249e+09
5.738000000000000045e-03 7.005400000000000515e-02 7.505299999999999472e-02 6.905662767006516457e+09 4.406788667664088249e+09
5.738000000000000045e-03 7.005400000000000515e-02 8.005400000000000016e-02 6.801389156757268906e+09 4.406788667664088249e+09
5.738000000000000045e-03 7.505299999999999472e-02 7.505299999999999472e-02 6.866231678943130493e+09 4.406788667664088249e+09
5.738000000000000045e-03 7.505299999999999472e-02 8.005400000000000016e-02 6.761958068693882942e+09 4.406788667664088249e+09
5.738000000000000045e-03 8.005400000000000016e-02 8.005400000000000016e-02 6.657684458444634438e+09 4.406788667664088249e+09
1.037300000000000028e-02 1.037300000000000028e-02 1.037300000000000028e-02 1.332080485169128799e+10 4.406788667664088249e+09
1.037300000000000028e-02 1.037300000000000028e-02 1.525999999999999926e-02 1.225584022171760368e+10 4.406788667664088249e+09
1.037300000000000028e-02 1.037300000000000028e-02 2.019699999999999968e-02 1.247329165999792862e+10 4.406788667664088249e+09
1.037300000000000028e-02 1.037300000000000028e-02 2.516699999999999840e-02 1.216452432979109764e+10 4.406788667664088249e+09
1.037300000000000028e-02 1.525999999999999926e-02 1.525999999999999926e-02 1.119087559174391556e+10 4.406788667664088249e+09
1.037300000000000028e-02 1.525999999999999926e-02 2.019699999999999968e-02 1.140832703002424240e+10 4.406788667664088249e+09
1.037300000000000028e-02 1.525999999999999926e-02 2.516699999999999840e-02 1.109955969981740952e+10 4.406788667664088249e+09
1.037300000000000028e-02 1.525999999999999926e-02 3.013700000000000059e-02 1.063762932121829796e+10 4.406788667664088249e+09
1.037300000000000028e-02 2.019699999999999968e-02 2.019699999999999968e-02 1.162577846830456924e+10 4.406788667664088249e+09
1.037300000000000028e-02 2.019699999999999968e-02 2.516699999999999840e-02 1.131701113809773827e+10 4.406788667664088249e+09
1.037300000000000028e-02 2.019699999999999968e-02 3.013700000000000059e-02 1.085508075949862480e+10 4.406788667664088249e+09
1.037300000000000028e-02 2.019699999999999968e-02 3.511100000000000332e-02 1.058935622359197044e+10 4.406788667664088249e+09
1.037300000000000028e-02 2.516699999999999840e-02 2.516699999999999840e-02 1.100824380789090538e+10 4.406788667664088249e+09
1.037300000000000028e-02 2.516699999999999840e-02 3.013700000000000059e-02 1.054631342929179382e+10 4.406788667664088249e+09
1.037300000000000028e-02 2.516699999999999840e-02 3.511100000000000332e-02 1.028058889338513947e+10 4.406788667664088249e+09
1.037300000000000028e-02 2.516699999999999840e-02 4.009599999999999970e-02 9.916330032172983170e+09 4.406788667664088249e+09
1.037300000000000028e-02 3.013700000000000059e-02 3.013700000000000059e-02 1.008438305069267845e+10 4.406788667664088249e+09
1.037300000000000028e-02 3.013700000000000059e-02 3.511100000000000332e-02 9.818658514786024094e+09 4.406788667664088249e+09
1.037300000000000028e-02 3.013700000000000059e-02 4.009599999999999970e-02 9.454399653573871613e+09 4.406788667664088249e+09
1.037300000000000028e-02 3.013700000000000059e-02 4.509300000000000114e-02 9.352900124369445801e+09 4.406788667664088249e+09
1.037300000000000028e-02 3.511100000000000332e-02 3.511100000000000332e-02 9.552933978879371643e+09 4.406788667664088249e+09
1.037300000000000028e-02 3.511100000000000332e-02 4.009599999999999970e-02 9.188675117667217255e+09 4.406788667664088249e+09
1.037300000000000028e-02 3.511100000000000332e-02 4.509300000000000114e-02 9.087175588462793350e+09 4.406788667664088249e+09
1.037300000000000028e-02 3.511100000000000332e-02 5.009299999999999864e-02 8.844824746004531860e+09 4.406788667664088249e+09
1.037300000000000028e-02 4.009599999999999970e-02 4.009599999999999970e-02 8.824416256455060959e+09 4.406788667664088249e+09
1.037300000000000028e-02 4.009599999999999970e-02 4.509300000000000114e-02 8.722916727250637054e+09 4.406788667664088249e+09
1.037300000000000028e-02 4.009599999999999970e-02 5.009299999999999864e-02 8.480565884792375565e+09 4.406788667664088249e+09
1.037300000000000028e-02 4.009599999999999970e-02 5.507800000000000196e-02 8.467127223867846489e+09 4.406788667664088249e+09
1.037300000000000028e-02 4.509300000000000114e-02 4.509300000000000114e-02 8.621417198046213150e+09 4.406788667664088249e+09
1.037300000000000028e-02 4.509300000000000114e-02 5.009299999999999864e-02 8.379066355587951660e+09 4.406788667664088249e+09
1.037300000000000028e-02 4.509300000000000114e-02 5.507800000000000196e-02 8.365627694663421631e+09 4.406788667664088249e+09
1.037300000000000028e-02 4.509300000000000114e-02 6.006700000000000234e-02 8.113358438074241638e+09 4.406788667664088249e+09
1.037300000000000028e-02 5.009299999999999864e-02 5.009299999999999864e-02 8.136715513129689217e+09 4.406788667664088249e+09
1.037300000000000028e-02 5.009299999999999864e-02 5.507800000000000196e-02 8.123276852205160141e+09 4.406788667664088249e+09
1.037300000000000028e-02 5.009299999999999864e-02 6.006700000000000234e-02 7.871007595615980148e+09 4.406788667664088249e+09
1.037300000000000028e-02 5.009299999999999864e-02 6.505900000000000571e-02 7.838913111184912682e+09 4.406788667664088249e+09
1.037300000000000028e-02 5.507800000000000196e-02 5.507800000000000196e-02 8.109838191280629158e+09 4.406788667664088249e+09
1.037300000000000028e-02 5.507800000000000196e-02 6.006700000000000234e-02 7.857568934691451073e+09 4.406788667664088249e+09
1.037300000000000028e-02 5.507800000000000196e-02 6.505900000000000571e-02 7.825474450260381699e+09 4.406788667664088249e+09
1.037300000000000028e-02 5.507800000000000196e-02 7.005400000000000515e-02 7.676369184859202385e+09 4.406788667664088249e+09
1.037300000000000028e-02 6.006700000000000234e-02 6.006700000000000234e-02 7.605299678102271080e+09 4.406788667664088249e+09
1.037300000000000028e-02 6.006700000000000234e-02 6.505900000000000571e-02 7.573205193671203613e+09 4.406788667664088249e+09
1.037300000000000028e-02 6.006700000000000234e-02 7.005400000000000515e-02 7.424099928270022392e+09 4.406788667664088249e+09
1.037300000000000028e-02 6.006700000000000234e-02 7.505299999999999472e-02 7.384668840206636429e+09 4.406788667664088249e+09
1.037300000000000028e-02 6.505900000000000571e-02 6.505900000000000571e-02 7.541110709240134239e+09 4.406788667664088249e+09
1.037300000000000028e-02 6.505900000000000571e-02 7.005400000000000515e-02 7.392005443838954926e+09 4.406788667664088249e+09
1.037300000000000028e-02 6.505900000000000571e-02 7.505299999999999472e-02 7.352574355775568962e+09 4.406788667664088249e+09
1.037300000000000028e-02 6.505900000000000571e-02 8.005400000000000016e-02 7.248300745526320457e+09 4.406788667664088249e+09
1.037300000000000028e-02 7.005400000000000515e-02 7.005400000000000515e-02 7.242900178437774658e+09 4.406788667664088249e+09
1.037300000000000028e-02 7.005400000000000515e-02 7.505299999999999472e-02 7.203469090374388695e+09 4.406788667664088249e+09
1.037300000000000028e-02 7.005400000000000515e-02 8.005400000000000016e-02 7.099195480125140190e+09 4.406788667664088249e+09
1.037300000000000028e-02 7.505299999999999472e-02 7.505299999999999472e-02 7.164038002311004639e+09 4.406788667664088249e+09
1.037300000000000028e-02 7.505299999999999472e-02 8.005400000000000016e-02 7.059764392061755180e+09 4.406788667664088249e+09
1.037300000000000028e-02 8.005400000000000016e-02 8.005400000000000016e-02 6.955490781812506676e+09 4.406788667664088249e+09
1.525999999999999926e-02 1.525999999999999926e-02 1.525999999999999926e-02 1.012591096177022934e+10 4.406788667664088249e+09
1.525999999999999926e-02 1.525999999999999926e-02 2.019699999999999968e-02 1.034336240005055618e+10 4.406788667664088249e+09
1.525999999999999926e-02 1.525999999999999926e-02 2.516699999999999840e-02 1.003459506984372330e+10 4.406788667664088249e+09
1.525999999999999926e-02 1.525999999999999926e-02 3.013700000000000059e-02 9.572664691244611740e+09 4.406788667664088249e+09
1.525999999999999926e-02 1.525999999999999926e-02 3.511100000000000332e-02 9.306940155337957382e+09 4.406788667664088249e+09
1.525999999999999926e-02 2.019699999999999968e-02 2.019699999999999968e-02 1.056081383833088303e+10 4.406788667664088249e+09
1.525999999999999926e-02 2.019699999999999968e-02 2.516699999999999840e-02 1.025204650812405014e+10 4.406788667664088249e+09
1.525999999999999926e-02 2.019699999999999968e-02 3.013700000000000059e-02 9.790116129524938583e+09 4.406788667664088249e+09
1.525999999999999926e-02 2.019699999999999968e-02 3.511100000000000332e-02 9.524391593618284225e+09 4.406788667664088249e+09
1.525999999999999926e-02 2.019699999999999968e-02 4.009599999999999970e-02 9.160132732406127930e+09 4.406788667664088249e+09
1.525999999999999926e-02 2.516699999999999840e-02 2.516699999999999840e-02 9.943279177917221069e+09 4.406788667664088249e+09
1.525999999999999926e-02 2.516699999999999840e-02 3.013700000000000059e-02 9.481348799318105698e+09 4.406788667664088249e+09
1.525999999999999926e-02 2.516699999999999840e-02 3.511100000000000332e-02 9.215624263411453247e+09 4.406788667664088249e+09
1.525999999999999926e-02 2.516699999999999840e-02 4.009599999999999970e-02 8.851365402199296951e+09 4.406788667664088249e+09
1.525999999999999926e-02 2.516699999999999840e-02 4.509300000000000114e-02 8.749865872994873047e+09 4.406788667664088249e+09
1.525999999999999926e-02 3.013700000000000059e-02 3.013700000000000059e-02 9.019418420718994141e+09 4.406788667664088249e+09
1.525999999999999926e-02 3.013700000000000059e-02 3.511100000000000332e-02 8.753693884812339783e+09 4.406788667664088249e+09
1.525999999999999926e-02 3.013700000000000059e-02 4.009599999999999970e-02 8.389435023600184441e+09 4.406788667664088249e+09
1.525999999999999926e-02 3.013700000000000059e-02 4.509300000000000114e-02 8.287935494395759583e+09 4.406788667664088249e+09
1.525999999999999926e-02 3.013700000000000059e-02 5.009299999999999864e-02 8.045584651937498093e+09 4.406788667664088249e+09
1.525999999999999926e-02 3.511100000000000332e-02 3.511100000000000332e-02 8.487969348905686378e+09 4.406788667664088249e+09
1.525999999999999926e-02 3.511100000000000332e-02 4.009599999999999970e-02 8.123710487693530083e+09 4.406788667664088249e+09
1.525999999999999926e-02 3.511100000000000332e-02 4.509300000000000114e-02 8.022210958489106178e+09 4.406788667664088249e+09
1.525999999999999926e-02 3.511100000000000332e-02 5.009299999999999864e-02 7.779860116030844688e+09 4.406788667664088249e+09
1.525999999999999926e-02 3.511100000000000332e-02 5.507800000000000196e-02 7.766421455106315613e+09 4.406788667664088249e+09
1.525999999999999926e-02 4.009599999999999970e-02 4.009599999999999970e-02 7.759451626481374741e+09 4.406788667664088249e+09
1.525999999999999926e-02 4.009599999999999970e-02 4.509300000000000114e-02 7.657952097276950836e+09 4.406788667664088249e+09
1.525999999999999926e-02 4.009599999999999970e-02 5.009299999999999864e-02 7.415601254818688393e+09 4.406788667664088249e+09
1.525999999999999926e-02 4.009599999999999970e-02 5.507800000000000196e-02 7.402162593894159317e+09 4.406788667664088249e+09
1.525999999999999926e-02 4.009599999999999970e-02 6.006700000000000234e-02 7.149893337304980278e+09 4.406788667664088249e+09
1.525999999999999926e-02 4.509300000000000114e-02 4.509300000000000114e-02 7.556452568072525978e+09 4.406788667664088249e+09
1.525999999999999926e-02 4.509300000000000114e-02 5.009299999999999864e-02 7.314101725614264488e+09 4.406788667664088249e+09
1.525999999999999926e-02 4.509300000000000114e-02 5.507800000000000196e-02 7.300663064689735413e+09 4.406788667664088249e+09
1.525999999999999926e-02 4.509300000000000114e-02 6.006700000000000234e-02 7.048393808100555420e+09 4.406788667664088249e+09
1.525999999999999926e-02 4.509300000000000114e-02 6.505900000000000571e-02 7.016299323669487000e+09 4.406788667664088249e+09
1.525999999999999926e-02 5.009299999999999864e-02 5.009299999999999864e-02 7.071750883156003952e+09 4.406788667664088249e+09
1.525999999999999926e-02 5.009299999999999864e-02 5.507800000000000196e-02 7.058312222231473923e+09 4.406788667664088249e+09
1.525999999999999926e-02 5.009299999999999864e-02 6.006700000000000234e-02 6.806042965642293930e+09 4.406788667664088249e+09
1.525999999999999926e-02 5.009299999999999864e-02 6.505900000000000571e-02 6.773948481211226463e+09 4.406788667664088249e+09
1.525999999999999926e-02 5.009299999999999864e-02 7.005400000000000515e-02 6.624843215810046196e+09 4.406788667664088249e+09
1.525999999999999926e-02 5.507800000000000196e-02 5.507800000000000196e-02 7.044873561306943893e+09 4.406788667664088249e+09
1.525999999999999926e-02 5.507800000000000196e-02 6.006700000000000234e-02 6.792604304717763901e+09 4.406788667664088249e+09
1.525999999999999926e-02 5.507800000000000196e-02 6.505900000000000571e-02 6.760509820286696434e+09 4.406788667664088249e+09
1.525999999999999926e-02 5.507800000000000196e-02 7.005400000000000515e-02 6.611404554885516167e+09 4.406788667664088249e+09
1.525999999999999926e-02 5.507800000000000196e-02 7.505299999999999472e-02 6.571973466822130203e+09 4.406788667664088249e+09
1.525999999999999926e-02 6.006700000000000234e-02 6.006700000000000234e-02 6.540335048128584862e+09 4.406788667664088249e+09
1.525999999999999926e-02 6.006700000000000234e-02 6.505900000000000571e-02 6.508240563697516441e+09 4.406788667664088249e+09
1.525999999999999926e-02 6.006700000000000234e-02 7.005400000000000515e-02 6.359135298296337128e+09 4.406788667664088249e+09
1.525999999999999926e-02 6.006700000000000234e-02 7.505299999999999472e-02 6.319704210232951164e+09 4.406788667664088249e+09
1.525999999999999926e-02 6.006700000000000234e-02 8.005400000000000016e-02 6.215430599983702660e+09 4.406788667664088249e+09
1.525999999999999926e-02 6.505900000000000571e-02 6.505900000000000571e-02 6.476146079266448021e+09 4.406788667664088249e+09
1.525999999999999926e-02 6.505900000000000571e-02 7.005400000000000515e-02 6.327040813865268707e+09 4.406788667664088249e+09
1.525999999999999926e-02 6.505900000000000571e-02 7.505299999999999472e-02 6.287609725801882744e+09 4.406788667664088249e+09
1.525999999999999926e-02 6.505900000000000571e-02 8.005400000000000016e-02 6.183336115552634239e+09 4.406788667664088249e+09
1.525999999999999926e-02 7.005400000000000515e-02 7.005400000000000515e-02 6.177935548464088440e+09 4.406788667664088249e+09
1.525999999999999926e-02 7.005400000000000515e-02 7.505299999999999472e-02 6.138504460400702477e+09 4.406788667664088249e+09
1.525999999999999926e-02 7.005400000000000515e-02 8.005400000000000016e-02 6.034230850151454926e+09 4.406788667664088249e+09
1.525999999999999926e-02 7.505299999999999472e-02 7.505299999999999472e-02 6.099073372337316513e+09 4.406788667664088249e+09
1.525999999999999926e-02 7.505299999999999472e-02 8.005400000000000016e-02 5.994799762088068962e+09 4.406788667664088249e+09
1.525999999999999926e-02 8.005400000000000016e-02 8.005400000000000016e-02 5.890526151838820457e+09 4.406788667664088249e+09
2.019699999999999968e-02 2.019699999999999968e-02 2.019699999999999968e-02 1.077826527661120987e+10 4.406788667664088249e+09
2.019699999999999968e-02 2.019699999999999968e-02 2.516699999999999840e-02 1.046949794640437889e+10 4.406788667664088249e+09
2.019699999999999968e-02 2.019699999999999968e-02 3.013700000000000059e-02 1.000756756780526543e+10 4.406788667664088249e+09
2.019699999999999968e-02 2.019699999999999968e-02 3.511100000000000332e-02 9.741843031898611069e+09 4.406788667664088249e+09
2.019699999999999968e-02 2.019699999999999968e-02 4.009599999999999970e-02 9.377584170686456680e+09 4.406788667664088249e+09
2.019699999999999968e-02 2.019699999999999968e-02 4.509300000000000114e-02 9.276084641482032776e+09 4.406788667664088249e+09
2.019699999999999968e-02 2.516699999999999840e-02 2.516699999999999840e-02 1.016073061619754601e+10 4.406788667664088249e+09
2.019699999999999968e-02 2.516699999999999840e-02 3.013700000000000059e-02 9.698800237598434448e+09 4.406788667664088249e+09
2.019699999999999968e-02 2.516699999999999840e-02 3.511100000000000332e-02 9.433075701691780090e+09 4.406788667664088249e+09
2.019699999999999968e-02 2.516699999999999840e-02 4.009599999999999970e-02 9.068816840479623795e+09 4.406788667664088249e+09
2.019699999999999968e-02 2.516699999999999840e-02 4.509300000000000114e-02 8.967317311275199890e+09 4.406788667664088249e+09
2.019699999999999968e-02 2.516699999999999840e-02 5.009299999999999864e-02 8.724966468816938400e+09 4.406788667664088249e+09
2.019699999999999968e-02 3.013700000000000059e-02 3.013700000000000059e-02 9.236869858999319077e+09 4.406788667664088249e+09
2.019699999999999968e-02 3.013700000000000059e-02 3.511100000000000332e-02 8.971145323092664719e+09 4.406788667664088249e+09
2.019699999999999968e-02 3.013700000000000059e-02 4.009599999999999970e-02 8.606886461880512238e+09 4.406788667664088249e+09
2.019699999999999968e-02 3.013700000000000059e-02 4.509300000000000114e-02 8.505386932676087379e+09 4.406788667664088249e+09
2.019699999999999968e-02 3.013700000000000059e-02 5.009299999999999864e-02 8.263036090217825890e+09 4.406788667664088249e+09
2.019699999999999968e-02 3.013700000000000059e-02 5.507800000000000196e-02 8.249597429293294907e+09 4.406788667664088249e+09
2.019699999999999968e-02 3.511100000000000332e-02 3.511100000000000332e-02 8.705420787186012268e+09 4.406788667664088249e+09
2.019699999999999968e-02 3.511100000000000332e-02 4.009599999999999970e-02 8.341161925973857880e+09 4.406788667664088249e+09
2.019699999999999968e-02 3.511100000000000332e-02 4.509300000000000114e-02 8.239662396769433022e+09 4.406788667664088249e+09
2.019699999999999968e-02 3.511100000000000332e-02 5.009299999999999864e-02 7.997311554311171532e+09 4.406788667664088249e+09
2.019699999999999968e-02 3.511100000000000332e-02 5.507800000000000196e-02 7.983872893386640549e+09 4.406788667664088249e+09
2.019699999999999968e-02 3.511100000000000332e-02 6.006700000000000234e-02 7.731603636797462463e+09 4.406788667664088249e+09
2.019699999999999968e-02 4.009599999999999970e-02 4.009599999999999970e-02 7.976903064761701584e+09 4.406788667664088249e+09
2.019699999999999968e-02 4.009599999999999970e-02 4.509300000000000114e-02 7.875403535557277679e+09 4.406788667664088249e+09
2.019699999999999968e-02 4.009599999999999970e-02 5.009299999999999864e-02 7.633052693099016190e+09 4.406788667664088249e+09
2.019699999999999968e-02 4.009599999999999970e-02 5.507800000000000196e-02 7.619614032174487114e+09 4.406788667664088249e+09
2.019699999999999968e-02 4.009599999999999970e-02 6.006700000000000234e-02 7.367344775585307121e+09 4.406788667664088249e+09
2.019699999999999968e-02 4.009599999999999970e-02 6.505900000000000571e-02 7.335250291154239655e+09 4.406788667664088249e+09
2.019699999999999968e-02 4.509300000000000114e-02 4.509300000000000114e-02 7.773904006352853775e+09 4.406788667664088249e+09
2.019699999999999968e-02 4.509300000000000114e-02 5.009299999999999864e-02 7.531553163894592285e+09 4.406788667664088249e+09
2.019699999999999968e-02 4.509300000000000114e-02 5.507800000000000196e-02 7.518114502970062256e+09 4.406788667664088249e+09
2.019699999999999968e-02 4.509300000000000114e-02 6.006700000000000234e-02 7.265845246380882263e+09 4.406788667664088249e+09
2.019699999999999968e-02 4.509300000000000114e-02 6.505900000000000571e-02 7.233750761949813843e+09 4.406788667664088249e+09
2.019699999999999968e-02 4.509300000000000114e-02 7.005400000000000515e-02 7.084645496548634529e+09 4.406788667664088249e+09
2.019699999999999968e-02 5.009299999999999864e-02 5.009299999999999864e-02 7.289202321436329842e+09 4.406788667664088249e+09
2.019699999999999968e-02 5.009299999999999864e-02 5.507800000000000196e-02 7.275763660511800766e+09 4.406788667664088249e+09
2.019699999999999968e-02 5.009299999999999864e-02 6.006700000000000234e-02 7.023494403922620773e+09 4.406788667664088249e+09
2.019699999999999968e-02 5.009299999999999864e-02 6.505900000000000571e-02 6.991399919491552353e+09 4.406788667664088249e+09
2.019699999999999968e-02 5.009299999999999864e-02 7.005400000000000515e-02 6.842294654090372086e+09 4.406788667664088249e+09
2.019699999999999968e-02 5.009299999999999864e-02 7.505299999999999472e-02 6.802863566026987076e+09 4.406788667664088249e+09
2.019699999999999968e-02 5.507800000000000196e-02 5.507800000000000196e-02 7.262324999587269783e+09 4.406788667664088249e+09
2.019699999999999968e-02 5.507800000000000196e-02 6.006700000000000234e-02 7.010055742998091698e+09 4.406788667664088249e+09
2.019699999999999968e-02 5.507800000000000196e-02 6.505900000000000571e-02 6.977961258567023277e+09 4.406788667664088249e+09
2.019699999999999968e-02 5.507800000000000196e-02 7.005400000000000515e-02 6.828855993165843010e+09 4.406788667664088249e+09
2.019699999999999968e-02 5.507800000000000196e-02 7.505299999999999472e-02 6.789424905102457047e+09 4.406788667664088249e+09
2.019699999999999968e-02 5.507800000000000196e-02 8.005400000000000016e-02 6.685151294853209496e+09 4.406788667664088249e+09
2.019699999999999968e-02 6.006700000000000234e-02 6.006700000000000234e-02 6.757786486408911705e+09 4.406788667664088249e+09
2.019699999999999968e-02 6.006700000000000234e-02 6.505900000000000571e-02 6.725692001977843285e+09 4.406788667664088249e+09
2.019699999999999968e-02 6.006700000000000234e-02 7.005400000000000515e-02 6.576586736576663017e+09 4.406788667664088249e+09
2.019699999999999968e-02 6.006700000000000234e-02 7.505299999999999472e-02 6.537155648513278008e+09 4.406788667664088249e+09
2.019699999999999968e-02 6.006700000000000234e-02 8.005400000000000016e-02 6.432882038264029503e+09 4.406788667664088249e+09
2.019699999999999968e-02 6.505900000000000571e-02 6.505900000000000571e-02 6.693597517546774864e+09 4.406788667664088249e+09
2.019699999999999968e-02 6.505900000000000571e-02 7.005400000000000515e-02 6.544492252145594597e+09 4.406788667664088249e+09
2.019699999999999968e-02 6.505900000000000571e-02 7.505299999999999472e-02 6.505061164082209587e+09 4.406788667664088249e+09
2.019699999999999968e-02 6.505900000000000571e-02 8.005400000000000016e-02 6.400787553832961082e+09 4.406788667664088249e+09
2.019699999999999968e-02 7.005400000000000515e-02 7.005400000000000515e-02 6.395386986744415283e+09 4.406788667664088249e+09
2.019699999999999968e-02 7.005400000000000515e-02 7.505299999999999472e-02 6.355955898681030273e+09 4.406788667664088249e+09
2.019699999999999968e-02 7.005400000000000515e-02 8.005400000000000016e-02 6.251682288431780815e+09 4.406788667664088249e+09
2.019699999999999968e-02 7.505299999999999472e-02 7.505299999999999472e-02 6.316524810617644310e+09 4.406788667664088249e+09
2.019699999999999968e-02 7.505299999999999472e-02 8.005400000000000016e-02 6.212251200368395805e+09 4.406788667664088249e+09
2.019699999999999968e-02 8.005400000000000016e-02 8.005400000000000016e-02 6.107977590119147301e+09 4.406788667664088249e+09
2.516699999999999840e-02 2.516699999999999840e-02 2.516699999999999840e-02 9.851963285990715027e+09 4.406788667664088249e+09
2.516699999999999840e-02 2.516699999999999840e-02 3.013700000000000059e-02 9.390032907391601562e+09 4.406788667664088249e+09
2.516699999999999840e-02 2.516699999999999840e-02 3.511100000000000332e-02 9.124308371484947205e+09 4.406788667664088249e+09
2.516699999999999840e-02 2.516699999999999840e-02 4.009599999999999970e-02 8.760049510272792816e+09 4.406788667664088249e+09
2.516699999999999840e-02 2.516699999999999840e-02 4.509300000000000114e-02 8.658549981068367004e+09 4.406788667664088249e+09
2.516699999999999840e-02 2.516699999999999840e-02 5.009299999999999864e-02 8.416199138610107422e+09 4.406788667664088249e+09
2.516699999999999840e-02 2.516699999999999840e-02 5.507800000000000196e-02 8.402760477685577393e+09 4.406788667664088249e+09
2.516699999999999840e-02 3.013700000000000059e-02 3.013700000000000059e-02 8.928102528792488098e+09 4.406788667664088249e+09
2.516699999999999840e-02 3.013700000000000059e-02 3.511100000000000332e-02 8.662377992885835648e+09 4.406788667664088249e+09
2.516699999999999840e-02 3.013700000000000059e-02 4.009599999999999970e-02 8.298119131673679352e+09 4.406788667664088249e+09
2.516699999999999840e-02 3.013700000000000059e-02 4.509300000000000114e-02 8.196619602469255447e+09 4.406788667664088249e+09
2.516699999999999840e-02 3.013700000000000059e-02 5.009299999999999864e-02 7.954268760010993958e+09 4.406788667664088249e+09
2.516699999999999840e-02 3.013700000000000059e-02 5.507800000000000196e-02 7.940830099086463928e+09 4.406788667664088249e+09
2.516699999999999840e-02 3.013700000000000059e-02 6.006700000000000234e-02 7.688560842497283936e+09 4.406788667664088249e+09
2.516699999999999840e-02 3.511100000000000332e-02 3.511100000000000332e-02 8.396653456979181290e+09 4.406788667664088249e+09
2.516699999999999840e-02 3.511100000000000332e-02 4.009599999999999970e-02 8.032394595767025948e+09 4.406788667664088249e+09
2.516699999999999840e-02 3.511100000000000332e-02 4.509300000000000114e-02 7.930895066562601089e+09 4.406788667664088249e+09
2.516699999999999840e-02 3.511100000000000332e-02 5.009299999999999864e-02 7.688544224104339600e+09 4.406788667664088249e+09
2.516699999999999840e-02 3.511100000000000332e-02 5.507800000000000196e-02 7.675105563179810524e+09 4.406788667664088249e+09
2.516699999999999840e-02 3.511100000000000332e-02 6.006700000000000234e-02 7.422836306590630531e+09 4.406788667664088249e+09
2.516699999999999840e-02 3.511100000000000332e-02 6.505900000000000571e-02 7.390741822159563065e+09 4.406788667664088249e+09
2.516699999999999840e-02 4.009599999999999970e-02 4.009599999999999970e-02 7.668135734554871559e+09 4.406788667664088249e+09
2.516699999999999840e-02 4.009599999999999970e-02 4.509300000000000114e-02 7.566636205350445747e+09 4.406788667664088249e+09
2.516699999999999840e-02 4.009599999999999970e-02 5.009299999999999864e-02 7.324285362892186165e+09 4.406788667664088249e+09
2.516699999999999840e-02 4.009599999999999970e-02 5.507800000000000196e-02 7.310846701967655182e+09 4.406788667664088249e+09
2.516699999999999840e-02 4.009599999999999970e-02 6.006700000000000234e-02 7.058577445378475189e+09 4.406788667664088249e+09
2.516699999999999840e-02 4.009599999999999970e-02 6.505900000000000571e-02 7.026482960947406769e+09 4.406788667664088249e+09
2.516699999999999840e-02 4.009599999999999970e-02 7.005400000000000515e-02 6.877377695546227455e+09 4.406788667664088249e+09
2.516699999999999840e-02 4.509300000000000114e-02 4.509300000000000114e-02 7.465136676146021843e+09 4.406788667664088249e+09
2.516699999999999840e-02 4.509300000000000114e-02 5.009299999999999864e-02 7.222785833687760353e+09 4.406788667664088249e+09
2.516699999999999840e-02 4.509300000000000114e-02 5.507800000000000196e-02 7.209347172763230324e+09 4.406788667664088249e+09
2.516699999999999840e-02 4.509300000000000114e-02 6.006700000000000234e-02 6.957077916174051285e+09 4.406788667664088249e+09
2.516699999999999840e-02 4.509300000000000114e-02 6.505900000000000571e-02 6.924983431742982864e+09 4.406788667664088249e+09
2.516699999999999840e-02 4.509300000000000114e-02 7.005400000000000515e-02 6.775878166341802597e+09 4.406788667664088249e+09
2.516699999999999840e-02 4.509300000000000114e-02 7.505299999999999472e-02 6.736447078278417587e+09 4.406788667664088249e+09
2.516699999999999840e-02 5.009299999999999864e-02 5.009299999999999864e-02 6.980434991229498863e+09 4.406788667664088249e+09
2.516699999999999840e-02 5.009299999999999864e-02 5.507800000000000196e-02 6.966996330304968834e+09 4.406788667664088249e+09
2.516699999999999840e-02 5.009299999999999864e-02 6.006700000000000234e-02 6.714727073715789795e+09 4.406788667664088249e+09
2.516699999999999840e-02 5.009299999999999864e-02 6.505900000000000571e-02 6.682632589284721375e+09 4.406788667664088249e+09
2.516699999999999840e-02 5.009299999999999864e-02 7.005400000000000515e-02 6.533527323883541107e+09 4.406788667664088249e+09
2.516699999999999840e-02 5.009299999999999864e-02 7.505299999999999472e-02 6.494096235820155144e+09 4.406788667664088249e+09
2.516699999999999840e-02 5.009299999999999864e-02 8.005400000000000016e-02 6.389822625570907593e+09 4.406788667664088249e+09
2.516699999999999840e-02 5.507800000000000196e-02 5.507800000000000196e-02 6.953557669380438805e+09 4.406788667664088249e+09
2.516699999999999840e-02 5.507800000000000196e-02 6.006700000000000234e-02 6.701288412791259766e+09 4.406788667664088249e+09
2.516699999999999840e-02 5.507800000000000196e-02 6.505900000000000571e-02 6.669193928360191345e+09 4.406788667664088249e+09
2.516699999999999840e-02 5.507800000000000196e-02 7.005400000000000515e-02 6.520088662959011078e+09 4.406788667664088249e+09
2.516699999999999840e-02 5.507800000000000196e-02 7.505299999999999472e-02 6.480657574895626068e+09 4.406788667664088249e+09
2.516699999999999840e-02 5.507800000000000196e-02 8.005400000000000016e-02 6.376383964646377563e+09 4.406788667664088249e+09
2.516699999999999840e-02 6.006700000000000234e-02 6.006700000000000234e-02 6.449019156202080727e+09 4.406788667664088249e+09
2.516699999999999840e-02 6.006700000000000234e-02 6.505900000000000571e-02 6.416924671771012306e+09 4.406788667664088249e+09
2.516699999999999840e-02 6.006700000000000234e-02 7.005400000000000515e-02 6.267819406369832039e+09 4.406788667664088249e+09
2.516699999999999840e-02 6.006700000000000234e-02 7.505299999999999472e-02 6.228388318306446075e+09 4.406788667664088249e+09
2.516699999999999840e-02 6.006700000000000234e-02 8.005400000000000016e-02 6.124114708057198524e+09 4.406788667664088249e+09
2.516699999999999840e-02 6.505900000000000571e-02 6.505900000000000571e-02 6.384830187339943886e+09 4.406788667664088249e+09
2.516699999999999840e-02 6.505900000000000571e-02 7.005400000000000515e-02 6.235724921938763618e+09 4.406788667664088249e+09
2.516699999999999840e-02 6.505900000000000571e-02 7.505299999999999472e-02 6.196293833875377655e+09 4.406788667664088249e+09
2.516699999999999840e-02 6.505900000000000571e-02 8.005400000000000016e-02 6.092020223626130104e+09 4.406788667664088249e+09
2.516699999999999840e-02 7.005400000000000515e-02 7.005400000000000515e-02 6.086619656537583351e+09 4.406788667664088249e+09
2.516699999999999840e-02 7.005400000000000515e-02 7.505299999999999472e-02 6.047188568474198341e+09 4.406788667664088249e+09
2.516699999999999840e-02 7.005400000000000515e-02 8.005400000000000016e-02 5.942914958224949837e+09 4.406788667664088249e+09
2.516699999999999840e-02 7.505299999999999472e-02 7.505299999999999472e-02 6.007757480410813332e+09 4.406788667664088249e+09
2.516699999999999840e-02 7.505299999999999472e-02 8.005400000000000016e-02 5.903483870161563873e+09 4.406788667664088249e+09
2.516699999999999840e-02 8.005400000000000016e-02 8.005400000000000016e-02 5.799210259912316322e+09 4.406788667664088249e+09
3.013700000000000059e-02 3.013700000000000059e-02 3.013700000000000059e-02 8.466172150193374634e+09 4.406788667664088249e+09
3.013700000000000059e-02 3.013700000000000059e-02 3.511100000000000332e-02 8.200447614286721230e+09 4.406788667664088249e+09
3.013700000000000059e-02 3.013700000000000059e-02 4.009599999999999970e-02 7.836188753074566841e+09 4.406788667664088249e+09
3.013700000000000059e-02 3.013700000000000059e-02 4.509300000000000114e-02 7.734689223870141029e+09 4.406788667664088249e+09
3.013700000000000059e-02 3.013700000000000059e-02 5.009299999999999864e-02 7.492338381411880493e+09 4.406788667664088249e+09
3.013700000000000059e-02 3.013700000000000059e-02 5.507800000000000196e-02 7.478899720487350464e+09 4.406788667664088249e+09
3.013700000000000059e-02 3.013700000000000059e-02 6.006700000000000234e-02 7.226630463898171425e+09 4.406788667664088249e+09
3.013700000000000059e-02 3.013700000000000059e-02 6.505900000000000571e-02 7.194535979467102051e+09 4.406788667664088249e+09
3.013700000000000059e-02 3.511100000000000332e-02 3.511100000000000332e-02 7.934723078380066872e+09 4.406788667664088249e+09
3.013700000000000059e-02 3.511100000000000332e-02 4.009599999999999970e-02 7.570464217167913437e+09 4.406788667664088249e+09
3.013700000000000059e-02 3.511100000000000332e-02 4.509300000000000114e-02 7.468964687963487625e+09 4.406788667664088249e+09
3.013700000000000059e-02 3.511100000000000332e-02 5.009299999999999864e-02 7.226613845505227089e+09 4.406788667664088249e+09
3.013700000000000059e-02 3.511100000000000332e-02 5.507800000000000196e-02 7.213175184580696106e+09 4.406788667664088249e+09
3.013700000000000059e-02 3.511100000000000332e-02 6.006700000000000234e-02 6.960905927991517067e+09 4.406788667664088249e+09
3.013700000000000059e-02 3.511100000000000332e-02 6.505900000000000571e-02 6.928811443560448647e+09 4.406788667664088249e+09
3.013700000000000059e-02 3.511100000000000332e-02 7.005400000000000515e-02 6.779706178159268379e+09 4.406788667664088249e+09
3.013700000000000059e-02 4.009599999999999970e-02 4.009599999999999970e-02 7.206205355955757141e+09 4.406788667664088249e+09
3.013700000000000059e-02 4.009599999999999970e-02 4.509300000000000114e-02 7.104705826751333237e+09 4.406788667664088249e+09
3.013700000000000059e-02 4.009599999999999970e-02 5.009299999999999864e-02 6.862354984293071747e+09 4.406788667664088249e+09
3.013700000000000059e-02 4.009599999999999970e-02 5.507800000000000196e-02 6.848916323368541718e+09 4.406788667664088249e+09
3.013700000000000059e-02 4.009599999999999970e-02 6.006700000000000234e-02 6.596647066779361725e+09 4.406788667664088249e+09
3.013700000000000059e-02 4.009599999999999970e-02 6.505900000000000571e-02 6.564552582348293304e+09 4.406788667664088249e+09
3.013700000000000059e-02 4.009599999999999970e-02 7.005400000000000515e-02 6.415447316947113991e+09 4.406788667664088249e+09
3.013700000000000059e-02 4.009599999999999970e-02 7.505299999999999472e-02 6.376016228883728027e+09 4.406788667664088249e+09
3.013700000000000059e-02 4.509300000000000114e-02 4.509300000000000114e-02 7.003206297546908379e+09 4.406788667664088249e+09
3.013700000000000059e-02 4.509300000000000114e-02 5.009299999999999864e-02 6.760855455088646889e+09 4.406788667664088249e+09
3.013700000000000059e-02 4.509300000000000114e-02 5.507800000000000196e-02 6.747416794164116859e+09 4.406788667664088249e+09
3.013700000000000059e-02 4.509300000000000114e-02 6.006700000000000234e-02 6.495147537574937820e+09 4.406788667664088249e+09
3.013700000000000059e-02 4.509300000000000114e-02 6.505900000000000571e-02 6.463053053143869400e+09 4.406788667664088249e+09
3.013700000000000059e-02 4.509300000000000114e-02 7.005400000000000515e-02 6.313947787742689133e+09 4.406788667664088249e+09
3.013700000000000059e-02 4.509300000000000114e-02 7.505299999999999472e-02 6.274516699679304123e+09 4.406788667664088249e+09
3.013700000000000059e-02 4.509300000000000114e-02 8.005400000000000016e-02 6.170243089430055618e+09 4.406788667664088249e+09
3.013700000000000059e-02 5.009299999999999864e-02 5.009299999999999864e-02 6.518504612630385399e+09 4.406788667664088249e+09
3.013700000000000059e-02 5.009299999999999864e-02 5.507800000000000196e-02 6.505065951705855370e+09 4.406788667664088249e+09
3.013700000000000059e-02 5.009299999999999864e-02 6.006700000000000234e-02 6.252796695116676331e+09 4.406788667664088249e+09
3.013700000000000059e-02 5.009299999999999864e-02 6.505900000000000571e-02 6.220702210685607910e+09 4.406788667664088249e+09
3.013700000000000059e-02 5.009299999999999864e-02 7.005400000000000515e-02 6.071596945284427643e+09 4.406788667664088249e+09
3.013700000000000059e-02 5.009299999999999864e-02 7.505299999999999472e-02 6.032165857221041679e+09 4.406788667664088249e+09
3.013700000000000059e-02 5.009299999999999864e-02 8.005400000000000016e-02 5.927892246971794128e+09 4.406788667664088249e+09
3.013700000000000059e-02 5.507800000000000196e-02 5.507800000000000196e-02 6.491627290781325340e+09 4.406788667664088249e+09
3.013700000000000059e-02 5.507800000000000196e-02 6.006700000000000234e-02 6.239358034192146301e+09 4.406788667664088249e+09
3.013700000000000059e-02 5.507800000000000196e-02 6.505900000000000571e-02 6.207263549761077881e+09 4.406788667664088249e+09
3.013700000000000059e-02 5.507800000000000196e-02 7.005400000000000515e-02 6.058158284359897614e+09 4.406788667664088249e+09
3.013700000000000059e-02 5.507800000000000196e-02 7.505299999999999472e-02 6.018727196296512604e+09 4.406788667664088249e+09
3.013700000000000059e-02 5.507800000000000196e-02 8.005400000000000016e-02 5.914453586047264099e+09 4.406788667664088249e+09
3.013700000000000059e-02 6.006700000000000234e-02 6.006700000000000234e-02 5.987088777602967262e+09 4.406788667664088249e+09
3.013700000000000059e-02 6.006700000000000234e-02 6.505900000000000571e-02 5.954994293171898842e+09 4.406788667664088249e+09
3.013700000000000059e-02 6.006700000000000234e-02 7.005400000000000515e-02 5.805889027770718575e+09 4.406788667664088249e+09
3.013700000000000059e-02 6.006700000000000234e-02 7.505299999999999472e-02 5.766457939707332611e+09 4.406788667664088249e+09
3.013700000000000059e-02 6.006700000000000234e-02 8.005400000000000016e-02 5.662184329458085060e+09 4.406788667664088249e+09
3.013700000000000059e-02 6.505900000000000571e-02 6.505900000000000571e-02 5.922899808740830421e+09 4.406788667664088249e+09
3.013700000000000059e-02 6.505900000000000571e-02 7.005400000000000515e-02 5.773794543339650154e+09 4.406788667664088249e+09
3.013700000000000059e-02 6.505900000000000571e-02 7.505299999999999472e-02 5.734363455276264191e+09 4.406788667664088249e+09
3.013700000000000059e-02 6.505900000000000571e-02 8.005400000000000016e-02 5.630089845027016640e+09 4.406788667664088249e+09
3.013700000000000059e-02 7.005400000000000515e-02 7.005400000000000515e-02 5.624689277938469887e+09 4.406788667664088249e+09
3.013700000000000059e-02 7.005400000000000515e-02 7.505299999999999472e-02 5.585258189875084877e+09 4.406788667664088249e+09
3.013700000000000059e-02 7.005400000000000515e-02 8.005400000000000016e-02 5.480984579625836372e+09 4.406788667664088249e+09
3.013700000000000059e-02 7.505299999999999472e-02 7.505299999999999472e-02 5.545827101811699867e+09 4.406788667664088249e+09
3.013700000000000059e-02 7.505299999999999472e-02 8.005400000000000016e-02 5.441553491562450409e+09 4.406788667664088249e+09
3.013700000000000059e-02 8.005400000000000016e-02 8.005400000000000016e-02 5.337279881313202858e+09 4.406788667664088249e+09
3.511100000000000332e-02 3.511100000000000332e-02 3.511100000000000332e-02 7.668998542473413467e+09 4.406788667664088249e+09
3.511100000000000332e-02 3.511100000000000332e-02 4.009599999999999970e-02 7.304739681261259079e+09 4.406788667664088249e+09
3.511100000000000332e-02 3.511100000000000332e-02 4.509300000000000114e-02 7.203240152056833267e+09 4.406788667664088249e+09
3.511100000000000332e-02 3.511100000000000332e-02 5.009299999999999864e-02 6.960889309598572731e+09 4.406788667664088249e+09
3.511100000000000332e-02 3.511100000000000332e-02 5.507800000000000196e-02 6.947450648674043655e+09 4.406788667664088249e+09
3.511100000000000332e-02 3.511100000000000332e-02 6.006700000000000234e-02 6.695181392084862709e+09 4.406788667664088249e+09
3.511100000000000332e-02 3.511100000000000332e-02 6.505900000000000571e-02 6.663086907653795242e+09 4.406788667664088249e+09
3.511100000000000332e-02 3.511100000000000332e-02 7.005400000000000515e-02 6.513981642252614975e+09 4.406788667664088249e+09
3.511100000000000332e-02 3.511100000000000332e-02 7.505299999999999472e-02 6.474550554189229965e+09 4.406788667664088249e+09
3.511100000000000332e-02 4.009599999999999970e-02 4.009599999999999970e-02 6.940480820049103737e+09 4.406788667664088249e+09
3.511100000000000332e-02 4.009599999999999970e-02 4.509300000000000114e-02 6.838981290844679832e+09 4.406788667664088249e+09
3.511100000000000332e-02 4.009599999999999970e-02 5.009299999999999864e-02 6.596630448386417389e+09 4.406788667664088249e+09
3.511100000000000332e-02 4.009599999999999970e-02 5.507800000000000196e-02 6.583191787461887360e+09 4.406788667664088249e+09
3.511100000000000332e-02 4.009599999999999970e-02 6.006700000000000234e-02 6.330922530872708321e+09 4.406788667664088249e+09
3.511100000000000332e-02 4.009599999999999970e-02 6.505900000000000571e-02 6.298828046441639900e+09 4.406788667664088249e+09
3.511100000000000332e-02 4.009599999999999970e-02 7.005400000000000515e-02 6.149722781040459633e+09 4.406788667664088249e+09
3.511100000000000332e-02 4.009599999999999970e-02 7.505299999999999472e-02 6.110291692977074623e+09 4.406788667664088249e+09
3.511100000000000332e-02 4.009599999999999970e-02 8.005400000000000016e-02 6.006018082727826118e+09 4.406788667664088249e+09
3.511100000000000332e-02 4.509300000000000114e-02 4.509300000000000114e-02 6.737481761640254021e+09 4.406788667664088249e+09
3.511100000000000332e-02 4.509300000000000114e-02 5.009299999999999864e-02 6.495130919181993484e+09 4.406788667664088249e+09
3.511100000000000332e-02 4.509300000000000114e-02 5.507800000000000196e-02 6.481692258257463455e+09 4.406788667664088249e+09
3.511100000000000332e-02 4.509300000000000114e-02 6.006700000000000234e-02 6.229423001668284416e+09 4.406788667664088249e+09
3.511100000000000332e-02 4.509300000000000114e-02 6.505900000000000571e-02 6.197328517237215996e+09 4.406788667664088249e+09
3.511100000000000332e-02 4.509300000000000114e-02 7.005400000000000515e-02 6.048223251836035728e+09 4.406788667664088249e+09
3.511100000000000332e-02 4.509300000000000114e-02 7.505299999999999472e-02 6.008792163772649765e+09 4.406788667664088249e+09
3.511100000000000332e-02 4.509300000000000114e-02 8.005400000000000016e-02 5.904518553523402214e+09 4.406788667664088249e+09
3.511100000000000332e-02 5.009299999999999864e-02 5.009299999999999864e-02 6.252780076723731995e+09 4.406788667664088249e+09
3.511100000000000332e-02 5.009299999999999864e-02 5.507800000000000196e-02 6.239341415799201965e+09 4.406788667664088249e+09
3.511100000000000332e-02 5.009299999999999864e-02 6.006700000000000234e-02 5.987072159210021973e+09 4.406788667664088249e+09
3.511100000000000332e-02 5.009299999999999864e-02 6.505900000000000571e-02 5.954977674778953552e+09 4.406788667664088249e+09
3.511100000000000332e-02 5.009299999999999864e-02 7.005400000000000515e-02 5.805872409377774239e+09 4.406788667664088249e+09
3.511100000000000332e-02 5.009299999999999864e-02 7.505299999999999472e-02 5.766441321314388275e+09 4.406788667664088249e+09
3.511100000000000332e-02 5.009299999999999864e-02 8.005400000000000016e-02 5.662167711065139771e+09 4.406788667664088249e+09
3.511100000000000332e-02 5.507800000000000196e-02 5.507800000000000196e-02 6.225902754874672890e+09 4.406788667664088249e+09
3.511100000000000332e-02 5.507800000000000196e-02 6.006700000000000234e-02 5.973633498285491943e+09 4.406788667664088249e+09
3.511100000000000332e-02 5.507800000000000196e-02 6.505900000000000571e-02 5.941539013854423523e+09 4.406788667664088249e+09
3.511100000000000332e-02 5.507800000000000196e-02 7.005400000000000515e-02 5.792433748453244209e+09 4.406788667664088249e+09
3.511100000000000332e-02 5.507800000000000196e-02 7.505299999999999472e-02 5.753002660389859200e+09 4.406788667664088249e+09
3.511100000000000332e-02 5.507800000000000196e-02 8.005400000000000016e-02 5.648729050140609741e+09 4.406788667664088249e+09
3.511100000000000332e-02 6.006700000000000234e-02 6.006700000000000234e-02 5.721364241696312904e+09 4.406788667664088249e+09
3.511100000000000332e-02 6.006700000000000234e-02 6.505900000000000571e-02 5.689269757265244484e+09 4.406788667664088249e+09
3.511100000000000332e-02 6.006700000000000234e-02 7.005400000000000515e-02 5.540164491864065170e+09 4.406788667664088249e+09
3.511100000000000332e-02 6.006700000000000234e-02 7.505299999999999472e-02 5.500733403800679207e+09 4.406788667664088249e+09
3.511100000000000332e-02 6.006700000000000234e-02 8.005400000000000016e-02 5.396459793551430702e+09 4.406788667664088249e+09
3.511100000000000332e-02 6.505900000000000571e-02 6.505900000000000571e-02 5.657175272834176064e+09 4.406788667664088249e+09
3.511100000000000332e-02 6.505900000000000571e-02 7.005400000000000515e-02 5.508070007432996750e+09 4.406788667664088249e+09
3.511100000000000332e-02 6.505900000000000571e-02 7.505299999999999472e-02 5.468638919369610786e+09 4.406788667664088249e+09
3.511100000000000332e-02 6.505900000000000571e-02 8.005400000000000016e-02 5.364365309120362282e+09 4.406788667664088249e+09
3.511100000000000332e-02 7.005400000000000515e-02 7.005400000000000515e-02 5.358964742031816483e+09 4.406788667664088249e+09
3.511100000000000332e-02 7.005400000000000515e-02 7.505299999999999472e-02 5.319533653968430519e+09 4.406788667664088249e+09
3.511100000000000332e-02 7.005400000000000515e-02 8.005400000000000016e-02 5.215260043719182968e+09 4.406788667664088249e+09
3.511100000000000332e-02 7.505299999999999472e-02 7.505299999999999472e-02 5.280102565905045509e+09 4.406788667664088249e+09
3.511100000000000332e-02 7.505299999999999472e-02 8.005400000000000016e-02 5.175828955655797005e+09 4.406788667664088249e+09
3.511100000000000332e-02 8.005400000000000016e-02 8.005400000000000016e-02 5.071555345406548500e+09 4.406788667664088249e+09
4.009599999999999970e-02 4.009599999999999970e-02 4.009599999999999970e-02 6.576221958836948395e+09 4.406788667664088249e+09
4.009599999999999970e-02 4.009599999999999970e-02 4.509300000000000114e-02 6.474722429632523537e+09 4.406788667664088249e+09
4.009599999999999970e-02 4.009599999999999970e-02 5.009299999999999864e-02 6.232371587174263000e+09 4.406788667664088249e+09
4.009599999999999970e-02 4.009599999999999970e-02 5.507800000000000196e-02 6.218932926249732971e+09 4.406788667664088249e+09
4.009599999999999970e-02 4.009599999999999970e-02 6.006700000000000234e-02 5.966663669660553932e+09 4.406788667664088249e+09
4.009599999999999970e-02 4.009599999999999970e-02 6.505900000000000571e-02 5.934569185229485512e+09 4.406788667664088249e+09
4.009599999999999970e-02 4.009599999999999970e-02 7.005400000000000515e-02 5.785463919828305244e+09 4.406788667664088249e+09
4.009599999999999970e-02 4.009599999999999970e-02 7.505299999999999472e-02 5.746032831764919281e+09 4.406788667664088249e+09
4.009599999999999970e-02 4.009599999999999970e-02 8.005400000000000016e-02 5.641759221515671730e+09 4.406788667664088249e+09
4.009599999999999970e-02 4.509300000000000114e-02 4.509300000000000114e-02 6.373222900428099632e+09 4.406788667664088249e+09
4.009599999999999970e-02 4.509300000000000114e-02 5.009299999999999864e-02 6.130872057969838142e+09 4.406788667664088249e+09
4.009599999999999970e-02 4.509300000000000114e-02 5.507800000000000196e-02 6.117433397045309067e+09 4.406788667664088249e+09
4.009599999999999970e-02 4.509300000000000114e-02 6.006700000000000234e-02 5.865164140456128120e+09 4.406788667664088249e+09
4.009599999999999970e-02 4.509300000000000114e-02 6.505900000000000571e-02 5.833069656025059700e+09 4.406788667664088249e+09
4.009599999999999970e-02 4.509300000000000114e-02 7.005400000000000515e-02 5.683964390623880386e+09 4.406788667664088249e+09
4.009599999999999970e-02 4.509300000000000114e-02 7.505299999999999472e-02 5.644533302560495377e+09 4.406788667664088249e+09
4.009599999999999970e-02 4.509300000000000114e-02 8.005400000000000016e-02 5.540259692311245918e+09 4.406788667664088249e+09
4.009599999999999970e-02 5.009299999999999864e-02 5.009299999999999864e-02 5.888521215511576653e+09 4.406788667664088249e+09
4.009599999999999970e-02 5.009299999999999864e-02 5.507800000000000196e-02 5.875082554587046623e+09 4.406788667664088249e+09
4.009599999999999970e-02 5.009299999999999864e-02 6.006700000000000234e-02 5.622813297997867584e+09 4.406788667664088249e+09
4.009599999999999970e-02 5.009299999999999864e-02 6.505900000000000571e-02 5.590718813566799164e+09 4.406788667664088249e+09
4.009599999999999970e-02 5.009299999999999864e-02 7.005400000000000515e-02 5.441613548165618896e+09 4.406788667664088249e+09
4.009599999999999970e-02 5.009299999999999864e-02 7.505299999999999472e-02 5.402182460102233887e+09 4.406788667664088249e+09
4.009599999999999970e-02 5.009299999999999864e-02 8.005400000000000016e-02 5.297908849852985382e+09 4.406788667664088249e+09
4.009599999999999970e-02 5.507800000000000196e-02 5.507800000000000196e-02 5.861643893662516594e+09 4.406788667664088249e+09
4.009599999999999970e-02 5.507800000000000196e-02 6.006700000000000234e-02 5.609374637073337555e+09 4.406788667664088249e+09
4.009599999999999970e-02 5.507800000000000196e-02 6.505900000000000571e-02 5.577280152642269135e+09 4.406788667664088249e+09
4.009599999999999970e-02 5.507800000000000196e-02 7.005400000000000515e-02 5.428174887241088867e+09 4.406788667664088249e+09
4.009599999999999970e-02 5.507800000000000196e-02 7.505299999999999472e-02 5.388743799177703857e+09 4.406788667664088249e+09
4.009599999999999970e-02 5.507800000000000196e-02 8.005400000000000016e-02 5.284470188928455353e+09 4.406788667664088249e+09
4.009599999999999970e-02 6.006700000000000234e-02 6.006700000000000234e-02 5.357105380484158516e+09 4.406788667664088249e+09
4.009599999999999970e-02 6.006700000000000234e-02 6.505900000000000571e-02 5.325010896053090096e+09 4.406788667664088249e+09
4.009599999999999970e-02 6.006700000000000234e-02 7.005400000000000515e-02 5.175905630651909828e+09 4.406788667664088249e+09
4.009599999999999970e-02 6.006700000000000234e-02 7.505299999999999472e-02 5.136474542588523865e+09 4.406788667664088249e+09
4.009599999999999970e-02 6.006700000000000234e-02 8.005400000000000016e-02 5.032200932339276314e+09 4.406788667664088249e+09
4.009599999999999970e-02 6.505900000000000571e-02 6.505900000000000571e-02 5.292916411622021675e+09 4.406788667664088249e+09
4.009599999999999970e-02 6.505900000000000571e-02 7.005400000000000515e-02 5.143811146220841408e+09 4.406788667664088249e+09
4.009599999999999970e-02 6.505900000000000571e-02 7.505299999999999472e-02 5.104380058157455444e+09 4.406788667664088249e+09
4.009599999999999970e-02 6.505900000000000571e-02 8.005400000000000016e-02 5.000106447908207893e+09 4.406788667664088249e+09
4.009599999999999970e-02 7.005400000000000515e-02 7.005400000000000515e-02 4.994705880819661140e+09 4.406788667664088249e+09
4.009599999999999970e-02 7.005400000000000515e-02 7.505299999999999472e-02 4.955274792756276131e+09 4.406788667664088249e+09
4.009599999999999970e-02 7.005400000000000515e-02 8.005400000000000016e-02 4.851001182507027626e+09 4.406788667664088249e+09
4.009599999999999970e-02 7.505299999999999472e-02 7.505299999999999472e-02 4.915843704692890167e+09 4.406788667664088249e+09
4.009599999999999970e-02 7.505299999999999472e-02 8.005400000000000016e-02 4.811570094443641663e+09 4.406788667664088249e+09
4.009599999999999970e-02 8.005400000000000016e-02 8.005400000000000016e-02 4.707296484194394112e+09 4.406788667664088249e+09
4.509300000000000114e-02 4.509300000000000114e-02 4.509300000000000114e-02 6.271723371223675728e+09 4.406788667664088249e+09
4.509300000000000114e-02 4.509300000000000114e-02 5.009299999999999864e-02 6.029372528765413284e+09 4.406788667664088249e+09
4.509300000000000114e-02 4.509300000000000114e-02 5.507800000000000196e-02 6.015933867840883255e+09 4.406788667664088249e+09
4.509300000000000114e-02 4.509300000000000114e-02 6.006700000000000234e-02 5.763664611251704216e+09 4.406788667664088249e+09
4.509300000000000114e-02 4.509300000000000114e-02 6.505900000000000571e-02 5.731570126820635796e+09 4.406788667664088249e+09
4.509300000000000114e-02 4.509300000000000114e-02 7.005400000000000515e-02 5.582464861419455528e+09 4.406788667664088249e+09
4.509300000000000114e-02 4.509300000000000114e-02 7.505299999999999472e-02 5.543033773356070518e+09 4.406788667664088249e+09
4.509300000000000114e-02 4.509300000000000114e-02 8.005400000000000016e-02 5.438760163106822014e+09 4.406788667664088249e+09
4.509300000000000114e-02 5.009299999999999864e-02 5.009299999999999864e-02 5.787021686307151794e+09 4.406788667664088249e+09
4.509300000000000114e-02 5.009299999999999864e-02 5.507800000000000196e-02 5.773583025382622719e+09 4.406788667664088249e+09
4.509300000000000114e-02 5.009299999999999864e-02 6.006700000000000234e-02 5.521313768793442726e+09 4.406788667664088249e+09
4.509300000000000114e-02 5.009299999999999864e-02 6.505900000000000571e-02 5.489219284362374306e+09 4.406788667664088249e+09
4.509300000000000114e-02 5.009299999999999864e-02 7.005400000000000515e-02 5.340114018961194038e+09 4.406788667664088249e+09
4.509300000000000114e-02 5.009299999999999864e-02 7.505299999999999472e-02 5.300682930897809029e+09 4.406788667664088249e+09
4.509300000000000114e-02 5.009299999999999864e-02 8.005400000000000016e-02 5.196409320648560524e+09 4.406788667664088249e+09
4.509300000000000114e-02 5.507800000000000196e-02 5.507800000000000196e-02 5.760144364458092690e+09 4.406788667664088249e+09
4.509300000000000114e-02 5.507800000000000196e-02 6.006700000000000234e-02 5.507875107868913651e+09 4.406788667664088249e+09
4.509300000000000114e-02 5.507800000000000196e-02 6.505900000000000571e-02 5.475780623437845230e+09 4.406788667664088249e+09
4.509300000000000114e-02 5.507800000000000196e-02 7.005400000000000515e-02 5.326675358036664963e+09 4.406788667664088249e+09
4.509300000000000114e-02 5.507800000000000196e-02 7.505299999999999472e-02 5.287244269973278999e+09 4.406788667664088249e+09
4.509300000000000114e-02 5.507800000000000196e-02 8.005400000000000016e-02 5.182970659724031448e+09 4.406788667664088249e+09
4.509300000000000114e-02 6.006700000000000234e-02 6.006700000000000234e-02 5.255605851279733658e+09 4.406788667664088249e+09
4.509300000000000114e-02 6.006700000000000234e-02 6.505900000000000571e-02 5.223511366848665237e+09 4.406788667664088249e+09
4.509300000000000114e-02 6.006700000000000234e-02 7.005400000000000515e-02 5.074406101447484970e+09 4.406788667664088249e+09
4.509300000000000114e-02 6.006700000000000234e-02 7.505299999999999472e-02 5.034975013384099960e+09 4.406788667664088249e+09
4.509300000000000114e-02 6.006700000000000234e-02 8.005400000000000016e-02 4.930701403134851456e+09 4.406788667664088249e+09
4.509300000000000114e-02 6.505900000000000571e-02 6.505900000000000571e-02 5.191416882417596817e+09 4.406788667664088249e+09
4.509300000000000114e-02 6.505900000000000571e-02 7.005400000000000515e-02 5.042311617016416550e+09 4.406788667664088249e+09
4.509300000000000114e-02 6.505900000000000571e-02 7.505299999999999472e-02 5.002880528953031540e+09 4.406788667664088249e+09
4.509300000000000114e-02 6.505900000000000571e-02 8.005400000000000016e-02 4.898606918703783035e+09 4.406788667664088249e+09
4.509300000000000114e-02 7.005400000000000515e-02 7.005400000000000515e-02 4.893206351615236282e+09 4.406788667664088249e+09
4.509300000000000114e-02 7.005400000000000515e-02 7.505299999999999472e-02 4.853775263551851273e+09 4.406788667664088249e+09
4.509300000000000114e-02 7.005400000000000515e-02 8.005400000000000016e-02 4.749501653302602768e+09 4.406788667664088249e+09
4.509300000000000114e-02 7.505299999999999472e-02 7.505299999999999472e-02 4.814344175488466263e+09 4.406788667664088249e+09
4.509300000000000114e-02 7.505299999999999472e-02 8.005400000000000016e-02 4.710070565239217758e+09 4.406788667664088249e+09
4.509300000000000114e-02 8.005400000000000016e-02 8.005400000000000016e-02 4.605796954989969254e+09 4.406788667664088249e+09
5.009299999999999864e-02 5.009299999999999864e-02 5.009299999999999864e-02 5.544670843848891258e+09 4.406788667664088249e+09
5.009299999999999864e-02 5.009299999999999864e-02 5.507800000000000196e-02 5.531232182924361229e+09 4.406788667664088249e+09
5.009299999999999864e-02 5.009299999999999864e-02 6.006700000000000234e-02 5.278962926335181236e+09 4.406788667664088249e+09
5.009299999999999864e-02 5.009299999999999864e-02 6.505900000000000571e-02 5.246868441904112816e+09 4.406788667664088249e+09
5.009299999999999864e-02 5.009299999999999864e-02 7.005400000000000515e-02 5.097763176502933502e+09 4.406788667664088249e+09
5.009299999999999864e-02 5.009299999999999864e-02 7.505299999999999472e-02 5.058332088439547539e+09 4.406788667664088249e+09
5.009299999999999864e-02 5.009299999999999864e-02 8.005400000000000016e-02 4.954058478190299034e+09 4.406788667664088249e+09
5.009299999999999864e-02 5.507800000000000196e-02 5.507800000000000196e-02 5.517793521999831200e+09 4.406788667664088249e+09
5.009299999999999864e-02 5.507800000000000196e-02 6.006700000000000234e-02 5.265524265410651207e+09 4.406788667664088249e+09
5.009299999999999864e-02 5.507800000000000196e-02 6.505900000000000571e-02 5.233429780979582787e+09 4.406788667664088249e+09
5.009299999999999864e-02 5.507800000000000196e-02 7.005400000000000515e-02 5.084324515578403473e+09 4.406788667664088249e+09
5.009299999999999864e-02 5.507800000000000196e-02 7.505299999999999472e-02 5.044893427515017509e+09 4.406788667664088249e+09
5.009299999999999864e-02 5.507800000000000196e-02 8.005400000000000016e-02 4.940619817265769005e+09 4.406788667664088249e+09
5.009299999999999864e-02 6.006700000000000234e-02 6.006700000000000234e-02 5.013255008821472168e+09 4.406788667664088249e+09
5.009299999999999864e-02 6.006700000000000234e-02 6.505900000000000571e-02 4.981160524390403748e+09 4.406788667664088249e+09
5.009299999999999864e-02 6.006700000000000234e-02 7.005400000000000515e-02 4.832055258989224434e+09 4.406788667664088249e+09
5.009299999999999864e-02 6.006700000000000234e-02 7.505299999999999472e-02 4.792624170925838470e+09 4.406788667664088249e+09
5.009299999999999864e-02 6.006700000000000234e-02 8.005400000000000016e-02 4.688350560676589966e+09 4.406788667664088249e+09
5.009299999999999864e-02 6.505900000000000571e-02 6.505900000000000571e-02 4.949066039959335327e+09 4.406788667664088249e+09
5.009299999999999864e-02 6.505900000000000571e-02 7.005400000000000515e-02 4.799960774558156013e+09 4.406788667664088249e+09
5.009299999999999864e-02 6.505900000000000571e-02 7.505299999999999472e-02 4.760529686494770050e+09 4.406788667664088249e+09
5.009299999999999864e-02 6.505900000000000571e-02 8.005400000000000016e-02 4.656256076245521545e+09 4.406788667664088249e+09
5.009299999999999864e-02 7.005400000000000515e-02 7.005400000000000515e-02 4.650855509156975746e+09 4.406788667664088249e+09
5.009299999999999864e-02 7.005400000000000515e-02 7.505299999999999472e-02 4.611424421093589783e+09 4.406788667664088249e+09
5.009299999999999864e-02 7.005400000000000515e-02 8.005400000000000016e-02 4.507150810844341278e+09 4.406788667664088249e+09
5.009299999999999864e-02 7.505299999999999472e-02 7.505299999999999472e-02 4.571993333030203819e+09 4.406788667664088249e+09
5.009299999999999864e-02 7.505299999999999472e-02 8.005400000000000016e-02 4.467719722780956268e+09 4.406788667664088249e+09
5.009299999999999864e-02 8.005400000000000016e-02 8.005400000000000016e-02 4.363446112531707764e+09 4.406788667664088249e+09
5.507800000000000196e-02 5.507800000000000196e-02 5.507800000000000196e-02 5.504354861075301170e+09 4.406788667664088249e+09
5.507800000000000196e-02 5.507800000000000196e-02 6.006700000000000234e-02 5.252085604486121178e+09 4.406788667664088249e+09
5.507800000000000196e-02 5.507800000000000196e-02 6.505900000000000571e-02 5.219991120055052757e+09 4.406788667664088249e+09
5.507800000000000196e-02 5.507800000000000196e-02 7.005400000000000515e-02 5.070885854653873444e+09 4.406788667664088249e+09
5.507800000000000196e-02 5.507800000000000196e-02 7.505299999999999472e-02 5.031454766590488434e+09 4.406788667664088249e+09
5.507800000000000196e-02 5.507800000000000196e-02 8.005400000000000016e-02 4.927181156341238976e+09 4.406788667664088249e+09
5.507800000000000196e-02 6.006700000000000234e-02 6.006700000000000234e-02 4.999816347896942139e+09 4.406788667664088249e+09
5.507800000000000196e-02 6.006700000000000234e-02 6.505900000000000571e-02 4.967721863465873718e+09 4.406788667664088249e+09
5.507800000000000196e-02 6.006700000000000234e-02 7.005400000000000515e-02 4.818616598064694405e+09 4.406788667664088249e+09
5.507800000000000196e-02 6.006700000000000234e-02 7.505299999999999472e-02 4.779185510001308441e+09 4.406788667664088249e+09
5.507800000000000196e-02 6.006700000000000234e-02 8.005400000000000016e-02 4.674911899752059937e+09 4.406788667664088249e+09
5.507800000000000196e-02 6.505900000000000571e-02 6.505900000000000571e-02 4.935627379034805298e+09 4.406788667664088249e+09
5.507800000000000196e-02 6.505900000000000571e-02 7.005400000000000515e-02 4.786522113633625984e+09 4.406788667664088249e+09
5.507800000000000196e-02 6.505900000000000571e-02 7.505299999999999472e-02 4.747091025570240021e+09 4.406788667664088249e+09
5.507800000000000196e-02 6.505900000000000571e-02 8.005400000000000016e-02 4.642817415320991516e+09 4.406788667664088249e+09
5.507800000000000196e-02 7.005400000000000515e-02 7.005400000000000515e-02 4.637416848232445717e+09 4.406788667664088249e+09
5.507800000000000196e-02 7.005400000000000515e-02 7.505299999999999472e-02 4.597985760169059753e+09 4.406788667664088249e+09
5.507800000000000196e-02 7.005400000000000515e-02 8.005400000000000016e-02 4.493712149919811249e+09 4.406788667664088249e+09
5.507800000000000196e-02 7.505299999999999472e-02 7.505299999999999472e-02 4.558554672105674744e+09 4.406788667664088249e+09
5.507800000000000196e-02 7.505299999999999472e-02 8.005400000000000016e-02 4.454281061856426239e+09 4.406788667664088249e+09
5.507800000000000196e-02 8.005400000000000016e-02 8.005400000000000016e-02 4.350007451607177734e+09 4.406788667664088249e+09
6.006700000000000234e-02 6.006700000000000234e-02 6.006700000000000234e-02 4.747547091307763100e+09 4.406788667664088249e+09
6.006700000000000234e-02 6.006700000000000234e-02 6.505900000000000571e-02 4.715452606876694679e+09 4.406788667664088249e+09
6.006700000000000234e-02 6.006700000000000234e-02 7.005400000000000515e-02 4.566347341475514412e+09 4.406788667664088249e+09
6.006700000000000234e-02 6.006700000000000234e-02 7.505299999999999472e-02 4.526916253412128448e+09 4.406788667664088249e+09
6.006700000000000234e-02 6.006700000000000234e-02 8.005400000000000016e-02 4.422642643162880898e+09 4.406788667664088249e+09
6.006700000000000234e-02 6.505900000000000571e-02 6.505900000000000571e-02 4.683358122445626259e+09 4.406788667664088249e+09
6.006700000000000234e-02 6.505900000000000571e-02 7.005400000000000515e-02 4.534252857044445992e+09 4.406788667664088249e+09
6.006700000000000234e-02 6.505900000000000571e-02 7.505299999999999472e-02 4.494821768981060982e+09 4.406788667664088249e+09
6.006700000000000234e-02 6.505900000000000571e-02 8.005400000000000016e-02 4.390548158731812477e+09 4.406788667664088249e+09
6.006700000000000234e-02 7.005400000000000515e-02 7.005400000000000515e-02 4.385147591643266678e+09 4.406788667664088249e+09
6.006700000000000234e-02 7.005400000000000515e-02 7.505299999999999472e-02 4.345716503579880714e+09 4.406788667664088249e+09
6.006700000000000234e-02 7.005400000000000515e-02 8.005400000000000016e-02 4.241442893330632210e+09 4.406788667664088249e+09
6.006700000000000234e-02 7.505299999999999472e-02 7.505299999999999472e-02 4.306285415516495705e+09 4.406788667664088249e+09
6.006700000000000234e-02 7.505299999999999472e-02 8.005400000000000016e-02 4.202011805267246723e+09 4.406788667664088249e+09
6.006700000000000234e-02 8.005400000000000016e-02 8.005400000000000016e-02 4.097738195017998695e+09 4.406788667664088249e+09
6.505900000000000571e-02 6.505900000000000571e-02 6.505900000000000571e-02 4.651263638014557838e+09 4.406788667664088249e+09
6.505900000000000571e-02 6.505900000000000571e-02 7.005400000000000515e-02 4.502158372613377571e+09 4.406788667664088249e+09
6.505900000000000571e-02 6.505900000000000571e-02 7.505299999999999472e-02 4.462727284549992561e+09 4.406788667664088249e+09
6.505900000000000571e-02 6.505900000000000571e-02 8.005400000000000016e-02 4.358453674300744057e+09 4.406788667664088249e+09
6.505900000000000571e-02 7.005400000000000515e-02 7.005400000000000515e-02 4.353053107212198257e+09 4.406788667664088249e+09
6.505900000000000571e-02 7.005400000000000515e-02 7.505299999999999472e-02 4.313622019148812294e+09 4.406788667664088249e+09
6.505900000000000571e-02 7.005400000000000515e-02 8.005400000000000016e-02 4.209348408899564266e+09 4.406788667664088249e+09
6.505900000000000571e-02 7.505299999999999472e-02 7.505299999999999472e-02 4.274190931085426331e+09 4.406788667664088249e+09
6.505900000000000571e-02 7.505299999999999472e-02 8.005400000000000016e-02 4.169917320836178303e+09 4.406788667664088249e+09
6.505900000000000571e-02 8.005400000000000016e-02 8.005400000000000016e-02 4.065643710586930275e+09 4.406788667664088249e+09
7.005400000000000515e-02 7.005400000000000515e-02 7.005400000000000515e-02 4.203947841811017990e+09 4.406788667664088249e+09
7.005400000000000515e-02 7.005400000000000515e-02 7.505299999999999472e-02 4.164516753747632027e+09 4.406788667664088249e+09
7.005400000000000515e-02 7.005400000000000515e-02 8.005400000000000016e-02 4.060243143498383999e+09 4.406788667664088249e+09
7.005400000000000515e-02 7.505299999999999472e-02 7.505299999999999472e-02 4.125085665684246540e+09 4.406788667664088249e+09
7.005400000000000515e-02 7.505299999999999472e-02 8.005400000000000016e-02 4.020812055434998512e+09 4.406788667664088249e+09
7.005400000000000515e-02 8.005400000000000016e-02 8.005400000000000016e-02 3.916538445185750008e+09 4.406788667664088249e+09
7.505299999999999472e-02 7.505299999999999472e-02 7.505299999999999472e-02 4.085654577620861530e+09 4.406788667664088249e+09
7.505299999999999472e-02 7.505299999999999472e-02 8.005400000000000016e-02 3.981380967371612549e+09 4.406788667664088249e+09
7.505299999999999472e-02 8.005400000000000016e-02 8.005400000000000016e-02 3.877107357122364521e+09 4.406788667664088249e+09
8.005400000000000016e-02 8.005400000000000016e-02 8.005400000000000016e-02 3.772833746873116493e+09 4.406788667664088249e+09
