# S0B for SGC data 
# k1-eff  k2-eff  k3-eff S_0B(k1-eff,k2-eff,k3-eff)  S_0B
5.785000000000000211e-03 5.785000000000000211e-03 5.785000000000000211e-03 1.545017838490098953e+10 5.783084954448138237e+09
5.785000000000000211e-03 5.785000000000000211e-03 1.042599999999999950e-02 1.351315951617005539e+10 5.783084954448138237e+09
5.785000000000000211e-03 5.785000000000000211e-03 1.528299999999999971e-02 1.343690012989210510e+10 5.783084954448138237e+09
5.785000000000000211e-03 1.042599999999999950e-02 1.042599999999999950e-02 1.157614064743912315e+10 5.783084954448138237e+09
5.785000000000000211e-03 1.042599999999999950e-02 1.528299999999999971e-02 1.149988126116117096e+10 5.783084954448138237e+09
5.785000000000000211e-03 1.042599999999999950e-02 2.021500000000000033e-02 1.205397963217062378e+10 5.783084954448138237e+09
5.785000000000000211e-03 1.528299999999999971e-02 1.528299999999999971e-02 1.142362187488321877e+10 5.783084954448138237e+09
5.785000000000000211e-03 1.528299999999999971e-02 2.021500000000000033e-02 1.197772024589267159e+10 5.783084954448138237e+09
5.785000000000000211e-03 1.528299999999999971e-02 2.516799999999999940e-02 1.145731913900613022e+10 5.783084954448138237e+09
5.785000000000000211e-03 2.021500000000000033e-02 2.021500000000000033e-02 1.253181861690212631e+10 5.783084954448138237e+09
5.785000000000000211e-03 2.021500000000000033e-02 2.516799999999999940e-02 1.201141751001558113e+10 5.783084954448138237e+09
5.785000000000000211e-03 2.021500000000000033e-02 3.012099999999999847e-02 1.205007445005350685e+10 5.783084954448138237e+09
5.785000000000000211e-03 2.516799999999999940e-02 2.516799999999999940e-02 1.149101640312903976e+10 5.783084954448138237e+09
5.785000000000000211e-03 2.516799999999999940e-02 3.012099999999999847e-02 1.152967334316696548e+10 5.783084954448138237e+09
5.785000000000000211e-03 2.516799999999999940e-02 3.511199999999999738e-02 1.117570450066583633e+10 5.783084954448138237e+09
5.785000000000000211e-03 3.012099999999999847e-02 3.012099999999999847e-02 1.156833028320488930e+10 5.783084954448138237e+09
5.785000000000000211e-03 3.012099999999999847e-02 3.511199999999999738e-02 1.121436144070376205e+10 5.783084954448138237e+09
5.785000000000000211e-03 3.012099999999999847e-02 4.010899999999999882e-02 1.062103489000510597e+10 5.783084954448138237e+09
5.785000000000000211e-03 3.511199999999999738e-02 3.511199999999999738e-02 1.086039259820263481e+10 5.783084954448138237e+09
5.785000000000000211e-03 3.511199999999999738e-02 4.010899999999999882e-02 1.026706604750397873e+10 5.783084954448138237e+09
5.785000000000000211e-03 3.511199999999999738e-02 4.509300000000000114e-02 9.955522440795745850e+09 5.783084954448138237e+09
5.785000000000000211e-03 4.010899999999999882e-02 4.010899999999999882e-02 9.673739496805322647e+09 5.783084954448138237e+09
5.785000000000000211e-03 4.010899999999999882e-02 4.509300000000000114e-02 9.362195890097089767e+09 5.783084954448138237e+09
5.785000000000000211e-03 4.010899999999999882e-02 5.008300000000000252e-02 9.206277078074178696e+09 5.783084954448138237e+09
5.785000000000000211e-03 4.509300000000000114e-02 4.509300000000000114e-02 9.050652283388856888e+09 5.783084954448138237e+09
5.785000000000000211e-03 4.509300000000000114e-02 5.008300000000000252e-02 8.894733471365945816e+09 5.783084954448138237e+09
5.785000000000000211e-03 4.509300000000000114e-02 5.508300000000000002e-02 8.723802226211910248e+09 5.783084954448138237e+09
5.785000000000000211e-03 5.008300000000000252e-02 5.008300000000000252e-02 8.738814659343032837e+09 5.783084954448138237e+09
5.785000000000000211e-03 5.008300000000000252e-02 5.508300000000000002e-02 8.567883414188998222e+09 5.783084954448138237e+09
5.785000000000000211e-03 5.008300000000000252e-02 6.007599999999999746e-02 8.720445059937318802e+09 5.783084954448138237e+09
5.785000000000000211e-03 5.508300000000000002e-02 5.508300000000000002e-02 8.396952169034962654e+09 5.783084954448138237e+09
5.785000000000000211e-03 5.508300000000000002e-02 6.007599999999999746e-02 8.549513814783284187e+09 5.783084954448138237e+09
5.785000000000000211e-03 5.508300000000000002e-02 6.506599999999999884e-02 8.304850373401112556e+09 5.783084954448138237e+09
5.785000000000000211e-03 6.007599999999999746e-02 6.007599999999999746e-02 8.702075460531604767e+09 5.783084954448138237e+09
5.785000000000000211e-03 6.007599999999999746e-02 6.506599999999999884e-02 8.457412019149435997e+09 5.783084954448138237e+09
5.785000000000000211e-03 6.007599999999999746e-02 7.006400000000000128e-02 8.535804153960665703e+09 5.783084954448138237e+09
5.785000000000000211e-03 6.506599999999999884e-02 6.506599999999999884e-02 8.212748577767265320e+09 5.783084954448138237e+09
5.785000000000000211e-03 6.506599999999999884e-02 7.006400000000000128e-02 8.291140712578495026e+09 5.783084954448138237e+09
5.785000000000000211e-03 6.506599999999999884e-02 7.506100000000000272e-02 8.029766133118809700e+09 5.783084954448138237e+09
5.785000000000000211e-03 7.006400000000000128e-02 7.006400000000000128e-02 8.369532847389725685e+09 5.783084954448138237e+09
5.785000000000000211e-03 7.006400000000000128e-02 7.506100000000000272e-02 8.108158267930041313e+09 5.783084954448138237e+09
5.785000000000000211e-03 7.006400000000000128e-02 8.005600000000000216e-02 8.019672920906883240e+09 5.783084954448138237e+09
5.785000000000000211e-03 7.506100000000000272e-02 7.506100000000000272e-02 7.846783688470355034e+09 5.783084954448138237e+09
5.785000000000000211e-03 7.506100000000000272e-02 8.005600000000000216e-02 7.758298341447198868e+09 5.783084954448138237e+09
5.785000000000000211e-03 8.005600000000000216e-02 8.005600000000000216e-02 7.669812994424042702e+09 5.783084954448138237e+09
1.042599999999999950e-02 1.042599999999999950e-02 1.042599999999999950e-02 9.639121778708187103e+09 5.783084954448138237e+09
1.042599999999999950e-02 1.042599999999999950e-02 1.528299999999999971e-02 9.562862392430234909e+09 5.783084954448138237e+09
1.042599999999999950e-02 1.042599999999999950e-02 2.021500000000000033e-02 1.011696076343968773e+10 5.783084954448138237e+09
1.042599999999999950e-02 1.042599999999999950e-02 2.516799999999999940e-02 9.596559656553144455e+09 5.783084954448138237e+09
1.042599999999999950e-02 1.528299999999999971e-02 1.528299999999999971e-02 9.486603006152282715e+09 5.783084954448138237e+09
1.042599999999999950e-02 1.528299999999999971e-02 2.021500000000000033e-02 1.004070137716173744e+10 5.783084954448138237e+09
1.042599999999999950e-02 1.528299999999999971e-02 2.516799999999999940e-02 9.520300270275194168e+09 5.783084954448138237e+09
1.042599999999999950e-02 1.528299999999999971e-02 3.012099999999999847e-02 9.558957210313119888e+09 5.783084954448138237e+09
1.042599999999999950e-02 2.021500000000000033e-02 2.021500000000000033e-02 1.059479974817119026e+10 5.783084954448138237e+09
1.042599999999999950e-02 2.021500000000000033e-02 2.516799999999999940e-02 1.007439864128464699e+10 5.783084954448138237e+09
1.042599999999999950e-02 2.021500000000000033e-02 3.012099999999999847e-02 1.011305558132257080e+10 5.783084954448138237e+09
1.042599999999999950e-02 2.021500000000000033e-02 3.511199999999999738e-02 9.759086738821445465e+09 5.783084954448138237e+09
1.042599999999999950e-02 2.516799999999999940e-02 2.516799999999999940e-02 9.553997534398105621e+09 5.783084954448138237e+09
1.042599999999999950e-02 2.516799999999999940e-02 3.012099999999999847e-02 9.592654474436029434e+09 5.783084954448138237e+09
1.042599999999999950e-02 2.516799999999999940e-02 3.511199999999999738e-02 9.238685631934902191e+09 5.783084954448138237e+09
1.042599999999999950e-02 2.516799999999999940e-02 4.010899999999999882e-02 8.645359081236246109e+09 5.783084954448138237e+09
1.042599999999999950e-02 3.012099999999999847e-02 3.012099999999999847e-02 9.631311414473955154e+09 5.783084954448138237e+09
1.042599999999999950e-02 3.012099999999999847e-02 3.511199999999999738e-02 9.277342571972826004e+09 5.783084954448138237e+09
1.042599999999999950e-02 3.012099999999999847e-02 4.010899999999999882e-02 8.684016021274171829e+09 5.783084954448138237e+09
1.042599999999999950e-02 3.012099999999999847e-02 4.509300000000000114e-02 8.372472414565937996e+09 5.783084954448138237e+09
1.042599999999999950e-02 3.511199999999999738e-02 3.511199999999999738e-02 8.923373729471700668e+09 5.783084954448138237e+09
1.042599999999999950e-02 3.511199999999999738e-02 4.010899999999999882e-02 8.330047178773043633e+09 5.783084954448138237e+09
1.042599999999999950e-02 3.511199999999999738e-02 4.509300000000000114e-02 8.018503572064809799e+09 5.783084954448138237e+09
1.042599999999999950e-02 3.511199999999999738e-02 5.008300000000000252e-02 7.862584760041897774e+09 5.783084954448138237e+09
1.042599999999999950e-02 4.010899999999999882e-02 4.010899999999999882e-02 7.736720628074387550e+09 5.783084954448138237e+09
1.042599999999999950e-02 4.010899999999999882e-02 4.509300000000000114e-02 7.425177021366154671e+09 5.783084954448138237e+09
1.042599999999999950e-02 4.010899999999999882e-02 5.008300000000000252e-02 7.269258209343242645e+09 5.783084954448138237e+09
1.042599999999999950e-02 4.010899999999999882e-02 5.508300000000000002e-02 7.098326964189207077e+09 5.783084954448138237e+09
1.042599999999999950e-02 4.509300000000000114e-02 4.509300000000000114e-02 7.113633414657921791e+09 5.783084954448138237e+09
1.042599999999999950e-02 4.509300000000000114e-02 5.008300000000000252e-02 6.957714602635009766e+09 5.783084954448138237e+09
1.042599999999999950e-02 4.509300000000000114e-02 5.508300000000000002e-02 6.786783357480974197e+09 5.783084954448138237e+09
1.042599999999999950e-02 4.509300000000000114e-02 6.007599999999999746e-02 6.939345003229295731e+09 5.783084954448138237e+09
1.042599999999999950e-02 5.008300000000000252e-02 5.008300000000000252e-02 6.801795790612097740e+09 5.783084954448138237e+09
1.042599999999999950e-02 5.008300000000000252e-02 5.508300000000000002e-02 6.630864545458062172e+09 5.783084954448138237e+09
1.042599999999999950e-02 5.008300000000000252e-02 6.007599999999999746e-02 6.783426191206383705e+09 5.783084954448138237e+09
1.042599999999999950e-02 5.008300000000000252e-02 6.506599999999999884e-02 6.538762749824213982e+09 5.783084954448138237e+09
1.042599999999999950e-02 5.508300000000000002e-02 5.508300000000000002e-02 6.459933300304026604e+09 5.783084954448138237e+09
1.042599999999999950e-02 5.508300000000000002e-02 6.007599999999999746e-02 6.612494946052348137e+09 5.783084954448138237e+09
1.042599999999999950e-02 5.508300000000000002e-02 6.506599999999999884e-02 6.367831504670178413e+09 5.783084954448138237e+09
1.042599999999999950e-02 5.508300000000000002e-02 7.006400000000000128e-02 6.446223639481408119e+09 5.783084954448138237e+09
1.042599999999999950e-02 6.007599999999999746e-02 6.007599999999999746e-02 6.765056591800670624e+09 5.783084954448138237e+09
1.042599999999999950e-02 6.007599999999999746e-02 6.506599999999999884e-02 6.520393150418499947e+09 5.783084954448138237e+09
1.042599999999999950e-02 6.007599999999999746e-02 7.006400000000000128e-02 6.598785285229729652e+09 5.783084954448138237e+09
1.042599999999999950e-02 6.007599999999999746e-02 7.506100000000000272e-02 6.337410705770045280e+09 5.783084954448138237e+09
1.042599999999999950e-02 6.506599999999999884e-02 6.506599999999999884e-02 6.275729709036329269e+09 5.783084954448138237e+09
1.042599999999999950e-02 6.506599999999999884e-02 7.006400000000000128e-02 6.354121843847559929e+09 5.783084954448138237e+09
1.042599999999999950e-02 6.506599999999999884e-02 7.506100000000000272e-02 6.092747264387874603e+09 5.783084954448138237e+09
1.042599999999999950e-02 6.506599999999999884e-02 8.005600000000000216e-02 6.004261917364718437e+09 5.783084954448138237e+09
1.042599999999999950e-02 7.006400000000000128e-02 7.006400000000000128e-02 6.432513978658790588e+09 5.783084954448138237e+09
1.042599999999999950e-02 7.006400000000000128e-02 7.506100000000000272e-02 6.171139399199105263e+09 5.783084954448138237e+09
1.042599999999999950e-02 7.006400000000000128e-02 8.005600000000000216e-02 6.082654052175949097e+09 5.783084954448138237e+09
1.042599999999999950e-02 7.506100000000000272e-02 7.506100000000000272e-02 5.909764819739419937e+09 5.783084954448138237e+09
1.042599999999999950e-02 7.506100000000000272e-02 8.005600000000000216e-02 5.821279472716263771e+09 5.783084954448138237e+09
1.042599999999999950e-02 8.005600000000000216e-02 8.005600000000000216e-02 5.732794125693107605e+09 5.783084954448138237e+09
1.528299999999999971e-02 1.528299999999999971e-02 1.528299999999999971e-02 9.410343619874334335e+09 5.783084954448138237e+09
1.528299999999999971e-02 1.528299999999999971e-02 2.021500000000000033e-02 9.964441990883785248e+09 5.783084954448138237e+09
1.528299999999999971e-02 1.528299999999999971e-02 2.516799999999999940e-02 9.444040883997243881e+09 5.783084954448138237e+09
1.528299999999999971e-02 1.528299999999999971e-02 3.012099999999999847e-02 9.482697824035167694e+09 5.783084954448138237e+09
1.528299999999999971e-02 1.528299999999999971e-02 3.511199999999999738e-02 9.128728981534040451e+09 5.783084954448138237e+09
1.528299999999999971e-02 2.021500000000000033e-02 2.021500000000000033e-02 1.051854036189323807e+10 5.783084954448138237e+09
1.528299999999999971e-02 2.021500000000000033e-02 2.516799999999999940e-02 9.998139255006696701e+09 5.783084954448138237e+09
1.528299999999999971e-02 2.021500000000000033e-02 3.012099999999999847e-02 1.003679619504462051e+10 5.783084954448138237e+09
1.528299999999999971e-02 2.021500000000000033e-02 3.511199999999999738e-02 9.682827352543493271e+09 5.783084954448138237e+09
1.528299999999999971e-02 2.021500000000000033e-02 4.010899999999999882e-02 9.089500801844837189e+09 5.783084954448138237e+09
1.528299999999999971e-02 2.516799999999999940e-02 2.516799999999999940e-02 9.477738148120153427e+09 5.783084954448138237e+09
1.528299999999999971e-02 2.516799999999999940e-02 3.012099999999999847e-02 9.516395088158077240e+09 5.783084954448138237e+09
1.528299999999999971e-02 2.516799999999999940e-02 3.511199999999999738e-02 9.162426245656951904e+09 5.783084954448138237e+09
1.528299999999999971e-02 2.516799999999999940e-02 4.010899999999999882e-02 8.569099694958294868e+09 5.783084954448138237e+09
1.528299999999999971e-02 2.516799999999999940e-02 4.509300000000000114e-02 8.257556088250061989e+09 5.783084954448138237e+09
1.528299999999999971e-02 3.012099999999999847e-02 3.012099999999999847e-02 9.555052028196002960e+09 5.783084954448138237e+09
1.528299999999999971e-02 3.012099999999999847e-02 3.511199999999999738e-02 9.201083185694875717e+09 5.783084954448138237e+09
1.528299999999999971e-02 3.012099999999999847e-02 4.010899999999999882e-02 8.607756634996219635e+09 5.783084954448138237e+09
1.528299999999999971e-02 3.012099999999999847e-02 4.509300000000000114e-02 8.296213028287986755e+09 5.783084954448138237e+09
1.528299999999999971e-02 3.012099999999999847e-02 5.008300000000000252e-02 8.140294216265074730e+09 5.783084954448138237e+09
1.528299999999999971e-02 3.511199999999999738e-02 3.511199999999999738e-02 8.847114343193748474e+09 5.783084954448138237e+09
1.528299999999999971e-02 3.511199999999999738e-02 4.010899999999999882e-02 8.253787792495093346e+09 5.783084954448138237e+09
1.528299999999999971e-02 3.511199999999999738e-02 4.509300000000000114e-02 7.942244185786860466e+09 5.783084954448138237e+09
1.528299999999999971e-02 3.511199999999999738e-02 5.008300000000000252e-02 7.786325373763948441e+09 5.783084954448138237e+09
1.528299999999999971e-02 3.511199999999999738e-02 5.508300000000000002e-02 7.615394128609912872e+09 5.783084954448138237e+09
1.528299999999999971e-02 4.010899999999999882e-02 4.010899999999999882e-02 7.660461241796436310e+09 5.783084954448138237e+09
1.528299999999999971e-02 4.010899999999999882e-02 4.509300000000000114e-02 7.348917635088203430e+09 5.783084954448138237e+09
1.528299999999999971e-02 4.010899999999999882e-02 5.008300000000000252e-02 7.192998823065291405e+09 5.783084954448138237e+09
1.528299999999999971e-02 4.010899999999999882e-02 5.508300000000000002e-02 7.022067577911255836e+09 5.783084954448138237e+09
1.528299999999999971e-02 4.010899999999999882e-02 6.007599999999999746e-02 7.174629223659577370e+09 5.783084954448138237e+09
1.528299999999999971e-02 4.509300000000000114e-02 4.509300000000000114e-02 7.037374028379970551e+09 5.783084954448138237e+09
1.528299999999999971e-02 4.509300000000000114e-02 5.008300000000000252e-02 6.881455216357058525e+09 5.783084954448138237e+09
1.528299999999999971e-02 4.509300000000000114e-02 5.508300000000000002e-02 6.710523971203022957e+09 5.783084954448138237e+09
1.528299999999999971e-02 4.509300000000000114e-02 6.007599999999999746e-02 6.863085616951344490e+09 5.783084954448138237e+09
1.528299999999999971e-02 4.509300000000000114e-02 6.506599999999999884e-02 6.618422175569173813e+09 5.783084954448138237e+09
1.528299999999999971e-02 5.008300000000000252e-02 5.008300000000000252e-02 6.725536404334146500e+09 5.783084954448138237e+09
1.528299999999999971e-02 5.008300000000000252e-02 5.508300000000000002e-02 6.554605159180110931e+09 5.783084954448138237e+09
1.528299999999999971e-02 5.008300000000000252e-02 6.007599999999999746e-02 6.707166804928433418e+09 5.783084954448138237e+09
1.528299999999999971e-02 5.008300000000000252e-02 6.506599999999999884e-02 6.462503363546261787e+09 5.783084954448138237e+09
1.528299999999999971e-02 5.008300000000000252e-02 7.006400000000000128e-02 6.540895498357492447e+09 5.783084954448138237e+09
1.528299999999999971e-02 5.508300000000000002e-02 5.508300000000000002e-02 6.383673914026075363e+09 5.783084954448138237e+09
1.528299999999999971e-02 5.508300000000000002e-02 6.007599999999999746e-02 6.536235559774397850e+09 5.783084954448138237e+09
1.528299999999999971e-02 5.508300000000000002e-02 6.506599999999999884e-02 6.291572118392226219e+09 5.783084954448138237e+09
1.528299999999999971e-02 5.508300000000000002e-02 7.006400000000000128e-02 6.369964253203456879e+09 5.783084954448138237e+09
1.528299999999999971e-02 5.508300000000000002e-02 7.506100000000000272e-02 6.108589673743772507e+09 5.783084954448138237e+09
1.528299999999999971e-02 6.007599999999999746e-02 6.007599999999999746e-02 6.688797205522718430e+09 5.783084954448138237e+09
1.528299999999999971e-02 6.007599999999999746e-02 6.506599999999999884e-02 6.444133764140548706e+09 5.783084954448138237e+09
1.528299999999999971e-02 6.007599999999999746e-02 7.006400000000000128e-02 6.522525898951779366e+09 5.783084954448138237e+09
1.528299999999999971e-02 6.007599999999999746e-02 7.506100000000000272e-02 6.261151319492093086e+09 5.783084954448138237e+09
1.528299999999999971e-02 6.007599999999999746e-02 8.005600000000000216e-02 6.172665972468937874e+09 5.783084954448138237e+09
1.528299999999999971e-02 6.506599999999999884e-02 6.506599999999999884e-02 6.199470322758378983e+09 5.783084954448138237e+09
1.528299999999999971e-02 6.506599999999999884e-02 7.006400000000000128e-02 6.277862457569608688e+09 5.783084954448138237e+09
1.528299999999999971e-02 6.506599999999999884e-02 7.506100000000000272e-02 6.016487878109923363e+09 5.783084954448138237e+09
1.528299999999999971e-02 6.506599999999999884e-02 8.005600000000000216e-02 5.928002531086767197e+09 5.783084954448138237e+09
1.528299999999999971e-02 7.006400000000000128e-02 7.006400000000000128e-02 6.356254592380839348e+09 5.783084954448138237e+09
1.528299999999999971e-02 7.006400000000000128e-02 7.506100000000000272e-02 6.094880012921154022e+09 5.783084954448138237e+09
1.528299999999999971e-02 7.006400000000000128e-02 8.005600000000000216e-02 6.006394665897997856e+09 5.783084954448138237e+09
1.528299999999999971e-02 7.506100000000000272e-02 7.506100000000000272e-02 5.833505433461468697e+09 5.783084954448138237e+09
1.528299999999999971e-02 7.506100000000000272e-02 8.005600000000000216e-02 5.745020086438312531e+09 5.783084954448138237e+09
1.528299999999999971e-02 8.005600000000000216e-02 8.005600000000000216e-02 5.656534739415156364e+09 5.783084954448138237e+09
2.021500000000000033e-02 2.021500000000000033e-02 2.021500000000000033e-02 1.107263873290269089e+10 5.783084954448138237e+09
2.021500000000000033e-02 2.021500000000000033e-02 2.516799999999999940e-02 1.055223762601614761e+10 5.783084954448138237e+09
2.021500000000000033e-02 2.021500000000000033e-02 3.012099999999999847e-02 1.059089456605407333e+10 5.783084954448138237e+09
2.021500000000000033e-02 2.021500000000000033e-02 3.511199999999999738e-02 1.023692572355294609e+10 5.783084954448138237e+09
2.021500000000000033e-02 2.021500000000000033e-02 4.010899999999999882e-02 9.643599172854290009e+09 5.783084954448138237e+09
2.021500000000000033e-02 2.021500000000000033e-02 4.509300000000000114e-02 9.332055566146057129e+09 5.783084954448138237e+09
2.021500000000000033e-02 2.516799999999999940e-02 2.516799999999999940e-02 1.003183651912960625e+10 5.783084954448138237e+09
2.021500000000000033e-02 2.516799999999999940e-02 3.012099999999999847e-02 1.007049345916753197e+10 5.783084954448138237e+09
2.021500000000000033e-02 2.516799999999999940e-02 3.511199999999999738e-02 9.716524616666402817e+09 5.783084954448138237e+09
2.021500000000000033e-02 2.516799999999999940e-02 4.010899999999999882e-02 9.123198065967748642e+09 5.783084954448138237e+09
2.021500000000000033e-02 2.516799999999999940e-02 4.509300000000000114e-02 8.811654459259515762e+09 5.783084954448138237e+09
2.021500000000000033e-02 2.516799999999999940e-02 5.008300000000000252e-02 8.655735647236602783e+09 5.783084954448138237e+09
2.021500000000000033e-02 3.012099999999999847e-02 3.012099999999999847e-02 1.010915039920545578e+10 5.783084954448138237e+09
2.021500000000000033e-02 3.012099999999999847e-02 3.511199999999999738e-02 9.755181556704328537e+09 5.783084954448138237e+09
2.021500000000000033e-02 3.012099999999999847e-02 4.010899999999999882e-02 9.161855006005672455e+09 5.783084954448138237e+09
2.021500000000000033e-02 3.012099999999999847e-02 4.509300000000000114e-02 8.850311399297439575e+09 5.783084954448138237e+09
2.021500000000000033e-02 3.012099999999999847e-02 5.008300000000000252e-02 8.694392587274528503e+09 5.783084954448138237e+09
2.021500000000000033e-02 3.012099999999999847e-02 5.508300000000000002e-02 8.523461342120491982e+09 5.783084954448138237e+09
2.021500000000000033e-02 3.511199999999999738e-02 3.511199999999999738e-02 9.401212714203201294e+09 5.783084954448138237e+09
2.021500000000000033e-02 3.511199999999999738e-02 4.010899999999999882e-02 8.807886163504545212e+09 5.783084954448138237e+09
2.021500000000000033e-02 3.511199999999999738e-02 4.509300000000000114e-02 8.496342556796311378e+09 5.783084954448138237e+09
2.021500000000000033e-02 3.511199999999999738e-02 5.008300000000000252e-02 8.340423744773399353e+09 5.783084954448138237e+09
2.021500000000000033e-02 3.511199999999999738e-02 5.508300000000000002e-02 8.169492499619363785e+09 5.783084954448138237e+09
2.021500000000000033e-02 3.511199999999999738e-02 6.007599999999999746e-02 8.322054145367687225e+09 5.783084954448138237e+09
2.021500000000000033e-02 4.010899999999999882e-02 4.010899999999999882e-02 8.214559612805889130e+09 5.783084954448138237e+09
2.021500000000000033e-02 4.010899999999999882e-02 4.509300000000000114e-02 7.903016006097656250e+09 5.783084954448138237e+09
2.021500000000000033e-02 4.010899999999999882e-02 5.008300000000000252e-02 7.747097194074744225e+09 5.783084954448138237e+09
2.021500000000000033e-02 4.010899999999999882e-02 5.508300000000000002e-02 7.576165948920708656e+09 5.783084954448138237e+09
2.021500000000000033e-02 4.010899999999999882e-02 6.007599999999999746e-02 7.728727594669030190e+09 5.783084954448138237e+09
2.021500000000000033e-02 4.010899999999999882e-02 6.506599999999999884e-02 7.484064153286859512e+09 5.783084954448138237e+09
2.021500000000000033e-02 4.509300000000000114e-02 4.509300000000000114e-02 7.591472399389423370e+09 5.783084954448138237e+09
2.021500000000000033e-02 4.509300000000000114e-02 5.008300000000000252e-02 7.435553587366511345e+09 5.783084954448138237e+09
2.021500000000000033e-02 4.509300000000000114e-02 5.508300000000000002e-02 7.264622342212475777e+09 5.783084954448138237e+09
2.021500000000000033e-02 4.509300000000000114e-02 6.007599999999999746e-02 7.417183987960797310e+09 5.783084954448138237e+09
2.021500000000000033e-02 4.509300000000000114e-02 6.506599999999999884e-02 7.172520546578626633e+09 5.783084954448138237e+09
2.021500000000000033e-02 4.509300000000000114e-02 7.006400000000000128e-02 7.250912681389857292e+09 5.783084954448138237e+09
2.021500000000000033e-02 5.008300000000000252e-02 5.008300000000000252e-02 7.279634775343599319e+09 5.783084954448138237e+09
2.021500000000000033e-02 5.008300000000000252e-02 5.508300000000000002e-02 7.108703530189563751e+09 5.783084954448138237e+09
2.021500000000000033e-02 5.008300000000000252e-02 6.007599999999999746e-02 7.261265175937885284e+09 5.783084954448138237e+09
2.021500000000000033e-02 5.008300000000000252e-02 6.506599999999999884e-02 7.016601734555714607e+09 5.783084954448138237e+09
2.021500000000000033e-02 5.008300000000000252e-02 7.006400000000000128e-02 7.094993869366946220e+09 5.783084954448138237e+09
2.021500000000000033e-02 5.008300000000000252e-02 7.506100000000000272e-02 6.833619289907260895e+09 5.783084954448138237e+09
2.021500000000000033e-02 5.508300000000000002e-02 5.508300000000000002e-02 6.937772285035528183e+09 5.783084954448138237e+09
2.021500000000000033e-02 5.508300000000000002e-02 6.007599999999999746e-02 7.090333930783849716e+09 5.783084954448138237e+09
2.021500000000000033e-02 5.508300000000000002e-02 6.506599999999999884e-02 6.845670489401679039e+09 5.783084954448138237e+09
2.021500000000000033e-02 5.508300000000000002e-02 7.006400000000000128e-02 6.924062624212910652e+09 5.783084954448138237e+09
2.021500000000000033e-02 5.508300000000000002e-02 7.506100000000000272e-02 6.662688044753224373e+09 5.783084954448138237e+09
2.021500000000000033e-02 5.508300000000000002e-02 8.005600000000000216e-02 6.574202697730068207e+09 5.783084954448138237e+09
2.021500000000000033e-02 6.007599999999999746e-02 6.007599999999999746e-02 7.242895576532171249e+09 5.783084954448138237e+09
2.021500000000000033e-02 6.007599999999999746e-02 6.506599999999999884e-02 6.998232135150001526e+09 5.783084954448138237e+09
2.021500000000000033e-02 6.007599999999999746e-02 7.006400000000000128e-02 7.076624269961231232e+09 5.783084954448138237e+09
2.021500000000000033e-02 6.007599999999999746e-02 7.506100000000000272e-02 6.815249690501546860e+09 5.783084954448138237e+09
2.021500000000000033e-02 6.007599999999999746e-02 8.005600000000000216e-02 6.726764343478389740e+09 5.783084954448138237e+09
2.021500000000000033e-02 6.506599999999999884e-02 6.506599999999999884e-02 6.753568693767830849e+09 5.783084954448138237e+09
2.021500000000000033e-02 6.506599999999999884e-02 7.006400000000000128e-02 6.831960828579060555e+09 5.783084954448138237e+09
2.021500000000000033e-02 6.506599999999999884e-02 7.506100000000000272e-02 6.570586249119376183e+09 5.783084954448138237e+09
2.021500000000000033e-02 6.506599999999999884e-02 8.005600000000000216e-02 6.482100902096220016e+09 5.783084954448138237e+09
2.021500000000000033e-02 7.006400000000000128e-02 7.006400000000000128e-02 6.910352963390292168e+09 5.783084954448138237e+09
2.021500000000000033e-02 7.006400000000000128e-02 7.506100000000000272e-02 6.648978383930606842e+09 5.783084954448138237e+09
2.021500000000000033e-02 7.006400000000000128e-02 8.005600000000000216e-02 6.560493036907450676e+09 5.783084954448138237e+09
2.021500000000000033e-02 7.506100000000000272e-02 7.506100000000000272e-02 6.387603804470921516e+09 5.783084954448138237e+09
2.021500000000000033e-02 7.506100000000000272e-02 8.005600000000000216e-02 6.299118457447765350e+09 5.783084954448138237e+09
2.021500000000000033e-02 8.005600000000000216e-02 8.005600000000000216e-02 6.210633110424609184e+09 5.783084954448138237e+09
2.516799999999999940e-02 2.516799999999999940e-02 2.516799999999999940e-02 9.511435412243062973e+09 5.783084954448138237e+09
2.516799999999999940e-02 2.516799999999999940e-02 3.012099999999999847e-02 9.550092352280988693e+09 5.783084954448138237e+09
2.516799999999999940e-02 2.516799999999999940e-02 3.511199999999999738e-02 9.196123509779861450e+09 5.783084954448138237e+09
2.516799999999999940e-02 2.516799999999999940e-02 4.010899999999999882e-02 8.602796959081205368e+09 5.783084954448138237e+09
2.516799999999999940e-02 2.516799999999999940e-02 4.509300000000000114e-02 8.291253352372971535e+09 5.783084954448138237e+09
2.516799999999999940e-02 2.516799999999999940e-02 5.008300000000000252e-02 8.135334540350059509e+09 5.783084954448138237e+09
2.516799999999999940e-02 2.516799999999999940e-02 5.508300000000000002e-02 7.964403295196023941e+09 5.783084954448138237e+09
2.516799999999999940e-02 3.012099999999999847e-02 3.012099999999999847e-02 9.588749292318912506e+09 5.783084954448138237e+09
2.516799999999999940e-02 3.012099999999999847e-02 3.511199999999999738e-02 9.234780449817785263e+09 5.783084954448138237e+09
2.516799999999999940e-02 3.012099999999999847e-02 4.010899999999999882e-02 8.641453899119129181e+09 5.783084954448138237e+09
2.516799999999999940e-02 3.012099999999999847e-02 4.509300000000000114e-02 8.329910292410896301e+09 5.783084954448138237e+09
2.516799999999999940e-02 3.012099999999999847e-02 5.008300000000000252e-02 8.173991480387984276e+09 5.783084954448138237e+09
2.516799999999999940e-02 3.012099999999999847e-02 5.508300000000000002e-02 8.003060235233948708e+09 5.783084954448138237e+09
2.516799999999999940e-02 3.012099999999999847e-02 6.007599999999999746e-02 8.155621880982272148e+09 5.783084954448138237e+09
2.516799999999999940e-02 3.511199999999999738e-02 3.511199999999999738e-02 8.880811607316658020e+09 5.783084954448138237e+09
2.516799999999999940e-02 3.511199999999999738e-02 4.010899999999999882e-02 8.287485056618002892e+09 5.783084954448138237e+09
2.516799999999999940e-02 3.511199999999999738e-02 4.509300000000000114e-02 7.975941449909770012e+09 5.783084954448138237e+09
2.516799999999999940e-02 3.511199999999999738e-02 5.008300000000000252e-02 7.820022637886857986e+09 5.783084954448138237e+09
2.516799999999999940e-02 3.511199999999999738e-02 5.508300000000000002e-02 7.649091392732822418e+09 5.783084954448138237e+09
2.516799999999999940e-02 3.511199999999999738e-02 6.007599999999999746e-02 7.801653038481143951e+09 5.783084954448138237e+09
2.516799999999999940e-02 3.511199999999999738e-02 6.506599999999999884e-02 7.556989597098973274e+09 5.783084954448138237e+09
2.516799999999999940e-02 4.010899999999999882e-02 4.010899999999999882e-02 7.694158505919345856e+09 5.783084954448138237e+09
2.516799999999999940e-02 4.010899999999999882e-02 4.509300000000000114e-02 7.382614899211112976e+09 5.783084954448138237e+09
2.516799999999999940e-02 4.010899999999999882e-02 5.008300000000000252e-02 7.226696087188200951e+09 5.783084954448138237e+09
2.516799999999999940e-02 4.010899999999999882e-02 5.508300000000000002e-02 7.055764842034165382e+09 5.783084954448138237e+09
2.516799999999999940e-02 4.010899999999999882e-02 6.007599999999999746e-02 7.208326487782488823e+09 5.783084954448138237e+09
2.516799999999999940e-02 4.010899999999999882e-02 6.506599999999999884e-02 6.963663046400318146e+09 5.783084954448138237e+09
2.516799999999999940e-02 4.010899999999999882e-02 7.006400000000000128e-02 7.042055181211547852e+09 5.783084954448138237e+09
2.516799999999999940e-02 4.509300000000000114e-02 4.509300000000000114e-02 7.071071292502880096e+09 5.783084954448138237e+09
2.516799999999999940e-02 4.509300000000000114e-02 5.008300000000000252e-02 6.915152480479968071e+09 5.783084954448138237e+09
2.516799999999999940e-02 4.509300000000000114e-02 5.508300000000000002e-02 6.744221235325932503e+09 5.783084954448138237e+09
2.516799999999999940e-02 4.509300000000000114e-02 6.007599999999999746e-02 6.896782881074254990e+09 5.783084954448138237e+09
2.516799999999999940e-02 4.509300000000000114e-02 6.506599999999999884e-02 6.652119439692084312e+09 5.783084954448138237e+09
2.516799999999999940e-02 4.509300000000000114e-02 7.006400000000000128e-02 6.730511574503314972e+09 5.783084954448138237e+09
2.516799999999999940e-02 4.509300000000000114e-02 7.506100000000000272e-02 6.469136995043629646e+09 5.783084954448138237e+09
2.516799999999999940e-02 5.008300000000000252e-02 5.008300000000000252e-02 6.759233668457056999e+09 5.783084954448138237e+09
2.516799999999999940e-02 5.008300000000000252e-02 5.508300000000000002e-02 6.588302423303020477e+09 5.783084954448138237e+09
2.516799999999999940e-02 5.008300000000000252e-02 6.007599999999999746e-02 6.740864069051342964e+09 5.783084954448138237e+09
2.516799999999999940e-02 5.008300000000000252e-02 6.506599999999999884e-02 6.496200627669172287e+09 5.783084954448138237e+09
2.516799999999999940e-02 5.008300000000000252e-02 7.006400000000000128e-02 6.574592762480402946e+09 5.783084954448138237e+09
2.516799999999999940e-02 5.008300000000000252e-02 7.506100000000000272e-02 6.313218183020717621e+09 5.783084954448138237e+09
2.516799999999999940e-02 5.008300000000000252e-02 8.005600000000000216e-02 6.224732835997561455e+09 5.783084954448138237e+09
2.516799999999999940e-02 5.508300000000000002e-02 5.508300000000000002e-02 6.417371178148984909e+09 5.783084954448138237e+09
2.516799999999999940e-02 5.508300000000000002e-02 6.007599999999999746e-02 6.569932823897307396e+09 5.783084954448138237e+09
2.516799999999999940e-02 5.508300000000000002e-02 6.506599999999999884e-02 6.325269382515137672e+09 5.783084954448138237e+09
2.516799999999999940e-02 5.508300000000000002e-02 7.006400000000000128e-02 6.403661517326367378e+09 5.783084954448138237e+09
2.516799999999999940e-02 5.508300000000000002e-02 7.506100000000000272e-02 6.142286937866682053e+09 5.783084954448138237e+09
2.516799999999999940e-02 5.508300000000000002e-02 8.005600000000000216e-02 6.053801590843525887e+09 5.783084954448138237e+09
2.516799999999999940e-02 6.007599999999999746e-02 6.007599999999999746e-02 6.722494469645628929e+09 5.783084954448138237e+09
2.516799999999999940e-02 6.007599999999999746e-02 6.506599999999999884e-02 6.477831028263458252e+09 5.783084954448138237e+09
2.516799999999999940e-02 6.007599999999999746e-02 7.006400000000000128e-02 6.556223163074688911e+09 5.783084954448138237e+09
2.516799999999999940e-02 6.007599999999999746e-02 7.506100000000000272e-02 6.294848583615004539e+09 5.783084954448138237e+09
2.516799999999999940e-02 6.007599999999999746e-02 8.005600000000000216e-02 6.206363236591847420e+09 5.783084954448138237e+09
2.516799999999999940e-02 6.506599999999999884e-02 6.506599999999999884e-02 6.233167586881288528e+09 5.783084954448138237e+09
2.516799999999999940e-02 6.506599999999999884e-02 7.006400000000000128e-02 6.311559721692519188e+09 5.783084954448138237e+09
2.516799999999999940e-02 6.506599999999999884e-02 7.506100000000000272e-02 6.050185142232832909e+09 5.783084954448138237e+09
2.516799999999999940e-02 6.506599999999999884e-02 8.005600000000000216e-02 5.961699795209677696e+09 5.783084954448138237e+09
2.516799999999999940e-02 7.006400000000000128e-02 7.006400000000000128e-02 6.389951856503749847e+09 5.783084954448138237e+09
2.516799999999999940e-02 7.006400000000000128e-02 7.506100000000000272e-02 6.128577277044063568e+09 5.783084954448138237e+09
2.516799999999999940e-02 7.006400000000000128e-02 8.005600000000000216e-02 6.040091930020908356e+09 5.783084954448138237e+09
2.516799999999999940e-02 7.506100000000000272e-02 7.506100000000000272e-02 5.867202697584379196e+09 5.783084954448138237e+09
2.516799999999999940e-02 7.506100000000000272e-02 8.005600000000000216e-02 5.778717350561222076e+09 5.783084954448138237e+09
2.516799999999999940e-02 8.005600000000000216e-02 8.005600000000000216e-02 5.690232003538066864e+09 5.783084954448138237e+09
3.012099999999999847e-02 3.012099999999999847e-02 3.012099999999999847e-02 9.627406232356838226e+09 5.783084954448138237e+09
3.012099999999999847e-02 3.012099999999999847e-02 3.511199999999999738e-02 9.273437389855710983e+09 5.783084954448138237e+09
3.012099999999999847e-02 3.012099999999999847e-02 4.010899999999999882e-02 8.680110839157054901e+09 5.783084954448138237e+09
3.012099999999999847e-02 3.012099999999999847e-02 4.509300000000000114e-02 8.368567232448821068e+09 5.783084954448138237e+09
3.012099999999999847e-02 3.012099999999999847e-02 5.008300000000000252e-02 8.212648420425909042e+09 5.783084954448138237e+09
3.012099999999999847e-02 3.012099999999999847e-02 5.508300000000000002e-02 8.041717175271873474e+09 5.783084954448138237e+09
3.012099999999999847e-02 3.012099999999999847e-02 6.007599999999999746e-02 8.194278821020196915e+09 5.783084954448138237e+09
3.012099999999999847e-02 3.012099999999999847e-02 6.506599999999999884e-02 7.949615379638025284e+09 5.783084954448138237e+09
3.012099999999999847e-02 3.511199999999999738e-02 3.511199999999999738e-02 8.919468547354583740e+09 5.783084954448138237e+09
3.012099999999999847e-02 3.511199999999999738e-02 4.010899999999999882e-02 8.326141996655927658e+09 5.783084954448138237e+09
3.012099999999999847e-02 3.511199999999999738e-02 4.509300000000000114e-02 8.014598389947694778e+09 5.783084954448138237e+09
3.012099999999999847e-02 3.511199999999999738e-02 5.008300000000000252e-02 7.858679577924782753e+09 5.783084954448138237e+09
3.012099999999999847e-02 3.511199999999999738e-02 5.508300000000000002e-02 7.687748332770747185e+09 5.783084954448138237e+09
3.012099999999999847e-02 3.511199999999999738e-02 6.007599999999999746e-02 7.840309978519068718e+09 5.783084954448138237e+09
3.012099999999999847e-02 3.511199999999999738e-02 6.506599999999999884e-02 7.595646537136898041e+09 5.783084954448138237e+09
3.012099999999999847e-02 3.511199999999999738e-02 7.006400000000000128e-02 7.674038671948128700e+09 5.783084954448138237e+09
3.012099999999999847e-02 4.010899999999999882e-02 4.010899999999999882e-02 7.732815445957270622e+09 5.783084954448138237e+09
3.012099999999999847e-02 4.010899999999999882e-02 4.509300000000000114e-02 7.421271839249037743e+09 5.783084954448138237e+09
3.012099999999999847e-02 4.010899999999999882e-02 5.008300000000000252e-02 7.265353027226125717e+09 5.783084954448138237e+09
3.012099999999999847e-02 4.010899999999999882e-02 5.508300000000000002e-02 7.094421782072090149e+09 5.783084954448138237e+09
3.012099999999999847e-02 4.010899999999999882e-02 6.007599999999999746e-02 7.246983427820413589e+09 5.783084954448138237e+09
3.012099999999999847e-02 4.010899999999999882e-02 6.506599999999999884e-02 7.002319986438242912e+09 5.783084954448138237e+09
3.012099999999999847e-02 4.010899999999999882e-02 7.006400000000000128e-02 7.080712121249472618e+09 5.783084954448138237e+09
3.012099999999999847e-02 4.010899999999999882e-02 7.506100000000000272e-02 6.819337541789787292e+09 5.783084954448138237e+09
3.012099999999999847e-02 4.509300000000000114e-02 4.509300000000000114e-02 7.109728232540804863e+09 5.783084954448138237e+09
3.012099999999999847e-02 4.509300000000000114e-02 5.008300000000000252e-02 6.953809420517892838e+09 5.783084954448138237e+09
3.012099999999999847e-02 4.509300000000000114e-02 5.508300000000000002e-02 6.782878175363857269e+09 5.783084954448138237e+09
3.012099999999999847e-02 4.509300000000000114e-02 6.007599999999999746e-02 6.935439821112179756e+09 5.783084954448138237e+09
3.012099999999999847e-02 4.509300000000000114e-02 6.506599999999999884e-02 6.690776379730009079e+09 5.783084954448138237e+09
3.012099999999999847e-02 4.509300000000000114e-02 7.006400000000000128e-02 6.769168514541239738e+09 5.783084954448138237e+09
3.012099999999999847e-02 4.509300000000000114e-02 7.506100000000000272e-02 6.507793935081554413e+09 5.783084954448138237e+09
3.012099999999999847e-02 4.509300000000000114e-02 8.005600000000000216e-02 6.419308588058398247e+09 5.783084954448138237e+09
3.012099999999999847e-02 5.008300000000000252e-02 5.008300000000000252e-02 6.797890608494980812e+09 5.783084954448138237e+09
3.012099999999999847e-02 5.008300000000000252e-02 5.508300000000000002e-02 6.626959363340945244e+09 5.783084954448138237e+09
3.012099999999999847e-02 5.008300000000000252e-02 6.007599999999999746e-02 6.779521009089267731e+09 5.783084954448138237e+09
3.012099999999999847e-02 5.008300000000000252e-02 6.506599999999999884e-02 6.534857567707097054e+09 5.783084954448138237e+09
3.012099999999999847e-02 5.008300000000000252e-02 7.006400000000000128e-02 6.613249702518327713e+09 5.783084954448138237e+09
3.012099999999999847e-02 5.008300000000000252e-02 7.506100000000000272e-02 6.351875123058642387e+09 5.783084954448138237e+09
3.012099999999999847e-02 5.008300000000000252e-02 8.005600000000000216e-02 6.263389776035486221e+09 5.783084954448138237e+09
3.012099999999999847e-02 5.508300000000000002e-02 5.508300000000000002e-02 6.456028118186909676e+09 5.783084954448138237e+09
3.012099999999999847e-02 5.508300000000000002e-02 6.007599999999999746e-02 6.608589763935232162e+09 5.783084954448138237e+09
3.012099999999999847e-02 5.508300000000000002e-02 6.506599999999999884e-02 6.363926322553062439e+09 5.783084954448138237e+09
3.012099999999999847e-02 5.508300000000000002e-02 7.006400000000000128e-02 6.442318457364292145e+09 5.783084954448138237e+09
3.012099999999999847e-02 5.508300000000000002e-02 7.506100000000000272e-02 6.180943877904606819e+09 5.783084954448138237e+09
3.012099999999999847e-02 5.508300000000000002e-02 8.005600000000000216e-02 6.092458530881450653e+09 5.783084954448138237e+09
3.012099999999999847e-02 6.007599999999999746e-02 6.007599999999999746e-02 6.761151409683553696e+09 5.783084954448138237e+09
3.012099999999999847e-02 6.007599999999999746e-02 6.506599999999999884e-02 6.516487968301383018e+09 5.783084954448138237e+09
3.012099999999999847e-02 6.007599999999999746e-02 7.006400000000000128e-02 6.594880103112613678e+09 5.783084954448138237e+09
3.012099999999999847e-02 6.007599999999999746e-02 7.506100000000000272e-02 6.333505523652929306e+09 5.783084954448138237e+09
3.012099999999999847e-02 6.007599999999999746e-02 8.005600000000000216e-02 6.245020176629772186e+09 5.783084954448138237e+09
3.012099999999999847e-02 6.506599999999999884e-02 6.506599999999999884e-02 6.271824526919213295e+09 5.783084954448138237e+09
3.012099999999999847e-02 6.506599999999999884e-02 7.006400000000000128e-02 6.350216661730443954e+09 5.783084954448138237e+09
3.012099999999999847e-02 6.506599999999999884e-02 7.506100000000000272e-02 6.088842082270757675e+09 5.783084954448138237e+09
3.012099999999999847e-02 6.506599999999999884e-02 8.005600000000000216e-02 6.000356735247602463e+09 5.783084954448138237e+09
3.012099999999999847e-02 7.006400000000000128e-02 7.006400000000000128e-02 6.428608796541674614e+09 5.783084954448138237e+09
3.012099999999999847e-02 7.006400000000000128e-02 7.506100000000000272e-02 6.167234217081988335e+09 5.783084954448138237e+09
3.012099999999999847e-02 7.006400000000000128e-02 8.005600000000000216e-02 6.078748870058833122e+09 5.783084954448138237e+09
3.012099999999999847e-02 7.506100000000000272e-02 7.506100000000000272e-02 5.905859637622303963e+09 5.783084954448138237e+09
3.012099999999999847e-02 7.506100000000000272e-02 8.005600000000000216e-02 5.817374290599146843e+09 5.783084954448138237e+09
3.012099999999999847e-02 8.005600000000000216e-02 8.005600000000000216e-02 5.728888943575991631e+09 5.783084954448138237e+09
3.511199999999999738e-02 3.511199999999999738e-02 3.511199999999999738e-02 8.565499704853456497e+09 5.783084954448138237e+09
3.511199999999999738e-02 3.511199999999999738e-02 4.010899999999999882e-02 7.972173154154801369e+09 5.783084954448138237e+09
3.511199999999999738e-02 3.511199999999999738e-02 4.509300000000000114e-02 7.660629547446566582e+09 5.783084954448138237e+09
3.511199999999999738e-02 3.511199999999999738e-02 5.008300000000000252e-02 7.504710735423654556e+09 5.783084954448138237e+09
3.511199999999999738e-02 3.511199999999999738e-02 5.508300000000000002e-02 7.333779490269618988e+09 5.783084954448138237e+09
3.511199999999999738e-02 3.511199999999999738e-02 6.007599999999999746e-02 7.486341136017942429e+09 5.783084954448138237e+09
3.511199999999999738e-02 3.511199999999999738e-02 6.506599999999999884e-02 7.241677694635770798e+09 5.783084954448138237e+09
3.511199999999999738e-02 3.511199999999999738e-02 7.006400000000000128e-02 7.320069829447000504e+09 5.783084954448138237e+09
3.511199999999999738e-02 3.511199999999999738e-02 7.506100000000000272e-02 7.058695249987316132e+09 5.783084954448138237e+09
3.511199999999999738e-02 4.010899999999999882e-02 4.010899999999999882e-02 7.378846603456144333e+09 5.783084954448138237e+09
3.511199999999999738e-02 4.010899999999999882e-02 4.509300000000000114e-02 7.067302996747911453e+09 5.783084954448138237e+09
3.511199999999999738e-02 4.010899999999999882e-02 5.008300000000000252e-02 6.911384184724999428e+09 5.783084954448138237e+09
3.511199999999999738e-02 4.010899999999999882e-02 5.508300000000000002e-02 6.740452939570963860e+09 5.783084954448138237e+09
3.511199999999999738e-02 4.010899999999999882e-02 6.007599999999999746e-02 6.893014585319285393e+09 5.783084954448138237e+09
3.511199999999999738e-02 4.010899999999999882e-02 6.506599999999999884e-02 6.648351143937115669e+09 5.783084954448138237e+09
3.511199999999999738e-02 4.010899999999999882e-02 7.006400000000000128e-02 6.726743278748345375e+09 5.783084954448138237e+09
3.511199999999999738e-02 4.010899999999999882e-02 7.506100000000000272e-02 6.465368699288661003e+09 5.783084954448138237e+09
3.511199999999999738e-02 4.010899999999999882e-02 8.005600000000000216e-02 6.376883352265503883e+09 5.783084954448138237e+09
3.511199999999999738e-02 4.509300000000000114e-02 4.509300000000000114e-02 6.755759390039678574e+09 5.783084954448138237e+09
3.511199999999999738e-02 4.509300000000000114e-02 5.008300000000000252e-02 6.599840578016766548e+09 5.783084954448138237e+09
3.511199999999999738e-02 4.509300000000000114e-02 5.508300000000000002e-02 6.428909332862730980e+09 5.783084954448138237e+09
3.511199999999999738e-02 4.509300000000000114e-02 6.007599999999999746e-02 6.581470978611052513e+09 5.783084954448138237e+09
3.511199999999999738e-02 4.509300000000000114e-02 6.506599999999999884e-02 6.336807537228881836e+09 5.783084954448138237e+09
3.511199999999999738e-02 4.509300000000000114e-02 7.006400000000000128e-02 6.415199672040112495e+09 5.783084954448138237e+09
3.511199999999999738e-02 4.509300000000000114e-02 7.506100000000000272e-02 6.153825092580427170e+09 5.783084954448138237e+09
3.511199999999999738e-02 4.509300000000000114e-02 8.005600000000000216e-02 6.065339745557271004e+09 5.783084954448138237e+09
3.511199999999999738e-02 5.008300000000000252e-02 5.008300000000000252e-02 6.443921765993854523e+09 5.783084954448138237e+09
3.511199999999999738e-02 5.008300000000000252e-02 5.508300000000000002e-02 6.272990520839818954e+09 5.783084954448138237e+09
3.511199999999999738e-02 5.008300000000000252e-02 6.007599999999999746e-02 6.425552166588140488e+09 5.783084954448138237e+09
3.511199999999999738e-02 5.008300000000000252e-02 6.506599999999999884e-02 6.180888725205969810e+09 5.783084954448138237e+09
3.511199999999999738e-02 5.008300000000000252e-02 7.006400000000000128e-02 6.259280860017200470e+09 5.783084954448138237e+09
3.511199999999999738e-02 5.008300000000000252e-02 7.506100000000000272e-02 5.997906280557515144e+09 5.783084954448138237e+09
3.511199999999999738e-02 5.008300000000000252e-02 8.005600000000000216e-02 5.909420933534358978e+09 5.783084954448138237e+09
3.511199999999999738e-02 5.508300000000000002e-02 5.508300000000000002e-02 6.102059275685782433e+09 5.783084954448138237e+09
3.511199999999999738e-02 5.508300000000000002e-02 6.007599999999999746e-02 6.254620921434104919e+09 5.783084954448138237e+09
3.511199999999999738e-02 5.508300000000000002e-02 6.506599999999999884e-02 6.009957480051935196e+09 5.783084954448138237e+09
3.511199999999999738e-02 5.508300000000000002e-02 7.006400000000000128e-02 6.088349614863164902e+09 5.783084954448138237e+09
3.511199999999999738e-02 5.508300000000000002e-02 7.506100000000000272e-02 5.826975035403479576e+09 5.783084954448138237e+09
3.511199999999999738e-02 5.508300000000000002e-02 8.005600000000000216e-02 5.738489688380323410e+09 5.783084954448138237e+09
3.511199999999999738e-02 6.007599999999999746e-02 6.007599999999999746e-02 6.407182567182426453e+09 5.783084954448138237e+09
3.511199999999999738e-02 6.007599999999999746e-02 6.506599999999999884e-02 6.162519125800256729e+09 5.783084954448138237e+09
3.511199999999999738e-02 6.007599999999999746e-02 7.006400000000000128e-02 6.240911260611486435e+09 5.783084954448138237e+09
3.511199999999999738e-02 6.007599999999999746e-02 7.506100000000000272e-02 5.979536681151802063e+09 5.783084954448138237e+09
3.511199999999999738e-02 6.007599999999999746e-02 8.005600000000000216e-02 5.891051334128644943e+09 5.783084954448138237e+09
3.511199999999999738e-02 6.506599999999999884e-02 6.506599999999999884e-02 5.917855684418086052e+09 5.783084954448138237e+09
3.511199999999999738e-02 6.506599999999999884e-02 7.006400000000000128e-02 5.996247819229316711e+09 5.783084954448138237e+09
3.511199999999999738e-02 6.506599999999999884e-02 7.506100000000000272e-02 5.734873239769631386e+09 5.783084954448138237e+09
3.511199999999999738e-02 6.506599999999999884e-02 8.005600000000000216e-02 5.646387892746475220e+09 5.783084954448138237e+09
3.511199999999999738e-02 7.006400000000000128e-02 7.006400000000000128e-02 6.074639954040547371e+09 5.783084954448138237e+09
3.511199999999999738e-02 7.006400000000000128e-02 7.506100000000000272e-02 5.813265374580861092e+09 5.783084954448138237e+09
3.511199999999999738e-02 7.006400000000000128e-02 8.005600000000000216e-02 5.724780027557705879e+09 5.783084954448138237e+09
3.511199999999999738e-02 7.506100000000000272e-02 7.506100000000000272e-02 5.551890795121176720e+09 5.783084954448138237e+09
3.511199999999999738e-02 7.506100000000000272e-02 8.005600000000000216e-02 5.463405448098019600e+09 5.783084954448138237e+09
3.511199999999999738e-02 8.005600000000000216e-02 8.005600000000000216e-02 5.374920101074864388e+09 5.783084954448138237e+09
4.010899999999999882e-02 4.010899999999999882e-02 4.010899999999999882e-02 6.785520052757487297e+09 5.783084954448138237e+09
4.010899999999999882e-02 4.010899999999999882e-02 4.509300000000000114e-02 6.473976446049255371e+09 5.783084954448138237e+09
4.010899999999999882e-02 4.010899999999999882e-02 5.008300000000000252e-02 6.318057634026343346e+09 5.783084954448138237e+09
4.010899999999999882e-02 4.010899999999999882e-02 5.508300000000000002e-02 6.147126388872307777e+09 5.783084954448138237e+09
4.010899999999999882e-02 4.010899999999999882e-02 6.007599999999999746e-02 6.299688034620629311e+09 5.783084954448138237e+09
4.010899999999999882e-02 4.010899999999999882e-02 6.506599999999999884e-02 6.055024593238459587e+09 5.783084954448138237e+09
4.010899999999999882e-02 4.010899999999999882e-02 7.006400000000000128e-02 6.133416728049690247e+09 5.783084954448138237e+09
4.010899999999999882e-02 4.010899999999999882e-02 7.506100000000000272e-02 5.872042148590003967e+09 5.783084954448138237e+09
4.010899999999999882e-02 4.010899999999999882e-02 8.005600000000000216e-02 5.783556801566848755e+09 5.783084954448138237e+09
4.010899999999999882e-02 4.509300000000000114e-02 4.509300000000000114e-02 6.162432839341022491e+09 5.783084954448138237e+09
4.010899999999999882e-02 4.509300000000000114e-02 5.008300000000000252e-02 6.006514027318110466e+09 5.783084954448138237e+09
4.010899999999999882e-02 4.509300000000000114e-02 5.508300000000000002e-02 5.835582782164074898e+09 5.783084954448138237e+09
4.010899999999999882e-02 4.509300000000000114e-02 6.007599999999999746e-02 5.988144427912396431e+09 5.783084954448138237e+09
4.010899999999999882e-02 4.509300000000000114e-02 6.506599999999999884e-02 5.743480986530225754e+09 5.783084954448138237e+09
4.010899999999999882e-02 4.509300000000000114e-02 7.006400000000000128e-02 5.821873121341456413e+09 5.783084954448138237e+09
4.010899999999999882e-02 4.509300000000000114e-02 7.506100000000000272e-02 5.560498541881771088e+09 5.783084954448138237e+09
4.010899999999999882e-02 4.509300000000000114e-02 8.005600000000000216e-02 5.472013194858614922e+09 5.783084954448138237e+09
4.010899999999999882e-02 5.008300000000000252e-02 5.008300000000000252e-02 5.850595215295198441e+09 5.783084954448138237e+09
4.010899999999999882e-02 5.008300000000000252e-02 5.508300000000000002e-02 5.679663970141162872e+09 5.783084954448138237e+09
4.010899999999999882e-02 5.008300000000000252e-02 6.007599999999999746e-02 5.832225615889484406e+09 5.783084954448138237e+09
4.010899999999999882e-02 5.008300000000000252e-02 6.506599999999999884e-02 5.587562174507314682e+09 5.783084954448138237e+09
4.010899999999999882e-02 5.008300000000000252e-02 7.006400000000000128e-02 5.665954309318544388e+09 5.783084954448138237e+09
4.010899999999999882e-02 5.008300000000000252e-02 7.506100000000000272e-02 5.404579729858859062e+09 5.783084954448138237e+09
4.010899999999999882e-02 5.008300000000000252e-02 8.005600000000000216e-02 5.316094382835702896e+09 5.783084954448138237e+09
4.010899999999999882e-02 5.508300000000000002e-02 5.508300000000000002e-02 5.508732724987127304e+09 5.783084954448138237e+09
4.010899999999999882e-02 5.508300000000000002e-02 6.007599999999999746e-02 5.661294370735448837e+09 5.783084954448138237e+09
4.010899999999999882e-02 5.508300000000000002e-02 6.506599999999999884e-02 5.416630929353279114e+09 5.783084954448138237e+09
4.010899999999999882e-02 5.508300000000000002e-02 7.006400000000000128e-02 5.495023064164509773e+09 5.783084954448138237e+09
4.010899999999999882e-02 5.508300000000000002e-02 7.506100000000000272e-02 5.233648484704823494e+09 5.783084954448138237e+09
4.010899999999999882e-02 5.508300000000000002e-02 8.005600000000000216e-02 5.145163137681667328e+09 5.783084954448138237e+09
4.010899999999999882e-02 6.007599999999999746e-02 6.007599999999999746e-02 5.813856016483771324e+09 5.783084954448138237e+09
4.010899999999999882e-02 6.007599999999999746e-02 6.506599999999999884e-02 5.569192575101599693e+09 5.783084954448138237e+09
4.010899999999999882e-02 6.007599999999999746e-02 7.006400000000000128e-02 5.647584709912830353e+09 5.783084954448138237e+09
4.010899999999999882e-02 6.007599999999999746e-02 7.506100000000000272e-02 5.386210130453145981e+09 5.783084954448138237e+09
4.010899999999999882e-02 6.007599999999999746e-02 8.005600000000000216e-02 5.297724783429988861e+09 5.783084954448138237e+09
4.010899999999999882e-02 6.506599999999999884e-02 6.506599999999999884e-02 5.324529133719429970e+09 5.783084954448138237e+09
4.010899999999999882e-02 6.506599999999999884e-02 7.006400000000000128e-02 5.402921268530660629e+09 5.783084954448138237e+09
4.010899999999999882e-02 6.506599999999999884e-02 7.506100000000000272e-02 5.141546689070975304e+09 5.783084954448138237e+09
4.010899999999999882e-02 6.506599999999999884e-02 8.005600000000000216e-02 5.053061342047819138e+09 5.783084954448138237e+09
4.010899999999999882e-02 7.006400000000000128e-02 7.006400000000000128e-02 5.481313403341891289e+09 5.783084954448138237e+09
4.010899999999999882e-02 7.006400000000000128e-02 7.506100000000000272e-02 5.219938823882205009e+09 5.783084954448138237e+09
4.010899999999999882e-02 7.006400000000000128e-02 8.005600000000000216e-02 5.131453476859049797e+09 5.783084954448138237e+09
4.010899999999999882e-02 7.506100000000000272e-02 7.506100000000000272e-02 4.958564244422520638e+09 5.783084954448138237e+09
4.010899999999999882e-02 7.506100000000000272e-02 8.005600000000000216e-02 4.870078897399363518e+09 5.783084954448138237e+09
4.010899999999999882e-02 8.005600000000000216e-02 8.005600000000000216e-02 4.781593550376208305e+09 5.783084954448138237e+09
4.509300000000000114e-02 4.509300000000000114e-02 4.509300000000000114e-02 5.850889232632789612e+09 5.783084954448138237e+09
4.509300000000000114e-02 4.509300000000000114e-02 5.008300000000000252e-02 5.694970420609877586e+09 5.783084954448138237e+09
4.509300000000000114e-02 4.509300000000000114e-02 5.508300000000000002e-02 5.524039175455841064e+09 5.783084954448138237e+09
4.509300000000000114e-02 4.509300000000000114e-02 6.007599999999999746e-02 5.676600821204163551e+09 5.783084954448138237e+09
4.509300000000000114e-02 4.509300000000000114e-02 6.506599999999999884e-02 5.431937379821992874e+09 5.783084954448138237e+09
4.509300000000000114e-02 4.509300000000000114e-02 7.006400000000000128e-02 5.510329514633223534e+09 5.783084954448138237e+09
4.509300000000000114e-02 4.509300000000000114e-02 7.506100000000000272e-02 5.248954935173538208e+09 5.783084954448138237e+09
4.509300000000000114e-02 4.509300000000000114e-02 8.005600000000000216e-02 5.160469588150382042e+09 5.783084954448138237e+09
4.509300000000000114e-02 5.008300000000000252e-02 5.008300000000000252e-02 5.539051608586965561e+09 5.783084954448138237e+09
4.509300000000000114e-02 5.008300000000000252e-02 5.508300000000000002e-02 5.368120363432929039e+09 5.783084954448138237e+09
4.509300000000000114e-02 5.008300000000000252e-02 6.007599999999999746e-02 5.520682009181251526e+09 5.783084954448138237e+09
4.509300000000000114e-02 5.008300000000000252e-02 6.506599999999999884e-02 5.276018567799080849e+09 5.783084954448138237e+09
4.509300000000000114e-02 5.008300000000000252e-02 7.006400000000000128e-02 5.354410702610311508e+09 5.783084954448138237e+09
4.509300000000000114e-02 5.008300000000000252e-02 7.506100000000000272e-02 5.093036123150626183e+09 5.783084954448138237e+09
4.509300000000000114e-02 5.008300000000000252e-02 8.005600000000000216e-02 5.004550776127470016e+09 5.783084954448138237e+09
4.509300000000000114e-02 5.508300000000000002e-02 5.508300000000000002e-02 5.197189118278893471e+09 5.783084954448138237e+09
4.509300000000000114e-02 5.508300000000000002e-02 6.007599999999999746e-02 5.349750764027215958e+09 5.783084954448138237e+09
4.509300000000000114e-02 5.508300000000000002e-02 6.506599999999999884e-02 5.105087322645046234e+09 5.783084954448138237e+09
4.509300000000000114e-02 5.508300000000000002e-02 7.006400000000000128e-02 5.183479457456275940e+09 5.783084954448138237e+09
4.509300000000000114e-02 5.508300000000000002e-02 7.506100000000000272e-02 4.922104877996590614e+09 5.783084954448138237e+09
4.509300000000000114e-02 5.508300000000000002e-02 8.005600000000000216e-02 4.833619530973434448e+09 5.783084954448138237e+09
4.509300000000000114e-02 6.007599999999999746e-02 6.007599999999999746e-02 5.502312409775537491e+09 5.783084954448138237e+09
4.509300000000000114e-02 6.007599999999999746e-02 6.506599999999999884e-02 5.257648968393366814e+09 5.783084954448138237e+09
4.509300000000000114e-02 6.007599999999999746e-02 7.006400000000000128e-02 5.336041103204597473e+09 5.783084954448138237e+09
4.509300000000000114e-02 6.007599999999999746e-02 7.506100000000000272e-02 5.074666523744913101e+09 5.783084954448138237e+09
4.509300000000000114e-02 6.007599999999999746e-02 8.005600000000000216e-02 4.986181176721755981e+09 5.783084954448138237e+09
4.509300000000000114e-02 6.506599999999999884e-02 6.506599999999999884e-02 5.012985527011197090e+09 5.783084954448138237e+09
4.509300000000000114e-02 6.506599999999999884e-02 7.006400000000000128e-02 5.091377661822427750e+09 5.783084954448138237e+09
4.509300000000000114e-02 6.506599999999999884e-02 7.506100000000000272e-02 4.830003082362741470e+09 5.783084954448138237e+09
4.509300000000000114e-02 6.506599999999999884e-02 8.005600000000000216e-02 4.741517735339586258e+09 5.783084954448138237e+09
4.509300000000000114e-02 7.006400000000000128e-02 7.006400000000000128e-02 5.169769796633658409e+09 5.783084954448138237e+09
4.509300000000000114e-02 7.006400000000000128e-02 7.506100000000000272e-02 4.908395217173972130e+09 5.783084954448138237e+09
4.509300000000000114e-02 7.006400000000000128e-02 8.005600000000000216e-02 4.819909870150816917e+09 5.783084954448138237e+09
4.509300000000000114e-02 7.506100000000000272e-02 7.506100000000000272e-02 4.647020637714287758e+09 5.783084954448138237e+09
4.509300000000000114e-02 7.506100000000000272e-02 8.005600000000000216e-02 4.558535290691130638e+09 5.783084954448138237e+09
4.509300000000000114e-02 8.005600000000000216e-02 8.005600000000000216e-02 4.470049943667975426e+09 5.783084954448138237e+09
5.008300000000000252e-02 5.008300000000000252e-02 5.008300000000000252e-02 5.383132796564053535e+09 5.783084954448138237e+09
5.008300000000000252e-02 5.008300000000000252e-02 5.508300000000000002e-02 5.212201551410017014e+09 5.783084954448138237e+09
5.008300000000000252e-02 5.008300000000000252e-02 6.007599999999999746e-02 5.364763197158339500e+09 5.783084954448138237e+09
5.008300000000000252e-02 5.008300000000000252e-02 6.506599999999999884e-02 5.120099755776169777e+09 5.783084954448138237e+09
5.008300000000000252e-02 5.008300000000000252e-02 7.006400000000000128e-02 5.198491890587399483e+09 5.783084954448138237e+09
5.008300000000000252e-02 5.008300000000000252e-02 7.506100000000000272e-02 4.937117311127714157e+09 5.783084954448138237e+09
5.008300000000000252e-02 5.008300000000000252e-02 8.005600000000000216e-02 4.848631964104557991e+09 5.783084954448138237e+09
5.008300000000000252e-02 5.508300000000000002e-02 5.508300000000000002e-02 5.041270306255981445e+09 5.783084954448138237e+09
5.008300000000000252e-02 5.508300000000000002e-02 6.007599999999999746e-02 5.193831952004303932e+09 5.783084954448138237e+09
5.008300000000000252e-02 5.508300000000000002e-02 6.506599999999999884e-02 4.949168510622134209e+09 5.783084954448138237e+09
5.008300000000000252e-02 5.508300000000000002e-02 7.006400000000000128e-02 5.027560645433363914e+09 5.783084954448138237e+09
5.008300000000000252e-02 5.508300000000000002e-02 7.506100000000000272e-02 4.766186065973678589e+09 5.783084954448138237e+09
5.008300000000000252e-02 5.508300000000000002e-02 8.005600000000000216e-02 4.677700718950522423e+09 5.783084954448138237e+09
5.008300000000000252e-02 6.007599999999999746e-02 6.007599999999999746e-02 5.346393597752626419e+09 5.783084954448138237e+09
5.008300000000000252e-02 6.007599999999999746e-02 6.506599999999999884e-02 5.101730156370454788e+09 5.783084954448138237e+09
5.008300000000000252e-02 6.007599999999999746e-02 7.006400000000000128e-02 5.180122291181685448e+09 5.783084954448138237e+09
5.008300000000000252e-02 6.007599999999999746e-02 7.506100000000000272e-02 4.918747711722001076e+09 5.783084954448138237e+09
5.008300000000000252e-02 6.007599999999999746e-02 8.005600000000000216e-02 4.830262364698843956e+09 5.783084954448138237e+09
5.008300000000000252e-02 6.506599999999999884e-02 6.506599999999999884e-02 4.857066714988285065e+09 5.783084954448138237e+09
5.008300000000000252e-02 6.506599999999999884e-02 7.006400000000000128e-02 4.935458849799515724e+09 5.783084954448138237e+09
5.008300000000000252e-02 6.506599999999999884e-02 7.506100000000000272e-02 4.674084270339830399e+09 5.783084954448138237e+09
5.008300000000000252e-02 6.506599999999999884e-02 8.005600000000000216e-02 4.585598923316674232e+09 5.783084954448138237e+09
5.008300000000000252e-02 7.006400000000000128e-02 7.006400000000000128e-02 5.013850984610746384e+09 5.783084954448138237e+09
5.008300000000000252e-02 7.006400000000000128e-02 7.506100000000000272e-02 4.752476405151060104e+09 5.783084954448138237e+09
5.008300000000000252e-02 7.006400000000000128e-02 8.005600000000000216e-02 4.663991058127904892e+09 5.783084954448138237e+09
5.008300000000000252e-02 7.506100000000000272e-02 7.506100000000000272e-02 4.491101825691375732e+09 5.783084954448138237e+09
5.008300000000000252e-02 7.506100000000000272e-02 8.005600000000000216e-02 4.402616478668218613e+09 5.783084954448138237e+09
5.008300000000000252e-02 8.005600000000000216e-02 8.005600000000000216e-02 4.314131131645063400e+09 5.783084954448138237e+09
5.508300000000000002e-02 5.508300000000000002e-02 5.508300000000000002e-02 4.870339061101946831e+09 5.783084954448138237e+09
5.508300000000000002e-02 5.508300000000000002e-02 6.007599999999999746e-02 5.022900706850268364e+09 5.783084954448138237e+09
5.508300000000000002e-02 5.508300000000000002e-02 6.506599999999999884e-02 4.778237265468097687e+09 5.783084954448138237e+09
5.508300000000000002e-02 5.508300000000000002e-02 7.006400000000000128e-02 4.856629400279328346e+09 5.783084954448138237e+09
5.508300000000000002e-02 5.508300000000000002e-02 7.506100000000000272e-02 4.595254820819643021e+09 5.783084954448138237e+09
5.508300000000000002e-02 5.508300000000000002e-02 8.005600000000000216e-02 4.506769473796486855e+09 5.783084954448138237e+09
5.508300000000000002e-02 6.007599999999999746e-02 6.007599999999999746e-02 5.175462352598590851e+09 5.783084954448138237e+09
5.508300000000000002e-02 6.007599999999999746e-02 6.506599999999999884e-02 4.930798911216419220e+09 5.783084954448138237e+09
5.508300000000000002e-02 6.007599999999999746e-02 7.006400000000000128e-02 5.009191046027649879e+09 5.783084954448138237e+09
5.508300000000000002e-02 6.007599999999999746e-02 7.506100000000000272e-02 4.747816466567965508e+09 5.783084954448138237e+09
5.508300000000000002e-02 6.007599999999999746e-02 8.005600000000000216e-02 4.659331119544808388e+09 5.783084954448138237e+09
5.508300000000000002e-02 6.506599999999999884e-02 6.506599999999999884e-02 4.686135469834249496e+09 5.783084954448138237e+09
5.508300000000000002e-02 6.506599999999999884e-02 7.006400000000000128e-02 4.764527604645480156e+09 5.783084954448138237e+09
5.508300000000000002e-02 6.506599999999999884e-02 7.506100000000000272e-02 4.503153025185794830e+09 5.783084954448138237e+09
5.508300000000000002e-02 6.506599999999999884e-02 8.005600000000000216e-02 4.414667678162638664e+09 5.783084954448138237e+09
5.508300000000000002e-02 7.006400000000000128e-02 7.006400000000000128e-02 4.842919739456709862e+09 5.783084954448138237e+09
5.508300000000000002e-02 7.006400000000000128e-02 7.506100000000000272e-02 4.581545159997024536e+09 5.783084954448138237e+09
5.508300000000000002e-02 7.006400000000000128e-02 8.005600000000000216e-02 4.493059812973868370e+09 5.783084954448138237e+09
5.508300000000000002e-02 7.506100000000000272e-02 7.506100000000000272e-02 4.320170580537340164e+09 5.783084954448138237e+09
5.508300000000000002e-02 7.506100000000000272e-02 8.005600000000000216e-02 4.231685233514183521e+09 5.783084954448138237e+09
5.508300000000000002e-02 8.005600000000000216e-02 8.005600000000000216e-02 4.143199886491026878e+09 5.783084954448138237e+09
6.007599999999999746e-02 6.007599999999999746e-02 6.007599999999999746e-02 5.328023998346911430e+09 5.783084954448138237e+09
6.007599999999999746e-02 6.007599999999999746e-02 6.506599999999999884e-02 5.083360556964741707e+09 5.783084954448138237e+09
6.007599999999999746e-02 6.007599999999999746e-02 7.006400000000000128e-02 5.161752691775972366e+09 5.783084954448138237e+09
6.007599999999999746e-02 6.007599999999999746e-02 7.506100000000000272e-02 4.900378112316286087e+09 5.783084954448138237e+09
6.007599999999999746e-02 6.007599999999999746e-02 8.005600000000000216e-02 4.811892765293130875e+09 5.783084954448138237e+09
6.007599999999999746e-02 6.506599999999999884e-02 6.506599999999999884e-02 4.838697115582571983e+09 5.783084954448138237e+09
6.007599999999999746e-02 6.506599999999999884e-02 7.006400000000000128e-02 4.917089250393801689e+09 5.783084954448138237e+09
6.007599999999999746e-02 6.506599999999999884e-02 7.506100000000000272e-02 4.655714670934116364e+09 5.783084954448138237e+09
6.007599999999999746e-02 6.506599999999999884e-02 8.005600000000000216e-02 4.567229323910960197e+09 5.783084954448138237e+09
6.007599999999999746e-02 7.006400000000000128e-02 7.006400000000000128e-02 4.995481385205031395e+09 5.783084954448138237e+09
6.007599999999999746e-02 7.006400000000000128e-02 7.506100000000000272e-02 4.734106805745347023e+09 5.783084954448138237e+09
6.007599999999999746e-02 7.006400000000000128e-02 8.005600000000000216e-02 4.645621458722189903e+09 5.783084954448138237e+09
6.007599999999999746e-02 7.506100000000000272e-02 7.506100000000000272e-02 4.472732226285661697e+09 5.783084954448138237e+09
6.007599999999999746e-02 7.506100000000000272e-02 8.005600000000000216e-02 4.384246879262505531e+09 5.783084954448138237e+09
6.007599999999999746e-02 8.005600000000000216e-02 8.005600000000000216e-02 4.295761532239349365e+09 5.783084954448138237e+09
6.506599999999999884e-02 6.506599999999999884e-02 6.506599999999999884e-02 4.594033674200401306e+09 5.783084954448138237e+09
6.506599999999999884e-02 6.506599999999999884e-02 7.006400000000000128e-02 4.672425809011631012e+09 5.783084954448138237e+09
6.506599999999999884e-02 6.506599999999999884e-02 7.506100000000000272e-02 4.411051229551946640e+09 5.783084954448138237e+09
6.506599999999999884e-02 6.506599999999999884e-02 8.005600000000000216e-02 4.322565882528789520e+09 5.783084954448138237e+09
6.506599999999999884e-02 7.006400000000000128e-02 7.006400000000000128e-02 4.750817943822861671e+09 5.783084954448138237e+09
6.506599999999999884e-02 7.006400000000000128e-02 7.506100000000000272e-02 4.489443364363176346e+09 5.783084954448138237e+09
6.506599999999999884e-02 7.006400000000000128e-02 8.005600000000000216e-02 4.400958017340020180e+09 5.783084954448138237e+09
6.506599999999999884e-02 7.506100000000000272e-02 7.506100000000000272e-02 4.228068784903491497e+09 5.783084954448138237e+09
6.506599999999999884e-02 7.506100000000000272e-02 8.005600000000000216e-02 4.139583437880334854e+09 5.783084954448138237e+09
6.506599999999999884e-02 8.005600000000000216e-02 8.005600000000000216e-02 4.051098090857178688e+09 5.783084954448138237e+09
7.006400000000000128e-02 7.006400000000000128e-02 7.006400000000000128e-02 4.829210078634092331e+09 5.783084954448138237e+09
7.006400000000000128e-02 7.006400000000000128e-02 7.506100000000000272e-02 4.567835499174407005e+09 5.783084954448138237e+09
7.006400000000000128e-02 7.006400000000000128e-02 8.005600000000000216e-02 4.479350152151250839e+09 5.783084954448138237e+09
7.006400000000000128e-02 7.506100000000000272e-02 7.506100000000000272e-02 4.306460919714721680e+09 5.783084954448138237e+09
7.006400000000000128e-02 7.506100000000000272e-02 8.005600000000000216e-02 4.217975572691565037e+09 5.783084954448138237e+09
7.006400000000000128e-02 8.005600000000000216e-02 8.005600000000000216e-02 4.129490225668409348e+09 5.783084954448138237e+09
7.506100000000000272e-02 7.506100000000000272e-02 7.506100000000000272e-02 4.045086340255035877e+09 5.783084954448138237e+09
7.506100000000000272e-02 7.506100000000000272e-02 8.005600000000000216e-02 3.956600993231880188e+09 5.783084954448138237e+09
7.506100000000000272e-02 8.005600000000000216e-02 8.005600000000000216e-02 3.868115646208723545e+09 5.783084954448138237e+09
8.005600000000000216e-02 8.005600000000000216e-02 8.005600000000000216e-02 3.779630299185567856e+09 5.783084954448138237e+09
