# Bispectrum monopole for NGC EZmock_realistic
# Subtracted SN: kindep
# k1-eff  k2-eff  k3-eff  B0  B0-BSN  Std_dev  Std_dev(-BSN)
5.738000000000000045e-03 5.738000000000000045e-03 5.738000000000000045e-03 1.042160469098510504e+09 -3.398198834940566063e+09 8.686966823182948303e+10 8.686919756255119324e+10
5.738000000000000045e-03 5.738000000000000045e-03 1.037300000000000028e-02 7.878556719810829163e+09 3.438197415771750450e+09 4.969530253868215179e+10 4.969515138376420593e+10
5.738000000000000045e-03 5.738000000000000045e-03 1.525999999999999926e-02 1.310621719088590813e+10 8.665857886846820831e+09 9.821655466911090088e+10 9.821627436363951111e+10
5.738000000000000045e-03 1.037300000000000028e-02 1.037300000000000028e-02 9.913623422734397888e+09 5.473264118695307732e+09 3.123192834524901962e+10 3.123222678134667206e+10
5.738000000000000045e-03 1.037300000000000028e-02 1.525999999999999926e-02 1.208918224070386124e+10 7.648822936664772987e+09 2.183062485534992599e+10 2.183100154816693878e+10
5.738000000000000045e-03 1.037300000000000028e-02 2.019699999999999968e-02 1.250102750947302818e+10 8.060668205433949471e+09 4.698902817130889893e+10 4.698908516576113892e+10
5.738000000000000045e-03 1.525999999999999926e-02 1.525999999999999926e-02 1.131851637633533096e+10 6.878157072296231270e+09 2.117001452260390854e+10 2.117028463499288177e+10
5.738000000000000045e-03 1.525999999999999926e-02 2.019699999999999968e-02 1.286618205501279831e+10 8.425822750973735809e+09 1.688549562390777016e+10 1.688556960978635216e+10
5.738000000000000045e-03 1.525999999999999926e-02 2.516699999999999840e-02 1.458566258890499115e+10 1.014530328486592293e+10 3.467184321672586823e+10 3.467207173917710876e+10
5.738000000000000045e-03 2.019699999999999968e-02 2.019699999999999968e-02 1.135168109536602402e+10 6.911321791326949120e+09 1.685775421713922501e+10 1.685752399150900269e+10
5.738000000000000045e-03 2.019699999999999968e-02 2.516699999999999840e-02 1.350332166131904984e+10 9.062962357279975891e+09 1.332501004596707344e+10 1.332447328052514267e+10
5.738000000000000045e-03 2.019699999999999968e-02 3.013700000000000059e-02 1.527454246435283852e+10 1.083418316031375694e+10 2.728290651979778290e+10 2.728269483815608978e+10
5.738000000000000045e-03 2.516699999999999840e-02 2.516699999999999840e-02 1.124936337293093681e+10 6.809004068891861916e+09 1.391995755361675835e+10 1.391968877037789917e+10
5.738000000000000045e-03 2.516699999999999840e-02 3.013700000000000059e-02 1.239043069018476295e+10 7.950071386145689011e+09 1.032892705273121643e+10 1.032850310573840714e+10
5.738000000000000045e-03 2.516699999999999840e-02 3.511100000000000332e-02 1.465174179319923019e+10 1.021138248916013145e+10 2.104878495217658234e+10 2.104881452580074692e+10
5.738000000000000045e-03 3.013700000000000059e-02 3.013700000000000059e-02 1.008846968930850410e+10 5.648110385269421577e+09 1.191144924627637100e+10 1.191125060319642067e+10
5.738000000000000045e-03 3.013700000000000059e-02 3.511100000000000332e-02 1.184982526788510895e+10 7.409465963846022606e+09 9.198859129815517426e+09 9.198986422896619797e+09
5.738000000000000045e-03 3.013700000000000059e-02 4.009599999999999970e-02 1.331411102558843803e+10 8.873751721549358368e+09 1.888173190391678619e+10 1.888195367907827377e+10
5.738000000000000045e-03 3.511100000000000332e-02 3.511100000000000332e-02 9.934317632028667450e+09 5.493958327989588737e+09 1.068778673061776733e+10 1.068750100571978569e+10
5.738000000000000045e-03 3.511100000000000332e-02 4.009599999999999970e-02 1.146036431609405327e+10 7.020005012054980278e+09 8.052490921211989403e+09 8.052088750066084862e+09
5.738000000000000045e-03 3.511100000000000332e-02 4.509300000000000114e-02 1.195170157450032234e+10 7.511342270461226463e+09 1.575314101967944336e+10 1.575297485271611404e+10
5.738000000000000045e-03 4.009599999999999970e-02 4.009599999999999970e-02 9.315760958033342361e+09 4.875401653994261742e+09 9.722688850163349152e+09 9.722738847222236633e+09
5.738000000000000045e-03 4.009599999999999970e-02 4.509300000000000114e-02 1.051435232999395561e+10 6.073993025954880714e+09 6.910068368270677567e+09 6.910130037465012550e+09
5.738000000000000045e-03 4.009599999999999970e-02 5.009299999999999864e-02 1.154484241134291840e+10 7.104483107303846359e+09 1.365598373989028168e+10 1.365578765610395241e+10
5.738000000000000045e-03 4.509300000000000114e-02 4.509300000000000114e-02 9.140808463741043091e+09 4.700449159701951027e+09 8.942239943710029602e+09 8.942309040636573792e+09
5.738000000000000045e-03 4.509300000000000114e-02 5.009299999999999864e-02 1.032757239610161400e+10 5.887213092062526703e+09 6.466244785345904350e+09 6.466166293881716728e+09
5.738000000000000045e-03 4.509300000000000114e-02 5.507800000000000196e-02 1.062671247056171227e+10 6.186353166522639275e+09 1.194964407005371475e+10 1.194943682220875931e+10
5.738000000000000045e-03 5.009299999999999864e-02 5.009299999999999864e-02 8.603671808655494690e+09 4.163312504616419315e+09 8.239148203368556976e+09 8.238784130687215805e+09
5.738000000000000045e-03 5.009299999999999864e-02 5.507800000000000196e-02 9.969530316603744507e+09 5.529171012564651489e+09 6.196551962504624367e+09 6.196025011381401062e+09
5.738000000000000045e-03 5.009299999999999864e-02 6.006700000000000234e-02 1.074727336862140083e+10 6.306914064582337379e+09 1.090782377096079826e+10 1.090728344509084129e+10
5.738000000000000045e-03 5.507800000000000196e-02 5.507800000000000196e-02 8.233761465583692551e+09 3.793402161544606209e+09 7.770981923156860352e+09 7.770990272145596504e+09
5.738000000000000045e-03 5.507800000000000196e-02 6.006700000000000234e-02 9.670005568930511475e+09 5.229646264891425133e+09 5.648504577368130684e+09 5.648572708570263863e+09
5.738000000000000045e-03 5.507800000000000196e-02 6.505900000000000571e-02 1.007494622449164009e+10 5.634586920452563286e+09 9.685796453911428452e+09 9.686179979229480743e+09
5.738000000000000045e-03 6.006700000000000234e-02 6.006700000000000234e-02 8.110220081517969131e+09 3.669860777478895664e+09 7.656388311478898048e+09 7.656428955698553085e+09
5.738000000000000045e-03 6.006700000000000234e-02 6.505900000000000571e-02 9.555078874974136353e+09 5.114719570935069084e+09 5.473050853172883987e+09 5.472908916616205215e+09
5.738000000000000045e-03 6.006700000000000234e-02 7.005400000000000515e-02 1.002758610463411713e+10 5.587226800595054626e+09 9.143059491092193604e+09 9.142787096460622787e+09
5.738000000000000045e-03 6.505900000000000571e-02 6.505900000000000571e-02 7.731398248778287888e+09 3.291038944739203453e+09 7.226285760546405792e+09 7.226338809873587608e+09
5.738000000000000045e-03 6.505900000000000571e-02 7.005400000000000515e-02 9.158525092242210388e+09 4.718165788203138351e+09 5.251608661847743988e+09 5.251460719753141403e+09
5.738000000000000045e-03 6.505900000000000571e-02 7.505299999999999472e-02 1.021455951574049759e+10 5.774200211701414108e+09 8.756326903224361420e+09 8.756764079765640259e+09
5.738000000000000045e-03 7.005400000000000515e-02 7.005400000000000515e-02 7.733523688907604218e+09 3.293164384868529797e+09 7.149051621764010429e+09 7.149174504548181534e+09
5.738000000000000045e-03 7.005400000000000515e-02 7.505299999999999472e-02 9.107643469114957809e+09 4.667284165075872421e+09 5.044313558129554749e+09 5.044245430362704277e+09
5.738000000000000045e-03 7.005400000000000515e-02 8.005400000000000016e-02 9.455213914754005432e+09 5.014854610714926720e+09 8.081818716045796394e+09 8.081843991882997513e+09
5.738000000000000045e-03 7.505299999999999472e-02 7.505299999999999472e-02 7.727134575492165565e+09 3.286775271453072548e+09 6.793375470496520042e+09 6.793382835397312164e+09
5.738000000000000045e-03 7.505299999999999472e-02 8.005400000000000016e-02 8.872113396229717255e+09 4.431754092190644264e+09 4.932566249271704674e+09 4.932517411136387825e+09
5.738000000000000045e-03 8.005400000000000016e-02 8.005400000000000016e-02 7.544054601991640091e+09 3.103695297952556610e+09 6.586080614414851189e+09 6.586422919186105728e+09
1.037300000000000028e-02 1.037300000000000028e-02 1.037300000000000028e-02 1.327248006634897614e+10 8.832120762309877396e+09 3.591039162383740234e+10 3.591019551808847809e+10
1.037300000000000028e-02 1.037300000000000028e-02 1.525999999999999926e-02 1.258171085311582947e+10 8.141351549076766968e+09 1.815935659427973175e+10 1.815923615660464478e+10
1.037300000000000028e-02 1.037300000000000028e-02 2.019699999999999968e-02 1.128071451174255943e+10 6.840355207703501701e+09 1.997092562539258575e+10 1.997112035445179749e+10
1.037300000000000028e-02 1.037300000000000028e-02 2.516699999999999840e-02 1.272663044316928864e+10 8.286271139130189896e+09 4.694843187391834259e+10 4.694860456434600830e+10
1.037300000000000028e-02 1.525999999999999926e-02 1.525999999999999926e-02 1.307146212651808548e+10 8.631102822479005814e+09 1.413646371367846680e+10 1.413640052081071472e+10
1.037300000000000028e-02 1.525999999999999926e-02 2.019699999999999968e-02 1.312438939496722031e+10 8.684030090928150177e+09 8.915994323610277176e+09 8.916033395167793274e+09
1.037300000000000028e-02 1.525999999999999926e-02 2.516699999999999840e-02 1.413544401985107040e+10 9.695084715812011719e+09 1.079486654645914650e+10 1.079480490703422546e+10
1.037300000000000028e-02 1.525999999999999926e-02 3.013700000000000059e-02 1.512921043148520470e+10 1.068885112744613838e+10 2.401598887281790161e+10 2.401517009973730469e+10
1.037300000000000028e-02 2.019699999999999968e-02 2.019699999999999968e-02 1.304195617153308487e+10 8.601596867493978500e+09 1.023476373415759850e+10 1.023496863380755234e+10
1.037300000000000028e-02 2.019699999999999968e-02 2.516699999999999840e-02 1.328085256939355659e+10 8.840493265354455948e+09 6.809810426662126541e+09 6.809724548142947197e+09
1.037300000000000028e-02 2.019699999999999968e-02 3.013700000000000059e-02 1.336554250821579742e+10 8.925183204176723480e+09 8.109313248090798378e+09 8.109443689813948631e+09
1.037300000000000028e-02 2.019699999999999968e-02 3.511100000000000332e-02 1.394291721169480896e+10 9.502557907655725479e+09 1.915756926946573639e+10 1.915802629417472076e+10
1.037300000000000028e-02 2.516699999999999840e-02 2.516699999999999840e-02 1.210804802909711075e+10 7.667688725058011055e+09 8.636219736376539230e+09 8.636147879518995285e+09
1.037300000000000028e-02 2.516699999999999840e-02 3.013700000000000059e-02 1.245607970962518692e+10 8.015720405586101532e+09 5.556652933257036209e+09 5.556366055067578316e+09
1.037300000000000028e-02 2.516699999999999840e-02 3.511100000000000332e-02 1.306984434302761078e+10 8.629485038988510132e+09 6.419822028529674530e+09 6.419596850581919670e+09
1.037300000000000028e-02 2.516699999999999840e-02 4.009599999999999970e-02 1.347087989977892303e+10 9.030520595739870071e+09 1.559926354915181732e+10 1.559956037450862694e+10
1.037300000000000028e-02 3.013700000000000059e-02 3.013700000000000059e-02 1.183836480463577271e+10 7.398005500596716881e+09 6.873791219703742981e+09 6.873307745986369133e+09
1.037300000000000028e-02 3.013700000000000059e-02 3.511100000000000332e-02 1.194370796271565437e+10 7.503348658676576614e+09 4.460208455016004562e+09 4.460510375792148590e+09
1.037300000000000028e-02 3.013700000000000059e-02 4.009599999999999970e-02 1.236822217789099884e+10 7.927862873851943016e+09 5.526358393097817421e+09 5.526357351222292900e+09
1.037300000000000028e-02 3.013700000000000059e-02 4.509300000000000114e-02 1.294405980604454803e+10 8.503700502005468369e+09 1.283712712736205101e+10 1.283701085867130661e+10
1.037300000000000028e-02 3.511100000000000332e-02 3.511100000000000332e-02 1.093114536712906456e+10 6.490786063090006828e+09 5.582442388972790718e+09 5.582272326917317390e+09
1.037300000000000028e-02 3.511100000000000332e-02 4.009599999999999970e-02 1.116487986671711349e+10 6.724520562678041458e+09 3.834413803251806736e+09 3.834102619582303047e+09
1.037300000000000028e-02 3.511100000000000332e-02 4.509300000000000114e-02 1.164888494518641281e+10 7.208525641147315025e+09 4.511692486812277794e+09 4.511394921964651108e+09
1.037300000000000028e-02 3.511100000000000332e-02 5.009299999999999864e-02 1.190555232581691360e+10 7.465193021777826309e+09 1.171865163820401382e+10 1.171862974162919044e+10
1.037300000000000028e-02 4.009599999999999970e-02 4.009599999999999970e-02 1.054795938856224632e+10 6.107600084523148537e+09 4.808641728373417854e+09 4.809116744346101761e+09
1.037300000000000028e-02 4.009599999999999970e-02 4.509300000000000114e-02 1.058426436838556862e+10 6.143905064346488953e+09 3.335675112834542751e+09 3.336204427855753899e+09
1.037300000000000028e-02 4.009599999999999970e-02 5.009299999999999864e-02 1.117201430786999893e+10 6.731655003830917358e+09 3.990354825532714367e+09 3.989670649308304787e+09
1.037300000000000028e-02 4.009599999999999970e-02 5.507800000000000196e-02 1.200710422405085373e+10 7.566744920011781693e+09 9.586909717737443924e+09 9.586557715506336212e+09
1.037300000000000028e-02 4.509300000000000114e-02 4.509300000000000114e-02 1.009307454704180717e+10 5.652715243002717018e+09 4.099879360525100231e+09 4.099822145137696266e+09
1.037300000000000028e-02 4.509300000000000114e-02 5.009299999999999864e-02 1.007357843430545044e+10 5.633219130266398430e+09 3.034157961233058453e+09 3.033874865838240147e+09
1.037300000000000028e-02 4.509300000000000114e-02 5.507800000000000196e-02 1.062258449819469070e+10 6.182225194155599594e+09 3.649240805873646736e+09 3.649253346028585911e+09
1.037300000000000028e-02 4.509300000000000114e-02 6.006700000000000234e-02 1.051396240669267654e+10 6.073603102653592110e+09 8.612830524187818527e+09 8.612642724165575027e+09
1.037300000000000028e-02 5.009299999999999864e-02 5.009299999999999864e-02 9.831956801279142380e+09 5.391597497240057945e+09 3.706212160799867153e+09 3.706533794831508160e+09
1.037300000000000028e-02 5.009299999999999864e-02 5.507800000000000196e-02 9.969536057692878723e+09 5.529176753653795242e+09 2.656977063187355518e+09 2.656596823403101921e+09
1.037300000000000028e-02 5.009299999999999864e-02 6.006700000000000234e-02 1.030699602339131355e+10 5.866636719352249146e+09 3.218341550115658283e+09 3.217407739743095875e+09
1.037300000000000028e-02 5.009299999999999864e-02 6.505900000000000571e-02 1.066923546239763451e+10 6.228876158358553886e+09 7.849986929281167984e+09 7.849477511537632942e+09
1.037300000000000028e-02 5.507800000000000196e-02 5.507800000000000196e-02 9.430789452797958374e+09 4.990430148758882523e+09 3.410399899262667656e+09 3.410651028437353611e+09
1.037300000000000028e-02 5.507800000000000196e-02 6.006700000000000234e-02 9.674984414987161636e+09 5.234625110948073387e+09 2.506305543343443871e+09 2.506404488202647686e+09
1.037300000000000028e-02 5.507800000000000196e-02 6.505900000000000571e-02 9.889716956831825256e+09 5.449357652792731285e+09 2.944673709549800873e+09 2.944408650340698719e+09
1.037300000000000028e-02 5.507800000000000196e-02 7.005400000000000515e-02 1.026592157992439270e+10 5.825562275885315895e+09 7.266347367241193771e+09 7.266113039291445732e+09
1.037300000000000028e-02 6.006700000000000234e-02 6.006700000000000234e-02 9.327322637136718750e+09 4.886963333097657204e+09 3.072287050444783688e+09 3.072541933702973366e+09
1.037300000000000028e-02 6.006700000000000234e-02 6.505900000000000571e-02 9.495921726923595428e+09 5.055562422884529114e+09 2.263322797107151508e+09 2.262984306361522198e+09
1.037300000000000028e-02 6.006700000000000234e-02 7.005400000000000515e-02 9.708402617198532104e+09 5.268043313159439087e+09 2.715408400480174541e+09 2.715091852635703087e+09
1.037300000000000028e-02 6.006700000000000234e-02 7.505299999999999472e-02 1.012114224723530960e+10 5.680782943196224213e+09 6.357964884055967331e+09 6.358601835587078094e+09
1.037300000000000028e-02 6.505900000000000571e-02 6.505900000000000571e-02 9.130175704234529495e+09 4.689816400195446968e+09 2.794825679395353317e+09 2.794897706890462875e+09
1.037300000000000028e-02 6.505900000000000571e-02 7.005400000000000515e-02 9.258034706001665115e+09 4.817675401962590218e+09 2.133703720066569805e+09 2.133894156970033884e+09
1.037300000000000028e-02 6.505900000000000571e-02 7.505299999999999472e-02 9.539018595882266998e+09 5.098659291843194008e+09 2.504746684051700115e+09 2.504710100730895042e+09
1.037300000000000028e-02 6.505900000000000571e-02 8.005400000000000016e-02 9.839066150807392120e+09 5.398706846768297195e+09 5.832163717024895668e+09 5.832302872588429451e+09
1.037300000000000028e-02 7.005400000000000515e-02 7.005400000000000515e-02 8.874091386273668289e+09 4.433732082234583855e+09 2.601830340634259701e+09 2.601752412605660439e+09
1.037300000000000028e-02 7.005400000000000515e-02 7.505299999999999472e-02 9.059623052938625336e+09 4.619263748899539948e+09 2.086399174921610594e+09 2.086215017253093719e+09
1.037300000000000028e-02 7.005400000000000515e-02 8.005400000000000016e-02 9.416330695626974106e+09 4.975971391587898254e+09 2.205263419344976425e+09 2.204820894769246578e+09
1.037300000000000028e-02 7.505299999999999472e-02 7.505299999999999472e-02 8.834664664442703247e+09 4.394305360403620720e+09 2.425554061997819901e+09 2.425032083252480507e+09
1.037300000000000028e-02 7.505299999999999472e-02 8.005400000000000016e-02 8.884334483649396896e+09 4.443975179610321045e+09 1.817300993611112833e+09 1.817437775765830994e+09
1.037300000000000028e-02 8.005400000000000016e-02 8.005400000000000016e-02 8.682463089751762390e+09 4.242103785712680340e+09 2.253724093338825226e+09 2.254102487191580296e+09
1.525999999999999926e-02 1.525999999999999926e-02 1.525999999999999926e-02 1.426003720101397896e+10 9.819677896974899292e+09 2.074411068440802002e+10 2.074372764926268005e+10
1.525999999999999926e-02 1.525999999999999926e-02 2.019699999999999968e-02 1.376263891285879326e+10 9.322279608819713593e+09 1.038049512796321297e+10 1.038049874756748199e+10
1.525999999999999926e-02 1.525999999999999926e-02 2.516699999999999840e-02 1.442402494358146095e+10 9.983665639542385101e+09 9.121243390856184006e+09 9.121620191978729248e+09
1.525999999999999926e-02 1.525999999999999926e-02 3.013700000000000059e-02 1.462045648243426514e+10 1.018009717839520073e+10 1.149308171464784622e+10 1.149320125559322548e+10
1.525999999999999926e-02 1.525999999999999926e-02 3.511100000000000332e-02 1.393156323430854034e+10 9.491203930269475937e+09 2.646249248638283157e+10 2.646267691678382111e+10
1.525999999999999926e-02 2.019699999999999968e-02 2.019699999999999968e-02 1.372862648579053879e+10 9.288267181751440048e+09 9.186333923784471512e+09 9.186405997890335083e+09
1.525999999999999926e-02 2.019699999999999968e-02 2.516699999999999840e-02 1.357316983256672668e+10 9.132810528527656555e+09 5.481244514709529877e+09 5.481259496745260239e+09
1.525999999999999926e-02 2.019699999999999968e-02 3.013700000000000059e-02 1.367056827198031998e+10 9.230208967941247940e+09 5.051944376540616989e+09 5.051962861080478668e+09
1.525999999999999926e-02 2.019699999999999968e-02 3.511100000000000332e-02 1.418938653245408440e+10 9.749027228414995193e+09 6.422817238280929565e+09 6.422314021220186234e+09
1.525999999999999926e-02 2.019699999999999968e-02 4.009599999999999970e-02 1.426315089995985031e+10 9.822791595920768738e+09 1.492759659335388565e+10 1.492809541584195518e+10
1.525999999999999926e-02 2.516699999999999840e-02 2.516699999999999840e-02 1.277348381990778542e+10 8.333124515868722916e+09 6.593825836804982185e+09 6.593373242294317245e+09
1.525999999999999926e-02 2.516699999999999840e-02 3.013700000000000059e-02 1.278871061172980499e+10 8.348351307690717697e+09 4.550860295634469032e+09 4.550615822163089752e+09
1.525999999999999926e-02 2.516699999999999840e-02 3.511100000000000332e-02 1.313115712790844536e+10 8.690797823869386673e+09 4.120088860535297871e+09 4.119983300000141621e+09
1.525999999999999926e-02 2.516699999999999840e-02 4.009599999999999970e-02 1.354432406139062881e+10 9.103964757351554871e+09 4.896172350726340294e+09 4.895454105531459808e+09
1.525999999999999926e-02 2.516699999999999840e-02 4.509300000000000114e-02 1.393769868414864349e+10 9.497339380109569550e+09 1.248070712509719086e+10 1.248071837333124161e+10
1.525999999999999926e-02 3.013700000000000059e-02 3.013700000000000059e-02 1.255194821539318085e+10 8.111588911354092598e+09 5.404768536375001907e+09 5.404957772861986160e+09
1.525999999999999926e-02 3.013700000000000059e-02 3.511100000000000332e-02 1.216146110710701942e+10 7.721101803067937851e+09 3.588849653721340656e+09 3.588980559223030567e+09
1.525999999999999926e-02 3.013700000000000059e-02 4.009599999999999970e-02 1.238326756956402397e+10 7.942908265524945259e+09 3.429959815248665333e+09 3.430091757297376156e+09
1.525999999999999926e-02 3.013700000000000059e-02 4.509300000000000114e-02 1.306668927327735710e+10 8.626329969238277435e+09 4.309802923819884300e+09 4.309850283121212959e+09
1.525999999999999926e-02 3.013700000000000059e-02 5.009299999999999864e-02 1.332267399499765778e+10 8.882314690958572388e+09 1.057269330258650208e+10 1.057258408354220581e+10
1.525999999999999926e-02 3.511100000000000332e-02 3.511100000000000332e-02 1.156590365601559639e+10 7.125544351976518631e+09 4.641028888813160896e+09 4.640702648094525337e+09
1.525999999999999926e-02 3.511100000000000332e-02 4.009599999999999970e-02 1.164324825692104912e+10 7.202888952881978989e+09 3.000251541655147076e+09 2.999985829826407909e+09
1.525999999999999926e-02 3.511100000000000332e-02 4.509300000000000114e-02 1.200720764972664642e+10 7.566848345687551498e+09 2.852563528186295509e+09 2.852259023916472912e+09
1.525999999999999926e-02 3.511100000000000332e-02 5.009299999999999864e-02 1.216057053941047859e+10 7.720211235371386528e+09 3.693744935303678513e+09 3.693378598131951332e+09
1.525999999999999926e-02 3.511100000000000332e-02 5.507800000000000196e-02 1.226507031259043884e+10 7.824711008551325798e+09 9.055724894886478424e+09 9.055596572663690567e+09
1.525999999999999926e-02 4.009599999999999970e-02 4.009599999999999970e-02 1.133383129239414024e+10 6.893471988355068207e+09 3.905387718971561909e+09 3.905516230826144218e+09
1.525999999999999926e-02 4.009599999999999970e-02 4.509300000000000114e-02 1.111811725883432007e+10 6.677757954795248985e+09 2.652017623627795696e+09 2.652405841174189091e+09
1.525999999999999926e-02 4.009599999999999970e-02 5.009299999999999864e-02 1.132740061290748978e+10 6.887041308868444443e+09 2.496701534507540703e+09 2.496355077256362438e+09
1.525999999999999926e-02 4.009599999999999970e-02 5.507800000000000196e-02 1.172511389486158180e+10 7.284754590822504044e+09 3.133763433242221832e+09 3.133388681039604664e+09
1.525999999999999926e-02 4.009599999999999970e-02 6.006700000000000234e-02 1.162724596563040733e+10 7.186886661591350555e+09 7.737827961787012100e+09 7.737262702510837555e+09
1.525999999999999926e-02 4.509300000000000114e-02 4.509300000000000114e-02 1.073309058655419731e+10 6.292731282515119553e+09 3.441902178251040936e+09 3.441595331651617050e+09
1.525999999999999926e-02 4.509300000000000114e-02 5.009299999999999864e-02 1.071739160040568924e+10 6.277032296366600990e+09 2.231843361293400288e+09 2.231487179285561562e+09
1.525999999999999926e-02 4.509300000000000114e-02 5.507800000000000196e-02 1.092855956737294197e+10 6.488200263333861351e+09 2.171633601559542656e+09 2.171196944323790073e+09
1.525999999999999926e-02 4.509300000000000114e-02 6.006700000000000234e-02 1.114832332264263916e+10 6.707964018603559494e+09 2.816899355865811825e+09 2.816722956929036140e+09
1.525999999999999926e-02 4.509300000000000114e-02 6.505900000000000571e-02 1.128974314994901276e+10 6.849383845909936905e+09 7.047482640207695961e+09 7.047799380990108490e+09
1.525999999999999926e-02 5.009299999999999864e-02 5.009299999999999864e-02 1.069955923010299110e+10 6.259199926063906670e+09 2.971002044911948681e+09 2.970760802097209930e+09
1.525999999999999926e-02 5.009299999999999864e-02 5.507800000000000196e-02 1.048647248182856178e+10 6.046113177789473534e+09 1.994499408251353025e+09 1.994362644248298407e+09
1.525999999999999926e-02 5.009299999999999864e-02 6.006700000000000234e-02 1.053167330751670837e+10 6.091314003477633476e+09 1.950394969054282665e+09 1.950397556447466850e+09
1.525999999999999926e-02 5.009299999999999864e-02 6.505900000000000571e-02 1.079170427404886436e+10 6.351344970009772301e+09 2.478292630298451424e+09 2.477777040212032795e+09
1.525999999999999926e-02 5.009299999999999864e-02 7.005400000000000515e-02 1.111349663501881409e+10 6.673137330979740143e+09 6.196094574670742989e+09 6.195825893486932755e+09
1.525999999999999926e-02 5.507800000000000196e-02 5.507800000000000196e-02 1.018453022456882477e+10 5.744170920529745102e+09 2.500690783964436531e+09 2.500681683508054733e+09
1.525999999999999926e-02 5.507800000000000196e-02 6.006700000000000234e-02 1.006272413574380112e+10 5.622364831704716682e+09 1.774504254800232887e+09 1.774600773565277338e+09
1.525999999999999926e-02 5.507800000000000196e-02 6.505900000000000571e-02 1.033223900524016571e+10 5.891879701201074600e+09 1.787460511200160980e+09 1.787515870575667620e+09
1.525999999999999926e-02 5.507800000000000196e-02 7.005400000000000515e-02 1.048373098061815071e+10 6.043371676579056740e+09 2.253813383925594807e+09 2.254457220784091473e+09
1.525999999999999926e-02 5.507800000000000196e-02 7.505299999999999472e-02 1.025748864066413498e+10 5.817129336625072479e+09 5.465679268828727722e+09 5.465692810555087090e+09
1.525999999999999926e-02 6.006700000000000234e-02 6.006700000000000234e-02 9.772507714176731110e+09 5.332148410137648582e+09 2.301627882466654301e+09 2.300986917948874474e+09
1.525999999999999926e-02 6.006700000000000234e-02 6.505900000000000571e-02 9.907266257902132034e+09 5.466906953863042831e+09 1.658058064208341360e+09 1.658092776983272552e+09
1.525999999999999926e-02 6.006700000000000234e-02 7.005400000000000515e-02 1.006156171696501160e+10 5.621202412925942421e+09 1.594474283630295992e+09 1.594473555088515520e+09
1.525999999999999926e-02 6.006700000000000234e-02 7.505299999999999472e-02 1.024808187107151794e+10 5.807722567032434464e+09 2.082289440346809149e+09 2.081981217977445364e+09
1.525999999999999926e-02 6.006700000000000234e-02 8.005400000000000016e-02 1.030049546672776985e+10 5.860136162688691139e+09 5.150104116532490730e+09 5.150091078378477097e+09
1.525999999999999926e-02 6.505900000000000571e-02 6.505900000000000571e-02 9.702710612353710175e+09 5.262351308314647675e+09 2.176590575902500153e+09 2.177026652812332630e+09
1.525999999999999926e-02 6.505900000000000571e-02 7.005400000000000515e-02 9.710072638677469254e+09 5.269713334638389587e+09 1.525986929613449097e+09 1.526112728416477680e+09
1.525999999999999926e-02 6.505900000000000571e-02 7.505299999999999472e-02 9.866342728326421738e+09 5.425983424287371635e+09 1.470569840703126907e+09 1.470235917974946022e+09
1.525999999999999926e-02 6.505900000000000571e-02 8.005400000000000016e-02 1.002571835727670670e+10 5.585359053237631798e+09 1.919214492600706577e+09 1.919354543594116926e+09
1.525999999999999926e-02 7.005400000000000515e-02 7.005400000000000515e-02 9.401378601248188019e+09 4.961019297209095955e+09 1.980126649531969309e+09 1.979805669909563065e+09
1.525999999999999926e-02 7.005400000000000515e-02 7.505299999999999472e-02 9.510758597438127518e+09 5.070399293399058342e+09 1.405518098485070944e+09 1.405344046144086838e+09
1.525999999999999926e-02 7.005400000000000515e-02 8.005400000000000016e-02 9.659108193596185684e+09 5.218748889557106972e+09 1.368967501324939728e+09 1.369064837437909365e+09
1.525999999999999926e-02 7.505299999999999472e-02 7.505299999999999472e-02 9.244580194672685623e+09 4.804220890633614540e+09 1.882860854843260527e+09 1.882663068274801970e+09
1.525999999999999926e-02 7.505299999999999472e-02 8.005400000000000016e-02 9.243176435777778625e+09 4.802817131738684654e+09 1.295594530705788612e+09 1.295702057547072649e+09
1.525999999999999926e-02 8.005400000000000016e-02 8.005400000000000016e-02 9.070727946222036362e+09 4.630368642182954788e+09 1.731934964396041632e+09 1.732045419793134928e+09
2.019699999999999968e-02 2.019699999999999968e-02 2.019699999999999968e-02 1.362935267742106056e+10 9.188993373381986618e+09 1.307629856785316849e+10 1.307613038473103523e+10
2.019699999999999968e-02 2.019699999999999968e-02 2.516699999999999840e-02 1.350817504780371094e+10 9.067815743764629364e+09 6.940717166845415115e+09 6.940825052847325325e+09
2.019699999999999968e-02 2.019699999999999968e-02 3.013700000000000059e-02 1.297780054182670212e+10 8.537441237787620544e+09 5.941695627744884491e+09 5.941145113917714119e+09
2.019699999999999968e-02 2.019699999999999968e-02 3.511100000000000332e-02 1.366611203235499001e+10 9.225752728315893173e+09 5.637547490264628410e+09 5.636577341402921677e+09
2.019699999999999968e-02 2.019699999999999968e-02 4.009599999999999970e-02 1.390831720511077499e+10 9.467957901071691513e+09 7.130697689649228096e+09 7.130468031149147034e+09
2.019699999999999968e-02 2.019699999999999968e-02 4.509300000000000114e-02 1.445590910858315277e+10 1.001554980454408455e+10 1.768892544009386063e+10 1.768869741722776031e+10
2.019699999999999968e-02 2.516699999999999840e-02 2.516699999999999840e-02 1.316080327958692741e+10 8.720443975547857285e+09 5.846285015264328003e+09 5.846208603106163979e+09
2.019699999999999968e-02 2.516699999999999840e-02 3.013700000000000059e-02 1.267086535710675812e+10 8.230506053067682266e+09 3.746667633998812675e+09 3.746099820442461967e+09
2.019699999999999968e-02 2.516699999999999840e-02 3.511100000000000332e-02 1.277945234386297035e+10 8.339093039823894501e+09 3.512777523603825569e+09 3.512240867617599010e+09
2.019699999999999968e-02 2.516699999999999840e-02 4.009599999999999970e-02 1.324307356345873070e+10 8.802714259419652939e+09 3.274833069173438549e+09 3.274882992171395779e+09
2.019699999999999968e-02 2.516699999999999840e-02 4.509300000000000114e-02 1.319999724539108467e+10 8.759637941352003098e+09 3.786162084701005459e+09 3.785584233713062286e+09
2.019699999999999968e-02 2.516699999999999840e-02 5.009299999999999864e-02 1.318492623608797646e+10 8.744566932048875809e+09 1.040596246909010315e+10 1.040541112323985481e+10
2.019699999999999968e-02 3.013700000000000059e-02 3.013700000000000059e-02 1.240738348490391922e+10 7.967024180864851952e+09 4.694735554625028610e+09 4.694669860593148232e+09
2.019699999999999968e-02 3.013700000000000059e-02 3.511100000000000332e-02 1.220192103132540321e+10 7.761561727286320686e+09 3.027171380076491833e+09 3.026944707090440273e+09
2.019699999999999968e-02 3.013700000000000059e-02 4.009599999999999970e-02 1.205124451291357422e+10 7.610885208874498367e+09 2.745778909142063618e+09 2.746103542577326298e+09
2.019699999999999968e-02 3.013700000000000059e-02 4.509300000000000114e-02 1.238421486299752808e+10 7.943855558958458900e+09 2.767983757600570202e+09 2.767899112561292648e+09
2.019699999999999968e-02 3.013700000000000059e-02 5.009299999999999864e-02 1.276488148909127617e+10 8.324522185052190781e+09 3.336231697252218246e+09 3.336332567327682495e+09
2.019699999999999968e-02 3.013700000000000059e-02 5.507800000000000196e-02 1.284415908475648880e+10 8.403799780717396736e+09 8.537170445016829491e+09 8.537019763534400940e+09
2.019699999999999968e-02 3.511100000000000332e-02 3.511100000000000332e-02 1.182242459536859512e+10 7.382065291329535484e+09 3.829790335726501465e+09 3.829661667295081615e+09
2.019699999999999968e-02 3.511100000000000332e-02 4.009599999999999970e-02 1.148225561070242310e+10 7.041896306663344383e+09 2.553434998824347973e+09 2.553094120442510605e+09
2.019699999999999968e-02 3.511100000000000332e-02 4.509300000000000114e-02 1.152598974188306046e+10 7.085630437843998909e+09 2.433937178315292358e+09 2.433583235794324398e+09
2.019699999999999968e-02 3.511100000000000332e-02 5.009299999999999864e-02 1.176884720784471893e+10 7.328487903805660248e+09 2.298782775635285854e+09 2.299063271960704327e+09
2.019699999999999968e-02 3.511100000000000332e-02 5.507800000000000196e-02 1.202647302200129318e+10 7.586113717962215424e+09 2.876731768860341072e+09 2.876573355061751366e+09
2.019699999999999968e-02 3.511100000000000332e-02 6.006700000000000234e-02 1.157122019424221992e+10 7.130860890203165054e+09 7.716315474276971817e+09 7.716273277954670906e+09
2.019699999999999968e-02 4.009599999999999970e-02 4.009599999999999970e-02 1.113407468807354355e+10 6.693715384034437180e+09 3.318859944579818249e+09 3.318979355276913643e+09
2.019699999999999968e-02 4.009599999999999970e-02 4.509300000000000114e-02 1.109038746733900833e+10 6.650028163299935341e+09 2.166588714605092525e+09 2.166341081118432045e+09
2.019699999999999968e-02 4.009599999999999970e-02 5.009299999999999864e-02 1.124498026228581047e+10 6.804620958246726036e+09 2.104365467598478556e+09 2.104032955772675753e+09
2.019699999999999968e-02 4.009599999999999970e-02 5.507800000000000196e-02 1.134203472107114792e+10 6.901675417032052994e+09 2.001747761870744467e+09 2.001828581294172287e+09
2.019699999999999968e-02 4.009599999999999970e-02 6.006700000000000234e-02 1.139900421010804939e+10 6.958644906068984032e+09 2.586743230896800518e+09 2.586184270369444847e+09
2.019699999999999968e-02 4.009599999999999970e-02 6.505900000000000571e-02 1.147399496598906326e+10 7.033635661949973106e+09 6.690116890107481956e+09 6.690089537509018898e+09
2.019699999999999968e-02 4.509300000000000114e-02 4.509300000000000114e-02 1.074968637523849106e+10 6.309327071199413300e+09 2.823050800472521782e+09 2.823033185800976276e+09
2.019699999999999968e-02 4.509300000000000114e-02 5.009299999999999864e-02 1.065989643848359680e+10 6.219537134444540977e+09 1.905610881829539537e+09 1.905936095474815369e+09
2.019699999999999968e-02 4.509300000000000114e-02 5.507800000000000196e-02 1.074407236515428162e+10 6.303713061115201950e+09 1.846339962136489868e+09 1.846087065510132074e+09
2.019699999999999968e-02 4.509300000000000114e-02 6.006700000000000234e-02 1.087000304048972702e+10 6.429643736450629234e+09 1.758107379860315084e+09 1.758282481255476713e+09
2.019699999999999968e-02 4.509300000000000114e-02 6.505900000000000571e-02 1.115555761220239258e+10 6.715198308163319588e+09 2.258587815407057285e+09 2.258577461829191685e+09
2.019699999999999968e-02 4.509300000000000114e-02 7.005400000000000515e-02 1.082497188321723175e+10 6.384612579178133965e+09 5.683259210312274933e+09 5.683331334810950279e+09
2.019699999999999968e-02 5.009299999999999864e-02 5.009299999999999864e-02 1.039705593889265633e+10 5.956696634853594780e+09 2.453662151522091389e+09 2.453461335659321785e+09
2.019699999999999968e-02 5.009299999999999864e-02 5.507800000000000196e-02 1.036934722936687088e+10 5.928987925327788353e+09 1.706596873083143234e+09 1.705925521515282154e+09
2.019699999999999968e-02 5.009299999999999864e-02 6.006700000000000234e-02 1.032880641946074295e+10 5.888447115421658516e+09 1.567744948523119688e+09 1.567817928510938168e+09
2.019699999999999968e-02 5.009299999999999864e-02 6.505900000000000571e-02 1.057966209104501152e+10 6.139302787005928040e+09 1.566362277828803539e+09 1.566846203952254534e+09
2.019699999999999968e-02 5.009299999999999864e-02 7.005400000000000515e-02 1.072700150489766693e+10 6.286642200858592033e+09 2.139555874565695047e+09 2.139536419438941479e+09
2.019699999999999968e-02 5.009299999999999864e-02 7.505299999999999472e-02 1.063533379262783813e+10 6.194974488588764191e+09 5.102957911105317116e+09 5.102325474219738960e+09
2.019699999999999968e-02 5.507800000000000196e-02 5.507800000000000196e-02 1.029375407693505096e+10 5.853394772895985603e+09 2.312711969943581581e+09 2.312541389512051105e+09
2.019699999999999968e-02 5.507800000000000196e-02 6.006700000000000234e-02 1.001004028188827324e+10 5.569680977849191666e+09 1.522726713737913847e+09 1.522631366926994324e+09
2.019699999999999968e-02 5.507800000000000196e-02 6.505900000000000571e-02 1.020374535544605064e+10 5.763386051406993866e+09 1.486723281203716516e+09 1.486642236228782892e+09
2.019699999999999968e-02 5.507800000000000196e-02 7.005400000000000515e-02 1.026345933816996574e+10 5.823100034130870819e+09 1.404993604184019804e+09 1.405751832676541805e+09
2.019699999999999968e-02 5.507800000000000196e-02 7.505299999999999472e-02 1.043369548865904999e+10 5.993336184619989395e+09 1.851298133883480787e+09 1.850960755920007229e+09
2.019699999999999968e-02 5.507800000000000196e-02 8.005400000000000016e-02 1.032517649391677284e+10 5.884817189877708435e+09 4.828100531291949272e+09 4.827864749884281158e+09
2.019699999999999968e-02 6.006700000000000234e-02 6.006700000000000234e-02 9.901293842629125595e+09 5.460934538590059280e+09 1.963534592251835346e+09 1.963511339308302164e+09
2.019699999999999968e-02 6.006700000000000234e-02 6.505900000000000571e-02 9.843606161981134415e+09 5.403246857942059517e+09 1.362624237156625748e+09 1.362726781970252991e+09
2.019699999999999968e-02 6.006700000000000234e-02 7.005400000000000515e-02 9.839109681323297501e+09 5.398750377284203529e+09 1.346771432947045803e+09 1.347169107137814760e+09
2.019699999999999968e-02 6.006700000000000234e-02 7.505299999999999472e-02 1.004307670413954163e+10 5.602717400100461960e+09 1.383829073362171650e+09 1.383945271813338518e+09
2.019699999999999968e-02 6.006700000000000234e-02 8.005400000000000016e-02 1.010061503843220329e+10 5.660255734393120766e+09 1.639699125743536234e+09 1.639656714905191422e+09
2.019699999999999968e-02 6.505900000000000571e-02 6.505900000000000571e-02 9.717367010670879364e+09 5.277007706631793022e+09 1.843976461047767878e+09 1.843809518397159338e+09
2.019699999999999968e-02 6.505900000000000571e-02 7.005400000000000515e-02 9.567204522742303848e+09 5.126845218703231812e+09 1.231684684459014654e+09 1.231708413179527760e+09
2.019699999999999968e-02 6.505900000000000571e-02 7.505299999999999472e-02 9.657194721291955948e+09 5.216835417252870560e+09 1.210174157961959839e+09 1.210229807312307835e+09
2.019699999999999968e-02 6.505900000000000571e-02 8.005400000000000016e-02 9.872081459344923019e+09 5.431722155305843353e+09 1.150361090351126671e+09 1.151023952142122030e+09
2.019699999999999968e-02 7.005400000000000515e-02 7.005400000000000515e-02 9.449878912301576614e+09 5.009519608262502670e+09 1.603536957815191269e+09 1.603252624828984976e+09
2.019699999999999968e-02 7.005400000000000515e-02 7.505299999999999472e-02 9.411134969539043427e+09 4.970775665499975204e+09 1.177808396404689074e+09 1.177436065797449589e+09
2.019699999999999968e-02 7.005400000000000515e-02 8.005400000000000016e-02 9.501881673978822708e+09 5.061522369939741135e+09 1.113017843194186926e+09 1.113237913451690435e+09
2.019699999999999968e-02 7.505299999999999472e-02 7.505299999999999472e-02 9.274038858133457184e+09 4.833679554094374657e+09 1.532452024851841688e+09 1.532002218623784065e+09
2.019699999999999968e-02 7.505299999999999472e-02 8.005400000000000016e-02 9.242799331019025803e+09 4.802440026979954720e+09 1.128707579517961025e+09 1.128913961772313833e+09
2.019699999999999968e-02 8.005400000000000016e-02 8.005400000000000016e-02 9.120856439612310410e+09 4.680497135573232651e+09 1.479053047038597584e+09 1.479328470242594481e+09
2.516699999999999840e-02 2.516699999999999840e-02 2.516699999999999840e-02 1.320728655453604507e+10 8.766927250496973038e+09 8.951908208539682388e+09 8.951255597393068314e+09
2.516699999999999840e-02 2.516699999999999840e-02 3.013700000000000059e-02 1.256066173891935730e+10 8.120302434880277634e+09 4.715388314918947220e+09 4.715666178029228210e+09
2.516699999999999840e-02 2.516699999999999840e-02 3.511100000000000332e-02 1.222845914892292023e+10 7.788099844883839607e+09 4.263404082385930061e+09 4.262833827051330566e+09
2.516699999999999840e-02 2.516699999999999840e-02 4.009599999999999970e-02 1.217544863512971878e+10 7.735089331090667725e+09 3.718079018631165028e+09 3.717098536150787354e+09
2.516699999999999840e-02 2.516699999999999840e-02 4.509300000000000114e-02 1.248251373788067627e+10 8.042154433841593742e+09 3.590789411104918003e+09 3.590718686861882687e+09
2.516699999999999840e-02 2.516699999999999840e-02 5.009299999999999864e-02 1.250662625366075325e+10 8.066266949621672630e+09 4.567610818071960449e+09 4.567792522068644524e+09
2.516699999999999840e-02 2.516699999999999840e-02 5.507800000000000196e-02 1.238535703878123474e+10 7.944997734742163658e+09 1.167092162261162949e+10 1.167126481081374359e+10
2.516699999999999840e-02 3.013700000000000059e-02 3.013700000000000059e-02 1.214487188798820305e+10 7.704512583949117661e+09 4.152080772229641914e+09 4.152016780854826927e+09
2.516699999999999840e-02 3.013700000000000059e-02 3.511100000000000332e-02 1.177157017844229889e+10 7.331210874403221130e+09 2.740120745315311432e+09 2.739839288494862556e+09
2.516699999999999840e-02 3.013700000000000059e-02 4.009599999999999970e-02 1.158593323753083420e+10 7.145573933491752625e+09 2.404618351612669468e+09 2.404318763898210049e+09
2.516699999999999840e-02 3.013700000000000059e-02 4.509300000000000114e-02 1.178447447367372322e+10 7.344115169634661674e+09 2.267442024273567200e+09 2.267554016077116489e+09
2.516699999999999840e-02 3.013700000000000059e-02 5.009299999999999864e-02 1.202645403771144295e+10 7.586094733672353745e+09 2.300895121234817982e+09 2.301122568011424065e+09
2.516699999999999840e-02 3.013700000000000059e-02 5.507800000000000196e-02 1.212847805068057060e+10 7.688118746641486168e+09 2.801079184686999321e+09 2.801106832648944855e+09
2.516699999999999840e-02 3.013700000000000059e-02 6.006700000000000234e-02 1.190334258557831955e+10 7.462983281539244652e+09 7.168080198022272110e+09 7.168082006844002724e+09
2.516699999999999840e-02 3.511100000000000332e-02 3.511100000000000332e-02 1.151826010596451569e+10 7.077900801925446510e+09 3.294859810917405128e+09 3.294165140139010429e+09
2.516699999999999840e-02 3.511100000000000332e-02 4.009599999999999970e-02 1.116768437258740807e+10 6.727325068548313141e+09 2.228819228449584007e+09 2.228625484883009911e+09
2.516699999999999840e-02 3.511100000000000332e-02 4.509300000000000114e-02 1.102892778631985474e+10 6.588568482280784607e+09 2.089981327894656181e+09 2.090046981007393122e+09
2.516699999999999840e-02 3.511100000000000332e-02 5.009299999999999864e-02 1.115323610568413353e+10 6.712876801645057678e+09 1.852181863881662130e+09 1.852095223475277662e+09
2.516699999999999840e-02 3.511100000000000332e-02 5.507800000000000196e-02 1.138719705434939194e+10 6.946837750310335159e+09 1.909568560974604845e+09 1.909523071935626268e+09
2.516699999999999840e-02 3.511100000000000332e-02 6.006700000000000234e-02 1.158163209885032272e+10 7.141272794811230659e+09 2.470687084403574467e+09 2.470545224764422894e+09
2.516699999999999840e-02 3.511100000000000332e-02 6.505900000000000571e-02 1.089355671445679092e+10 6.453197410417706490e+09 6.237447225443351746e+09 6.237380340074842453e+09
2.516699999999999840e-02 4.009599999999999970e-02 4.009599999999999970e-02 1.081968264974780846e+10 6.379323345708719254e+09 2.902874018827681065e+09 2.902912825870797157e+09
2.516699999999999840e-02 4.009599999999999970e-02 4.509300000000000114e-02 1.077723978110353851e+10 6.336880477064467430e+09 1.933762226884858370e+09 1.934546745647112131e+09
2.516699999999999840e-02 4.009599999999999970e-02 5.009299999999999864e-02 1.058664330350761604e+10 6.146283999468544006e+09 1.798678709980110645e+09 1.798898586151966333e+09
2.516699999999999840e-02 4.009599999999999970e-02 5.507800000000000196e-02 1.067223186097863388e+10 6.231872556939556122e+09 1.653308114123468399e+09 1.653254518013412952e+09
2.516699999999999840e-02 4.009599999999999970e-02 6.006700000000000234e-02 1.095125048976352310e+10 6.510891185724452972e+09 1.625392906603860140e+09 1.625189180290952682e+09
2.516699999999999840e-02 4.009599999999999970e-02 6.505900000000000571e-02 1.104493272931643105e+10 6.604573425277367592e+09 2.179481553254983902e+09 2.179496264523221016e+09
2.516699999999999840e-02 4.009599999999999970e-02 7.005400000000000515e-02 1.112671357677980614e+10 6.686354272740716934e+09 5.504854961844763756e+09 5.504710193449632645e+09
2.516699999999999840e-02 4.509300000000000114e-02 4.509300000000000114e-02 1.050016469969034386e+10 6.059805395651258469e+09 2.372786703583049774e+09 2.372590280576728821e+09
2.516699999999999840e-02 4.509300000000000114e-02 5.009299999999999864e-02 1.031127481259634590e+10 5.870915508557281494e+09 1.694789940218768835e+09 1.694837396714750051e+09
2.516699999999999840e-02 4.509300000000000114e-02 5.507800000000000196e-02 1.033763889178528786e+10 5.897279587746200562e+09 1.642151168195957184e+09 1.642130728286479235e+09
2.516699999999999840e-02 4.509300000000000114e-02 6.006700000000000234e-02 1.035191751681634903e+10 5.911558212777283669e+09 1.496606584433018684e+09 1.496648855264065027e+09
2.516699999999999840e-02 4.509300000000000114e-02 6.505900000000000571e-02 1.057504057784638023e+10 6.134681273807296753e+09 1.482472843188542128e+09 1.482589939612300396e+09
2.516699999999999840e-02 4.509300000000000114e-02 7.005400000000000515e-02 1.055057392907880020e+10 6.110214625039707184e+09 1.950706453557860851e+09 1.950261234607864380e+09
2.516699999999999840e-02 4.509300000000000114e-02 7.505299999999999472e-02 1.058632316345229340e+10 6.145963859413224220e+09 5.019998660721623421e+09 5.019460199142162323e+09
2.516699999999999840e-02 5.009299999999999864e-02 5.009299999999999864e-02 1.000223087807236290e+10 5.561871574033295631e+09 2.161994498127498150e+09 2.161684269601366043e+09
2.516699999999999840e-02 5.009299999999999864e-02 5.507800000000000196e-02 9.877058874016637802e+09 5.436699569977566719e+09 1.434101526534407616e+09 1.433761830921903372e+09
2.516699999999999840e-02 5.009299999999999864e-02 6.006700000000000234e-02 9.986003855584501266e+09 5.545644551545443535e+09 1.398928095441710472e+09 1.398513927570945740e+09
2.516699999999999840e-02 5.009299999999999864e-02 6.505900000000000571e-02 1.006176548513019562e+10 5.621406181091128349e+09 1.312001199282288790e+09 1.311812677375415087e+09
2.516699999999999840e-02 5.009299999999999864e-02 7.005400000000000515e-02 1.024708203787894440e+10 5.806722733839873314e+09 1.265042603454347849e+09 1.264432056687505007e+09
2.516699999999999840e-02 5.009299999999999864e-02 7.505299999999999472e-02 1.027334826430842400e+10 5.832988960269342422e+09 1.712899874394680262e+09 1.712518861625164986e+09
2.516699999999999840e-02 5.009299999999999864e-02 8.005400000000000016e-02 1.013351540416130066e+10 5.693156100122226715e+09 4.455261859172206879e+09 4.455648140254602432e+09
2.516699999999999840e-02 5.507800000000000196e-02 5.507800000000000196e-02 9.772281240754278183e+09 5.331921936715188026e+09 2.002446445912638903e+09 2.002101705558038950e+09
2.516699999999999840e-02 5.507800000000000196e-02 6.006700000000000234e-02 9.748885102308151245e+09 5.308525798269067764e+09 1.349410293332782507e+09 1.349058773797392130e+09
2.516699999999999840e-02 5.507800000000000196e-02 6.505900000000000571e-02 9.756215999754217148e+09 5.315856695715147018e+09 1.271380525792304993e+09 1.270814384424331188e+09
2.516699999999999840e-02 5.507800000000000196e-02 7.005400000000000515e-02 9.867567391526460648e+09 5.427208087487369537e+09 1.218278948473253489e+09 1.217818992748144150e+09
2.516699999999999840e-02 5.507800000000000196e-02 7.505299999999999472e-02 9.927409186630502701e+09 5.487049882591430664e+09 1.237225102279497862e+09 1.237074192740680456e+09
2.516699999999999840e-02 5.507800000000000196e-02 8.005400000000000016e-02 9.928264983539880753e+09 5.487905679500799179e+09 1.544636850238154650e+09 1.544646707089776039e+09
2.516699999999999840e-02 6.006700000000000234e-02 6.006700000000000234e-02 9.585183972238639832e+09 5.144824668199535370e+09 1.780895036106564045e+09 1.780485949218759298e+09
2.516699999999999840e-02 6.006700000000000234e-02 6.505900000000000571e-02 9.555048797310338974e+09 5.114689493271255493e+09 1.228779232885686159e+09 1.228764105703876734e+09
2.516699999999999840e-02 6.006700000000000234e-02 7.005400000000000515e-02 9.537060271033576965e+09 5.096700966994507790e+09 1.143354667951709270e+09 1.143935692727530241e+09
2.516699999999999840e-02 6.006700000000000234e-02 7.505299999999999472e-02 9.604770573180025101e+09 5.164411269140952110e+09 1.132517967588297844e+09 1.132370534284420729e+09
2.516699999999999840e-02 6.006700000000000234e-02 8.005400000000000016e-02 9.688757053524208069e+09 5.248397749485124588e+09 1.126931790720517635e+09 1.127274066779795170e+09
2.516699999999999840e-02 6.505900000000000571e-02 6.505900000000000571e-02 9.479415627997785568e+09 5.039056323958716393e+09 1.602897518644789457e+09 1.602898208839747667e+09
2.516699999999999840e-02 6.505900000000000571e-02 7.005400000000000515e-02 9.267195202126300812e+09 4.826835898087201118e+09 1.115330861929561615e+09 1.115342534557894230e+09
2.516699999999999840e-02 6.505900000000000571e-02 7.505299999999999472e-02 9.344733678169075012e+09 4.904374374129983902e+09 1.087110971166336536e+09 1.086351364443638325e+09
2.516699999999999840e-02 6.505900000000000571e-02 8.005400000000000016e-02 9.405929531118480682e+09 4.965570227079404831e+09 9.811142259570515156e+08 9.806892161151674986e+08
2.516699999999999840e-02 7.005400000000000515e-02 7.005400000000000515e-02 9.223594602707382202e+09 4.783235298668315887e+09 1.506732725488719940e+09 1.506385642566069365e+09
2.516699999999999840e-02 7.005400000000000515e-02 7.505299999999999472e-02 9.147898550008703232e+09 4.707539245969623566e+09 1.022862669510006547e+09 1.022310401053587556e+09
2.516699999999999840e-02 7.005400000000000515e-02 8.005400000000000016e-02 9.173078533619901657e+09 4.732719229580829620e+09 9.607449957463363409e+08 9.602879320176506042e+08
2.516699999999999840e-02 7.505299999999999472e-02 7.505299999999999472e-02 9.114683888364967346e+09 4.674324584325888634e+09 1.329373668538290024e+09 1.329059531429637671e+09
2.516699999999999840e-02 7.505299999999999472e-02 8.005400000000000016e-02 8.980835054405815125e+09 4.540475750366738319e+09 9.344228234344552755e+08 9.340844242688622475e+08
2.516699999999999840e-02 8.005400000000000016e-02 8.005400000000000016e-02 8.831851858404998779e+09 4.391492554365917206e+09 1.237107817051145077e+09 1.236990280220320702e+09
3.013700000000000059e-02 3.013700000000000059e-02 3.013700000000000059e-02 1.138290265172150993e+10 6.942543347682430267e+09 6.263571953236495972e+09 6.263660417070221901e+09
3.013700000000000059e-02 3.013700000000000059e-02 3.511100000000000332e-02 1.164547273105198097e+10 7.205113427012891769e+09 3.375748663982824802e+09 3.375245349622424126e+09
3.013700000000000059e-02 3.013700000000000059e-02 4.009599999999999970e-02 1.129736054563607025e+10 6.857001241596993446e+09 3.117671071357088089e+09 3.117435233901995182e+09
3.013700000000000059e-02 3.013700000000000059e-02 4.509300000000000114e-02 1.107322603667998314e+10 6.632866732640915871e+09 2.776840229656478882e+09 2.777167659006834030e+09
3.013700000000000059e-02 3.013700000000000059e-02 5.009299999999999864e-02 1.116762315189867973e+10 6.727263847859614372e+09 2.650461874937816620e+09 2.650437593822035313e+09
3.013700000000000059e-02 3.013700000000000059e-02 5.507800000000000196e-02 1.154405880596991920e+10 7.103699501930842400e+09 2.655296936133040428e+09 2.655588419449951172e+09
3.013700000000000059e-02 3.013700000000000059e-02 6.006700000000000234e-02 1.146989046855338478e+10 7.029531164514284134e+09 3.401398285578536510e+09 3.401660376482538700e+09
3.013700000000000059e-02 3.013700000000000059e-02 6.505900000000000571e-02 1.091996514352609253e+10 6.479605839486990929e+09 8.558638539819087029e+09 8.558236524210985184e+09
3.013700000000000059e-02 3.511100000000000332e-02 3.511100000000000332e-02 1.112976683372545242e+10 6.689407529686349869e+09 3.071388336136679649e+09 3.071072153412602425e+09
3.013700000000000059e-02 3.511100000000000332e-02 4.009599999999999970e-02 1.092645281695084190e+10 6.486093512911759377e+09 2.088020655266068935e+09 2.088000380825254679e+09
3.013700000000000059e-02 3.511100000000000332e-02 4.509300000000000114e-02 1.062973035834451866e+10 6.189371054305438995e+09 1.849561970377298117e+09 1.850033493944510698e+09
3.013700000000000059e-02 3.511100000000000332e-02 5.009299999999999864e-02 1.059187817755282593e+10 6.151518873513746262e+09 1.763586691130227089e+09 1.762793351431558371e+09
3.013700000000000059e-02 3.511100000000000332e-02 5.507800000000000196e-02 1.068254216777825928e+10 6.242182863739181519e+09 1.664379155935514688e+09 1.664110812051229239e+09
3.013700000000000059e-02 3.511100000000000332e-02 6.006700000000000234e-02 1.093790275793011665e+10 6.497543453891040802e+09 1.654508760028984308e+09 1.654550245866113901e+09
3.013700000000000059e-02 3.511100000000000332e-02 6.505900000000000571e-02 1.093403976734286499e+10 6.493680463303791046e+09 2.126853735654058218e+09 2.126900046578408003e+09
3.013700000000000059e-02 3.511100000000000332e-02 7.005400000000000515e-02 1.085363808955842400e+10 6.413278785519352913e+09 5.446874159604070663e+09 5.446282291648011208e+09
3.013700000000000059e-02 4.009599999999999970e-02 4.009599999999999970e-02 1.054313547674435997e+10 6.102776172705264091e+09 2.663478210947533607e+09 2.663582696248043060e+09
3.013700000000000059e-02 4.009599999999999970e-02 4.509300000000000114e-02 1.023793300195574188e+10 5.797573697916677475e+09 1.731946927743073940e+09 1.732364614849767685e+09
3.013700000000000059e-02 4.009599999999999970e-02 5.009299999999999864e-02 1.022674202600533295e+10 5.786382721966259003e+09 1.665981917488009214e+09 1.665992468268870115e+09
3.013700000000000059e-02 4.009599999999999970e-02 5.507800000000000196e-02 1.016988200087154770e+10 5.729522696832480431e+09 1.570618217136453390e+09 1.570158387267048120e+09
3.013700000000000059e-02 4.009599999999999970e-02 6.006700000000000234e-02 1.027316072567747307e+10 5.832801421638393402e+09 1.470800709106385469e+09 1.471186121071266890e+09
3.013700000000000059e-02 4.009599999999999970e-02 6.505900000000000571e-02 1.048094792762100220e+10 6.040588623581926346e+09 1.464230210368690968e+09 1.464495488604250908e+09
3.013700000000000059e-02 4.009599999999999970e-02 7.005400000000000515e-02 1.064612297309438324e+10 6.205763669055297852e+09 1.879848039945639610e+09 1.879633931420732975e+09
3.013700000000000059e-02 4.009599999999999970e-02 7.505299999999999472e-02 1.052670918093496132e+10 6.086349876895854950e+09 4.991760613721718788e+09 4.991721316293807030e+09
3.013700000000000059e-02 4.509300000000000114e-02 4.509300000000000114e-02 1.007060852642142105e+10 5.630249222382351875e+09 2.102904986169182062e+09 2.102669628846443892e+09
3.013700000000000059e-02 4.509300000000000114e-02 5.009299999999999864e-02 9.840321130205841064e+09 5.399961826166777611e+09 1.466077185911075592e+09 1.466247767360226154e+09
3.013700000000000059e-02 4.509300000000000114e-02 5.507800000000000196e-02 9.826176868900341034e+09 5.385817564861286163e+09 1.423375455994689465e+09 1.423420895067562580e+09
3.013700000000000059e-02 4.509300000000000114e-02 6.006700000000000234e-02 9.842234390469396591e+09 5.401875086430328369e+09 1.316488460134588957e+09 1.316650726228159666e+09
3.013700000000000059e-02 4.509300000000000114e-02 6.505900000000000571e-02 9.940549122792924881e+09 5.500189818753826141e+09 1.313436246347741127e+09 1.312727584300854683e+09
3.013700000000000059e-02 4.509300000000000114e-02 7.005400000000000515e-02 1.017321970065475273e+10 5.732860396615678787e+09 1.273892008914788008e+09 1.273877873800091982e+09
3.013700000000000059e-02 4.509300000000000114e-02 7.505299999999999472e-02 1.019321630078457642e+10 5.752856996745496750e+09 1.642890991892547369e+09 1.642996123853471756e+09
3.013700000000000059e-02 4.509300000000000114e-02 8.005400000000000016e-02 9.993952146227039337e+09 5.553592842187973976e+09 4.181982345484036922e+09 4.182519751640820503e+09
3.013700000000000059e-02 5.009299999999999864e-02 5.009299999999999864e-02 9.756233873583108902e+09 5.315874569544032097e+09 1.969791667644285917e+09 1.969754644965965509e+09
3.013700000000000059e-02 5.009299999999999864e-02 5.507800000000000196e-02 9.607037798095096588e+09 5.166678494056012154e+09 1.288605360983346701e+09 1.288223607321243763e+09
3.013700000000000059e-02 5.009299999999999864e-02 6.006700000000000234e-02 9.578764168446044922e+09 5.138404864406958580e+09 1.215435347950980902e+09 1.215906548262242794e+09
3.013700000000000059e-02 5.009299999999999864e-02 6.505900000000000571e-02 9.609913563911680222e+09 5.169554259872611046e+09 1.138103493703324318e+09 1.137781062778003931e+09
3.013700000000000059e-02 5.009299999999999864e-02 7.005400000000000515e-02 9.685793801369899750e+09 5.245434497330825806e+09 1.132975816039182663e+09 1.132891502546526194e+09
3.013700000000000059e-02 5.009299999999999864e-02 7.505299999999999472e-02 9.787092406059009552e+09 5.346733102019935608e+09 1.143833983698462725e+09 1.143546704529812336e+09
3.013700000000000059e-02 5.009299999999999864e-02 8.005400000000000016e-02 9.825287098510818481e+09 5.384927794471752167e+09 1.456920239716026306e+09 1.456765727492650509e+09
3.013700000000000059e-02 5.507800000000000196e-02 5.507800000000000196e-02 9.451401657069473267e+09 5.011042353030382156e+09 1.773320107512920380e+09 1.772941228412683249e+09
3.013700000000000059e-02 5.507800000000000196e-02 6.006700000000000234e-02 9.411819437476861954e+09 4.971460133437779427e+09 1.221456480004336596e+09 1.221429974879842281e+09
3.013700000000000059e-02 5.507800000000000196e-02 6.505900000000000571e-02 9.361811082875423431e+09 4.921451778836331367e+09 1.145716891253733397e+09 1.145787677602135897e+09
3.013700000000000059e-02 5.507800000000000196e-02 7.005400000000000515e-02 9.359120918643198013e+09 4.918761614604131699e+09 1.099856206184055567e+09 1.099712179752080679e+09
3.013700000000000059e-02 5.507800000000000196e-02 7.505299999999999472e-02 9.443662101972517014e+09 5.003302797933433533e+09 1.041500800159322381e+09 1.041787245986399770e+09
3.013700000000000059e-02 5.507800000000000196e-02 8.005400000000000016e-02 9.491468013104280472e+09 5.051108709065210342e+09 1.069535272855914235e+09 1.069710970522886157e+09
3.013700000000000059e-02 6.006700000000000234e-02 6.006700000000000234e-02 9.207341223264799118e+09 4.766981919225720406e+09 1.630169146118422747e+09 1.629812409633016586e+09
3.013700000000000059e-02 6.006700000000000234e-02 6.505900000000000571e-02 9.178573791312387466e+09 4.738214487273300171e+09 1.095144783100246906e+09 1.095140837620111704e+09
3.013700000000000059e-02 6.006700000000000234e-02 7.005400000000000515e-02 9.147263074845172882e+09 4.706903770806095123e+09 1.027911358611177683e+09 1.027913590407710433e+09
3.013700000000000059e-02 6.006700000000000234e-02 7.505299999999999472e-02 9.177663859756271362e+09 4.737304555717190742e+09 9.859496576880793571e+08 9.854893697017019987e+08
3.013700000000000059e-02 6.006700000000000234e-02 8.005400000000000016e-02 9.225650354430658340e+09 4.785291050391569138e+09 9.585526923350125551e+08 9.583614065033380985e+08
3.013700000000000059e-02 6.505900000000000571e-02 6.505900000000000571e-02 8.999370570118446350e+09 4.559011266079370499e+09 1.452043154690514326e+09 1.451556368970661640e+09
3.013700000000000059e-02 6.505900000000000571e-02 7.005400000000000515e-02 9.018160410845628738e+09 4.577801106806545258e+09 1.007912904955780745e+09 1.008113932121989131e+09
3.013700000000000059e-02 6.505900000000000571e-02 7.505299999999999472e-02 8.998023087214147568e+09 4.557663783175069809e+09 9.142638603988442421e+08 9.136763855000163317e+08
3.013700000000000059e-02 6.505900000000000571e-02 8.005400000000000016e-02 8.954526549493255615e+09 4.514167245454180717e+09 9.313899386652759314e+08 9.309642598654568195e+08
3.013700000000000059e-02 7.005400000000000515e-02 7.005400000000000515e-02 8.935267404866794586e+09 4.494908100827712059e+09 1.359667088940442324e+09 1.359358009536940098e+09
3.013700000000000059e-02 7.005400000000000515e-02 7.505299999999999472e-02 8.854760937890441895e+09 4.414401633851355553e+09 8.984594490563776493e+08 8.978685803591080904e+08
3.013700000000000059e-02 7.005400000000000515e-02 8.005400000000000016e-02 8.812689243207492828e+09 4.372329939168413162e+09 8.790665561079047918e+08 8.783899129817384481e+08
3.013700000000000059e-02 7.505299999999999472e-02 7.505299999999999472e-02 8.750725987634269714e+09 4.310366683595175743e+09 1.156593486083676338e+09 1.155980081840753794e+09
3.013700000000000059e-02 7.505299999999999472e-02 8.005400000000000016e-02 8.653526295783132553e+09 4.213166991744050980e+09 8.523474744295662642e+08 8.517648942064032555e+08
3.013700000000000059e-02 8.005400000000000016e-02 8.005400000000000016e-02 8.549890386991405487e+09 4.109531082952317238e+09 1.120141979031199932e+09 1.119834146032120943e+09
3.511100000000000332e-02 3.511100000000000332e-02 3.511100000000000332e-02 1.052649734228028870e+10 6.086138038241200447e+09 4.781830037377123833e+09 4.782211426234152794e+09
3.511100000000000332e-02 3.511100000000000332e-02 4.009599999999999970e-02 1.053158805920319366e+10 6.091228755164108276e+09 2.566601428675244331e+09 2.566511132993365765e+09
3.511100000000000332e-02 3.511100000000000332e-02 4.509300000000000114e-02 1.026544182937329865e+10 5.825082525334215164e+09 2.327190818501604080e+09 2.327043308506756306e+09
3.511100000000000332e-02 3.511100000000000332e-02 5.009299999999999864e-02 1.021420363570720291e+10 5.773844331668127060e+09 2.154884614042261124e+09 2.154399147205270767e+09
3.511100000000000332e-02 3.511100000000000332e-02 5.507800000000000196e-02 1.013426479288035202e+10 5.693905488841275215e+09 2.123957593903964281e+09 2.123837345653185368e+09
3.511100000000000332e-02 3.511100000000000332e-02 6.006700000000000234e-02 1.027998075372393417e+10 5.839621449684852600e+09 1.942623796933742285e+09 1.942407634710981607e+09
3.511100000000000332e-02 3.511100000000000332e-02 6.505900000000000571e-02 1.036884927593217468e+10 5.928489971893104553e+09 1.901297336273982286e+09 1.900305493036981344e+09
3.511100000000000332e-02 3.511100000000000332e-02 7.005400000000000515e-02 1.056641432216822815e+10 6.126055018129161835e+09 2.607264691234487534e+09 2.607207211393543243e+09
3.511100000000000332e-02 3.511100000000000332e-02 7.505299999999999472e-02 1.033093276210527039e+10 5.890573458066195488e+09 6.619121805145740509e+09 6.619286310175071716e+09
3.511100000000000332e-02 4.009599999999999970e-02 4.009599999999999970e-02 1.033456529437672424e+10 5.894205990337641716e+09 2.444313209029165268e+09 2.444525254648320198e+09
3.511100000000000332e-02 4.009599999999999970e-02 4.509300000000000114e-02 1.002717438416017723e+10 5.586815080121091843e+09 1.595792777307707787e+09 1.596057981582035780e+09
3.511100000000000332e-02 4.009599999999999970e-02 5.009299999999999864e-02 9.949685912365543365e+09 5.509326608326453209e+09 1.489854627347919941e+09 1.489985648639384508e+09
3.511100000000000332e-02 4.009599999999999970e-02 5.507800000000000196e-02 9.853808395384719849e+09 5.413449091345655441e+09 1.373503610222036600e+09 1.373433548024799109e+09
3.511100000000000332e-02 4.009599999999999970e-02 6.006700000000000234e-02 9.760702276006303787e+09 5.320342971967227936e+09 1.318422445128512383e+09 1.318523715991056442e+09
3.511100000000000332e-02 4.009599999999999970e-02 6.505900000000000571e-02 9.898107811482633591e+09 5.457748507443541527e+09 1.266077868988973856e+09 1.266112480233373404e+09
3.511100000000000332e-02 4.009599999999999970e-02 7.005400000000000515e-02 1.009752498704743958e+10 5.657165683008347511e+09 1.294914446248352528e+09 1.294990152927883387e+09
3.511100000000000332e-02 4.009599999999999970e-02 7.505299999999999472e-02 1.008892454171994972e+10 5.648565237680871010e+09 1.671162018639634132e+09 1.670874284110131264e+09
3.511100000000000332e-02 4.009599999999999970e-02 8.005400000000000016e-02 1.015647362307875633e+10 5.716114319039675713e+09 4.021069255208702564e+09 4.021109304477793217e+09
3.511100000000000332e-02 4.509300000000000114e-02 4.509300000000000114e-02 9.651201218258804321e+09 5.210841914219729424e+09 1.929491296448459387e+09 1.929049088478338003e+09
3.511100000000000332e-02 4.509300000000000114e-02 5.009299999999999864e-02 9.538147650464330673e+09 5.097788346425247192e+09 1.334539687704630613e+09 1.334474982916251421e+09
3.511100000000000332e-02 4.509300000000000114e-02 5.507800000000000196e-02 9.464555867926536560e+09 5.024196563887455940e+09 1.261129430935031652e+09 1.261015339728454590e+09
3.511100000000000332e-02 4.509300000000000114e-02 6.006700000000000234e-02 9.465949870961751938e+09 5.025590566922680855e+09 1.220572918076984406e+09 1.220627669357624769e+09
3.511100000000000332e-02 4.509300000000000114e-02 6.505900000000000571e-02 9.444045043742893219e+09 5.003685739703804970e+09 1.175980920883736134e+09 1.175984793991044283e+09
3.511100000000000332e-02 4.509300000000000114e-02 7.005400000000000515e-02 9.548826615065176010e+09 5.108467311026095390e+09 1.112721153950601816e+09 1.112365279375716209e+09
3.511100000000000332e-02 4.509300000000000114e-02 7.505299999999999472e-02 9.611481139515823364e+09 5.171121835476749420e+09 1.098378200047777653e+09 1.097719771536361933e+09
3.511100000000000332e-02 4.509300000000000114e-02 8.005400000000000016e-02 9.654294684597255707e+09 5.213935380558176041e+09 1.429627473804858685e+09 1.429666375632954836e+09
3.511100000000000332e-02 5.009299999999999864e-02 5.009299999999999864e-02 9.359185679622419357e+09 4.918826375583354950e+09 1.786444847857313395e+09 1.786540428673427820e+09
3.511100000000000332e-02 5.009299999999999864e-02 5.507800000000000196e-02 9.306438066299606323e+09 4.866078762260522842e+09 1.159548150220077515e+09 1.159478547153710842e+09
3.511100000000000332e-02 5.009299999999999864e-02 6.006700000000000234e-02 9.215642545637165070e+09 4.775283241598080635e+09 1.167877355382553339e+09 1.167487451931682110e+09
3.511100000000000332e-02 5.009299999999999864e-02 6.505900000000000571e-02 9.183658023584606171e+09 4.743298719545528412e+09 1.068041651237648606e+09 1.067611707566910625e+09
3.511100000000000332e-02 5.009299999999999864e-02 7.005400000000000515e-02 9.206581943878068924e+09 4.766222639838985443e+09 1.050593599563107371e+09 1.050673080890908241e+09
3.511100000000000332e-02 5.009299999999999864e-02 7.505299999999999472e-02 9.328964169361347198e+09 4.888604865322263718e+09 1.038912010328407407e+09 1.038218879795652747e+09
3.511100000000000332e-02 5.009299999999999864e-02 8.005400000000000016e-02 9.332637462065937042e+09 4.892278158026854515e+09 1.010643294695773721e+09 1.010618094266477585e+09
3.511100000000000332e-02 5.507800000000000196e-02 5.507800000000000196e-02 9.140395465873769760e+09 4.700036161834668159e+09 1.598103930839456320e+09 1.598635850624063253e+09
3.511100000000000332e-02 5.507800000000000196e-02 6.006700000000000234e-02 9.078925407562822342e+09 4.638566103523755074e+09 1.088280269286262274e+09 1.088164109799871683e+09
3.511100000000000332e-02 5.507800000000000196e-02 6.505900000000000571e-02 9.043030742713331223e+09 4.602671438674257278e+09 1.023010642923033953e+09 1.022840543202437282e+09
3.511100000000000332e-02 5.507800000000000196e-02 7.005400000000000515e-02 9.043817119234251022e+09 4.603457815195184708e+09 9.865460726573823690e+08 9.863464122789107561e+08
3.511100000000000332e-02 5.507800000000000196e-02 7.505299999999999472e-02 9.059395836349105835e+09 4.619036532310015678e+09 9.453258739223021269e+08 9.454150880037012100e+08
3.511100000000000332e-02 5.507800000000000196e-02 8.005400000000000016e-02 9.054368990208349228e+09 4.614009686169271469e+09 8.876127123457387686e+08 8.877728908263323307e+08
3.511100000000000332e-02 6.006700000000000234e-02 6.006700000000000234e-02 8.940615098274755478e+09 4.500255794235683441e+09 1.435463036442118406e+09 1.435480071251193762e+09
3.511100000000000332e-02 6.006700000000000234e-02 6.505900000000000571e-02 8.841468951062164307e+09 4.401109647023077965e+09 9.765884546988977194e+08 9.763081822395623922e+08
3.511100000000000332e-02 6.006700000000000234e-02 7.005400000000000515e-02 8.811006081894336700e+09 4.370646777855260849e+09 8.966994169366724491e+08 8.969452747245190144e+08
3.511100000000000332e-02 6.006700000000000234e-02 7.505299999999999472e-02 8.802894521915775299e+09 4.362535217876693726e+09 9.100098935355229378e+08 9.101193350406800508e+08
3.511100000000000332e-02 6.006700000000000234e-02 8.005400000000000016e-02 8.802529999183204651e+09 4.362170695144123077e+09 8.531333265292987823e+08 8.530230869805369377e+08
3.511100000000000332e-02 6.505900000000000571e-02 6.505900000000000571e-02 8.720860400991203308e+09 4.280501096952120304e+09 1.258556414155293465e+09 1.258052193910084724e+09
3.511100000000000332e-02 6.505900000000000571e-02 7.005400000000000515e-02 8.700108854555713654e+09 4.259749550516635895e+09 8.768597218143039942e+08 8.769678968219587803e+08
3.511100000000000332e-02 6.505900000000000571e-02 7.505299999999999472e-02 8.638789507762332916e+09 4.198430203723253727e+09 8.583191101864442825e+08 8.582720430933001041e+08
3.511100000000000332e-02 6.505900000000000571e-02 8.005400000000000016e-02 8.609919400515567780e+09 4.169560096476488113e+09 8.407312417506901026e+08 8.409271298701798916e+08
3.511100000000000332e-02 7.005400000000000515e-02 7.005400000000000515e-02 8.697930159102989197e+09 4.257570855063898563e+09 1.175972297747641087e+09 1.175195121854796171e+09
3.511100000000000332e-02 7.005400000000000515e-02 7.505299999999999472e-02 8.536358400211957932e+09 4.095999096172871113e+09 8.614553042206761837e+08 8.614061841870235205e+08
3.511100000000000332e-02 7.005400000000000515e-02 8.005400000000000016e-02 8.470757371576823235e+09 4.030398067537739277e+09 7.854620860795713663e+08 7.850010934137644768e+08
3.511100000000000332e-02 7.505299999999999472e-02 7.505299999999999472e-02 8.452082807159522057e+09 4.011723503120444775e+09 1.118613708332632542e+09 1.118171460414428711e+09
3.511100000000000332e-02 7.505299999999999472e-02 8.005400000000000016e-02 8.343287908161814690e+09 3.902928604122739315e+09 7.611115880762007236e+08 7.604562258096709251e+08
3.511100000000000332e-02 8.005400000000000016e-02 8.005400000000000016e-02 8.162966574165048599e+09 3.722607270125958443e+09 1.016166342237998843e+09 1.015751781027082443e+09
4.009599999999999970e-02 4.009599999999999970e-02 4.009599999999999970e-02 9.888888615697740555e+09 5.448529311658651352e+09 3.637282661079879284e+09 3.637221566055942059e+09
4.009599999999999970e-02 4.009599999999999970e-02 4.509300000000000114e-02 9.814203612107336044e+09 5.373844308068254471e+09 2.080460433559076548e+09 2.080387739798508644e+09
4.009599999999999970e-02 4.009599999999999970e-02 5.009299999999999864e-02 9.555975395818298340e+09 5.115616091779216766e+09 1.868120498637306690e+09 1.868101858705105066e+09
4.009599999999999970e-02 4.009599999999999970e-02 5.507800000000000196e-02 9.326461646861379623e+09 4.886102342822296143e+09 1.697149814371985197e+09 1.696808393136517048e+09
4.009599999999999970e-02 4.009599999999999970e-02 6.006700000000000234e-02 9.388836336472448349e+09 4.948477032433379173e+09 1.672221383946942329e+09 1.672056909277231216e+09
4.009599999999999970e-02 4.009599999999999970e-02 6.505900000000000571e-02 9.458054762110334396e+09 5.017695458071245193e+09 1.642121671277278900e+09 1.642163217546706438e+09
4.009599999999999970e-02 4.009599999999999970e-02 7.005400000000000515e-02 9.637153727946243286e+09 5.196794423907175064e+09 1.598835870314024448e+09 1.598853537308471441e+09
4.009599999999999970e-02 4.009599999999999970e-02 7.505299999999999472e-02 9.607342622127990723e+09 5.166983318088914871e+09 1.547665408448789358e+09 1.548033806714402914e+09
4.009599999999999970e-02 4.009599999999999970e-02 8.005400000000000016e-02 9.588724954268365860e+09 5.148365650229281425e+09 1.971407320781750441e+09 1.971215951662875175e+09
4.009599999999999970e-02 4.509300000000000114e-02 4.509300000000000114e-02 9.520580990006072998e+09 5.080221685966990471e+09 1.871302372426808357e+09 1.871473313479961157e+09
4.009599999999999970e-02 4.509300000000000114e-02 5.009299999999999864e-02 9.260391582332345963e+09 4.820032278293263435e+09 1.277545021154552698e+09 1.277778319552023411e+09
4.009599999999999970e-02 4.509300000000000114e-02 5.507800000000000196e-02 9.150295880080133438e+09 4.709936576041051865e+09 1.145733670228259563e+09 1.145663174955397844e+09
4.009599999999999970e-02 4.509300000000000114e-02 6.006700000000000234e-02 9.106901979477794647e+09 4.666542675438719749e+09 1.163718428708094597e+09 1.163449126399385214e+09
4.009599999999999970e-02 4.509300000000000114e-02 6.505900000000000571e-02 9.144238540380235672e+09 4.703879236341160774e+09 1.050210132203638196e+09 1.049924966519664884e+09
4.009599999999999970e-02 4.509300000000000114e-02 7.005400000000000515e-02 9.149426298643148422e+09 4.709066994604068756e+09 1.022676726701884747e+09 1.022550114924901247e+09
4.009599999999999970e-02 4.509300000000000114e-02 7.505299999999999472e-02 9.191483062002309799e+09 4.751123757963229179e+09 1.011343021698510289e+09 1.011664753728509426e+09
4.009599999999999970e-02 4.509300000000000114e-02 8.005400000000000016e-02 9.201521408733478546e+09 4.761162104694409370e+09 9.552030643029335737e+08 9.554000518681328297e+08
4.009599999999999970e-02 5.009299999999999864e-02 5.009299999999999864e-02 9.077437561549057007e+09 4.637078257509975433e+09 1.696902766000436306e+09 1.697109451079613447e+09
4.009599999999999970e-02 5.009299999999999864e-02 5.507800000000000196e-02 8.994184413188600540e+09 4.553825109149518013e+09 1.103070319757694721e+09 1.103320733364601135e+09
4.009599999999999970e-02 5.009299999999999864e-02 6.006700000000000234e-02 8.948951026241790771e+09 4.508591722202711105e+09 1.027015999749575377e+09 1.027017433366326809e+09
4.009599999999999970e-02 5.009299999999999864e-02 6.505900000000000571e-02 8.842322857490615845e+09 4.401963553451528549e+09 1.028410041241575003e+09 1.028423170891161084e+09
4.009599999999999970e-02 5.009299999999999864e-02 7.005400000000000515e-02 8.874546810324848175e+09 4.434187506285767555e+09 9.633172595027184486e+08 9.626292874203802347e+08
4.009599999999999970e-02 5.009299999999999864e-02 7.505299999999999472e-02 8.893974013729190826e+09 4.453614709690120697e+09 9.151170089055461884e+08 9.149245767405608892e+08
4.009599999999999970e-02 5.009299999999999864e-02 8.005400000000000016e-02 8.857022937761892319e+09 4.416663633722809792e+09 8.621324341122812033e+08 8.614327752523347139e+08
4.009599999999999970e-02 5.507800000000000196e-02 5.507800000000000196e-02 8.905173087064197540e+09 4.464813783025114059e+09 1.502998326387049198e+09 1.502794488664612293e+09
4.009599999999999970e-02 5.507800000000000196e-02 6.006700000000000234e-02 8.813379028544345856e+09 4.373019724505250931e+09 1.029836693931075096e+09 1.029808192635719419e+09
4.009599999999999970e-02 5.507800000000000196e-02 6.505900000000000571e-02 8.752895722129062653e+09 4.312536418089980125e+09 9.517928090136346817e+08 9.518801899796103239e+08
4.009599999999999970e-02 5.507800000000000196e-02 7.005400000000000515e-02 8.707883385373233795e+09 4.267524081334162235e+09 8.769954179899646044e+08 8.769304572374653816e+08
4.009599999999999970e-02 5.507800000000000196e-02 7.505299999999999472e-02 8.646607959372467041e+09 4.206248655333386421e+09 8.775598819032980204e+08 8.774058116256600618e+08
4.009599999999999970e-02 5.507800000000000196e-02 8.005400000000000016e-02 8.663555757028390884e+09 4.223196452989305973e+09 8.586342193657416105e+08 8.583781589959999323e+08
4.009599999999999970e-02 6.006700000000000234e-02 6.006700000000000234e-02 8.720626258350414276e+09 4.280266954311354160e+09 1.321215630644040585e+09 1.321603319675964117e+09
4.009599999999999970e-02 6.006700000000000234e-02 6.505900000000000571e-02 8.614510506635520935e+09 4.174151202596434116e+09 9.068930263543990850e+08 9.075114554265162945e+08
4.009599999999999970e-02 6.006700000000000234e-02 7.005400000000000515e-02 8.557172659493639946e+09 4.116813355454559803e+09 8.829435906624947786e+08 8.833627609698562622e+08
4.009599999999999970e-02 6.006700000000000234e-02 7.505299999999999472e-02 8.492423821634067535e+09 4.052064517594982624e+09 8.358911941473575830e+08 8.356859635153466463e+08
4.009599999999999970e-02 6.006700000000000234e-02 8.005400000000000016e-02 8.482143733904250145e+09 4.041784429865154266e+09 8.062171532635506392e+08 8.063037259180094004e+08
4.009599999999999970e-02 6.505900000000000571e-02 6.505900000000000571e-02 8.532988420125539780e+09 4.092629116086459160e+09 1.238230740347814322e+09 1.238146486328076601e+09
4.009599999999999970e-02 6.505900000000000571e-02 7.005400000000000515e-02 8.451357030359600067e+09 4.010997726320520401e+09 8.192468255195816755e+08 8.193375259720840454e+08
4.009599999999999970e-02 6.505900000000000571e-02 7.505299999999999472e-02 8.378098705003871918e+09 3.937739400964796066e+09 7.738090642817569971e+08 7.733955393618166447e+08
4.009599999999999970e-02 6.505900000000000571e-02 8.005400000000000016e-02 8.278899208088429451e+09 3.838539904049353600e+09 7.687081829251776934e+08 7.691211005590531826e+08
4.009599999999999970e-02 7.005400000000000515e-02 7.005400000000000515e-02 8.433205484698845863e+09 3.992846180659766197e+09 1.128527616303215265e+09 1.128226334181417465e+09
4.009599999999999970e-02 7.005400000000000515e-02 7.505299999999999472e-02 8.274393834895748138e+09 3.834034530856655598e+09 7.364818262815798521e+08 7.363720747845804691e+08
4.009599999999999970e-02 7.005400000000000515e-02 8.005400000000000016e-02 8.187219270677244186e+09 3.746859966638162136e+09 7.302716789344184399e+08 7.306917179187735319e+08
4.009599999999999970e-02 7.505299999999999472e-02 7.505299999999999472e-02 8.137930057382278442e+09 3.697570753343206406e+09 1.030239555539019227e+09 1.030228408500495791e+09
4.009599999999999970e-02 7.505299999999999472e-02 8.005400000000000016e-02 8.062107086695360184e+09 3.621747782656280994e+09 7.339226318076025248e+08 7.338908251069716215e+08
4.009599999999999970e-02 8.005400000000000016e-02 8.005400000000000016e-02 8.021393803603470802e+09 3.581034499564401150e+09 9.222518819786142111e+08 9.221269248598792553e+08
4.509300000000000114e-02 4.509300000000000114e-02 4.509300000000000114e-02 9.335848882363800049e+09 4.895489578324720383e+09 2.951353881843008041e+09 2.951227896700969219e+09
4.509300000000000114e-02 4.509300000000000114e-02 5.009299999999999864e-02 9.035415603584167480e+09 4.595056299545086861e+09 1.656941615469008684e+09 1.657715922543520212e+09
4.509300000000000114e-02 4.509300000000000114e-02 5.507800000000000196e-02 8.858967450674495697e+09 4.418608146635411263e+09 1.542943342079507589e+09 1.542844266112231255e+09
4.509300000000000114e-02 4.509300000000000114e-02 6.006700000000000234e-02 8.833519173228944778e+09 4.393159869189854622e+09 1.458846935131735802e+09 1.458611633899683237e+09
4.509300000000000114e-02 4.509300000000000114e-02 6.505900000000000571e-02 8.822011138015336990e+09 4.381651833976266861e+09 1.409762053589446545e+09 1.408689040607382059e+09
4.509300000000000114e-02 4.509300000000000114e-02 7.005400000000000515e-02 8.851483769708982468e+09 4.411124465669907570e+09 1.294945156695119143e+09 1.294258848516978979e+09
4.509300000000000114e-02 4.509300000000000114e-02 7.505299999999999472e-02 8.819555280493024826e+09 4.379195976453945160e+09 1.259184679791611195e+09 1.259329646486548185e+09
4.509300000000000114e-02 4.509300000000000114e-02 8.005400000000000016e-02 8.802904162102119446e+09 4.362544858063041687e+09 1.260889758858926058e+09 1.260573032476074696e+09
4.509300000000000114e-02 5.009299999999999864e-02 5.009299999999999864e-02 8.937286624758329391e+09 4.496927320719247818e+09 1.529270884283005714e+09 1.529218726329622507e+09
4.509300000000000114e-02 5.009299999999999864e-02 5.507800000000000196e-02 8.803336987098892212e+09 4.362977683059806824e+09 1.005895311135390997e+09 1.005912318880414128e+09
4.509300000000000114e-02 5.009299999999999864e-02 6.006700000000000234e-02 8.691397155462232590e+09 4.251037851423157692e+09 1.010444940913632989e+09 1.009959981645618439e+09
4.509300000000000114e-02 5.009299999999999864e-02 6.505900000000000571e-02 8.694492819800209045e+09 4.254133515761123657e+09 9.441296536199896336e+08 9.437271390186696053e+08
4.509300000000000114e-02 5.009299999999999864e-02 7.005400000000000515e-02 8.607837272877429962e+09 4.167477968838342190e+09 8.977908252886934280e+08 8.972949732907336950e+08
4.509300000000000114e-02 5.009299999999999864e-02 7.505299999999999472e-02 8.592107334246101379e+09 4.151748030207022667e+09 8.641760652281687260e+08 8.635332578879537582e+08
4.509300000000000114e-02 5.009299999999999864e-02 8.005400000000000016e-02 8.565848030324372292e+09 4.125488726285289764e+09 8.270586111168867350e+08 8.265155055487225056e+08
4.509300000000000114e-02 5.507800000000000196e-02 5.507800000000000196e-02 8.685991765906787872e+09 4.245632461867701530e+09 1.364365471005165815e+09 1.364279065540054560e+09
4.509300000000000114e-02 5.507800000000000196e-02 6.006700000000000234e-02 8.562760307420939445e+09 4.122401003381855011e+09 9.127815096976776123e+08 9.122343167757031918e+08
4.509300000000000114e-02 5.507800000000000196e-02 6.505900000000000571e-02 8.501085487553696632e+09 4.060726183514621258e+09 8.795307518958182335e+08 8.789581220370942354e+08
4.509300000000000114e-02 5.507800000000000196e-02 7.005400000000000515e-02 8.440315739576594353e+09 3.999956435537525177e+09 8.412781592760953903e+08 8.412374786503776312e+08
4.509300000000000114e-02 5.507800000000000196e-02 7.505299999999999472e-02 8.390915329141615868e+09 3.950556025102532864e+09 8.010117655717675686e+08 8.008221270752968788e+08
4.509300000000000114e-02 5.507800000000000196e-02 8.005400000000000016e-02 8.337948618305747032e+09 3.897589314266667843e+09 7.794208806978052855e+08 7.793619584314129353e+08
4.509300000000000114e-02 6.006700000000000234e-02 6.006700000000000234e-02 8.460379050816390038e+09 4.020019746777311325e+09 1.224470695318782091e+09 1.224860695620458126e+09
4.509300000000000114e-02 6.006700000000000234e-02 6.505900000000000571e-02 8.399846450971712112e+09 3.959487146932625294e+09 8.248747812177170515e+08 8.251216067154124975e+08
4.509300000000000114e-02 6.006700000000000234e-02 7.005400000000000515e-02 8.299975910603225708e+09 3.859616606564150810e+09 7.702767641918714046e+08 7.705126683772839308e+08
4.509300000000000114e-02 6.006700000000000234e-02 7.505299999999999472e-02 8.235723505119212151e+09 3.795364201080129623e+09 7.444838858598852158e+08 7.443071474352489710e+08
4.509300000000000114e-02 6.006700000000000234e-02 8.005400000000000016e-02 8.179343018184073448e+09 3.738983714144982815e+09 7.397841904429562092e+08 7.398795918750183582e+08
4.509300000000000114e-02 6.505900000000000571e-02 6.505900000000000571e-02 8.260301368942296028e+09 3.819942064903216839e+09 1.159793897690529346e+09 1.159229932866266966e+09
4.509300000000000114e-02 6.505900000000000571e-02 7.005400000000000515e-02 8.242705562981092453e+09 3.802346258942022800e+09 7.697427826336516142e+08 7.692650429499257803e+08
4.509300000000000114e-02 6.505900000000000571e-02 7.505299999999999472e-02 8.142637834120128632e+09 3.702278530081048012e+09 7.421094487144899368e+08 7.415287182992622852e+08
4.509300000000000114e-02 6.505900000000000571e-02 8.005400000000000016e-02 8.061393229562826157e+09 3.621033925523742676e+09 7.049248838930768967e+08 7.046141274235172272e+08
4.509300000000000114e-02 7.005400000000000515e-02 7.005400000000000515e-02 8.191237971412852287e+09 3.750878667373771667e+09 1.020138414340835690e+09 1.019494836385019302e+09
4.509300000000000114e-02 7.005400000000000515e-02 7.505299999999999472e-02 8.044885849023599625e+09 3.604526544984516621e+09 7.068902274858802557e+08 7.063409131015532017e+08
4.509300000000000114e-02 7.005400000000000515e-02 8.005400000000000016e-02 7.982880876901944160e+09 3.542521572862874985e+09 6.814240571702929735e+08 6.807147929897897243e+08
4.509300000000000114e-02 7.505299999999999472e-02 7.505299999999999472e-02 7.928949700786621094e+09 3.488590396747545719e+09 9.533656928747044802e+08 9.532921559259240627e+08
4.509300000000000114e-02 7.505299999999999472e-02 8.005400000000000016e-02 7.870505573746353149e+09 3.430146269707277775e+09 6.627800502100003958e+08 6.620314255492203236e+08
4.509300000000000114e-02 8.005400000000000016e-02 8.005400000000000016e-02 7.776027725347239494e+09 3.335668421308167934e+09 8.343363708593193293e+08 8.339680795920408964e+08
5.009299999999999864e-02 5.009299999999999864e-02 5.009299999999999864e-02 8.788983480548252106e+09 4.348624176509162903e+09 2.402029153868000507e+09 2.401568408562597275e+09
5.009299999999999864e-02 5.009299999999999864e-02 5.507800000000000196e-02 8.548540186628152847e+09 4.108180882589068413e+09 1.375145051510082006e+09 1.375371709384848118e+09
5.009299999999999864e-02 5.009299999999999864e-02 6.006700000000000234e-02 8.444190753054847717e+09 4.003831449015770435e+09 1.277417308649301767e+09 1.277852068306040287e+09
5.009299999999999864e-02 5.009299999999999864e-02 6.505900000000000571e-02 8.516988992092099190e+09 4.076629688053033829e+09 1.214533029857649088e+09 1.214719094915911436e+09
5.009299999999999864e-02 5.009299999999999864e-02 7.005400000000000515e-02 8.416957666527757645e+09 3.976598362488687038e+09 1.190163050379537821e+09 1.190213480908436775e+09
5.009299999999999864e-02 5.009299999999999864e-02 7.505299999999999472e-02 8.322175271865226746e+09 3.881815967826157093e+09 1.129950416018376827e+09 1.129697549020669937e+09
5.009299999999999864e-02 5.009299999999999864e-02 8.005400000000000016e-02 8.257328370681114197e+09 3.816969066642022610e+09 1.080283990816132307e+09 1.079940491374683619e+09
5.009299999999999864e-02 5.507800000000000196e-02 5.507800000000000196e-02 8.424345715074764252e+09 3.983986411035687447e+09 1.289445017199116468e+09 1.289610960287551165e+09
5.009299999999999864e-02 5.507800000000000196e-02 6.006700000000000234e-02 8.381314990483671188e+09 3.940955686444592953e+09 8.649871537832213640e+08 8.653398948597446680e+08
5.009299999999999864e-02 5.507800000000000196e-02 6.505900000000000571e-02 8.339637095975760460e+09 3.899277791936684608e+09 7.967192627909225225e+08 7.965953477261960506e+08
5.009299999999999864e-02 5.507800000000000196e-02 7.005400000000000515e-02 8.226346778647576332e+09 3.785987474608490944e+09 7.945255746918855906e+08 7.942934829456000328e+08
5.009299999999999864e-02 5.507800000000000196e-02 7.505299999999999472e-02 8.165092727080265045e+09 3.724733423041181087e+09 7.529079512940577269e+08 7.524944873271003962e+08
5.009299999999999864e-02 5.507800000000000196e-02 8.005400000000000016e-02 8.142465910359736443e+09 3.702106606320650101e+09 7.610020712304860353e+08 7.602699099668720961e+08
5.009299999999999864e-02 6.006700000000000234e-02 6.006700000000000234e-02 8.300099212314897537e+09 3.859739908275822163e+09 1.078206721731384993e+09 1.078749545108898878e+09
5.009299999999999864e-02 6.006700000000000234e-02 6.505900000000000571e-02 8.254251995849052429e+09 3.813892691809974194e+09 7.924292568289886713e+08 7.922362805647490025e+08
5.009299999999999864e-02 6.006700000000000234e-02 7.005400000000000515e-02 8.130558441753104210e+09 3.690199137714027882e+09 7.119364929993604422e+08 7.113271607423737049e+08
5.009299999999999864e-02 6.006700000000000234e-02 7.505299999999999472e-02 8.096734669050138474e+09 3.656375365011073589e+09 6.966099155308679342e+08 6.960672094612301588e+08
5.009299999999999864e-02 6.006700000000000234e-02 8.005400000000000016e-02 8.013080716647153854e+09 3.572721412608069420e+09 6.940800074300998449e+08 6.937801808864885569e+08
5.009299999999999864e-02 6.505900000000000571e-02 6.505900000000000571e-02 8.147516335137401581e+09 3.707157031098319054e+09 1.009803907785412073e+09 1.009293435282550335e+09
5.009299999999999864e-02 6.505900000000000571e-02 7.005400000000000515e-02 8.013100762500295639e+09 3.572741458461211681e+09 7.226604337454687357e+08 7.226265554229327440e+08
5.009299999999999864e-02 6.505900000000000571e-02 7.505299999999999472e-02 7.991461525763197899e+09 3.551102221724113464e+09 6.871020152253526449e+08 6.871614165260540247e+08
5.009299999999999864e-02 6.505900000000000571e-02 8.005400000000000016e-02 7.903283674054980278e+09 3.462924370015906334e+09 6.475037585103167295e+08 6.478834563650430441e+08
5.009299999999999864e-02 7.005400000000000515e-02 7.005400000000000515e-02 8.005325458799699783e+09 3.564966154760621548e+09 1.010358195773605227e+09 1.010758398874634027e+09
5.009299999999999864e-02 7.005400000000000515e-02 7.505299999999999472e-02 7.860611300555253983e+09 3.420251996516155243e+09 6.475886807470234632e+08 6.473566395337291956e+08
5.009299999999999864e-02 7.005400000000000515e-02 8.005400000000000016e-02 7.813832484899658203e+09 3.373473180860582829e+09 6.367429233025652170e+08 6.362426533340232372e+08
5.009299999999999864e-02 7.505299999999999472e-02 7.505299999999999472e-02 7.758917723670652390e+09 3.318558419631572723e+09 8.833950984903762341e+08 8.832367818587619066e+08
5.009299999999999864e-02 7.505299999999999472e-02 8.005400000000000016e-02 7.686397410159059525e+09 3.246038106119976044e+09 6.224625738774718046e+08 6.223823143300628662e+08
5.009299999999999864e-02 8.005400000000000016e-02 8.005400000000000016e-02 7.567441851695631027e+09 3.127082547656548023e+09 8.169042629934033155e+08 8.167913419316804409e+08
5.507800000000000196e-02 5.507800000000000196e-02 5.507800000000000196e-02 8.394599745201454163e+09 3.954240441162378788e+09 2.034517739368268967e+09 2.034832944392757654e+09
5.507800000000000196e-02 5.507800000000000196e-02 6.006700000000000234e-02 8.260501454831747055e+09 3.820142150792664051e+09 1.165100759936261654e+09 1.165027768448638916e+09
5.507800000000000196e-02 5.507800000000000196e-02 6.505900000000000571e-02 8.193475121544108391e+09 3.753115817505026340e+09 1.023486273130438209e+09 1.023823666508162737e+09
5.507800000000000196e-02 5.507800000000000196e-02 7.005400000000000515e-02 8.041544535473430634e+09 3.601185231434352875e+09 1.036906719163415909e+09 1.036992934675402641e+09
5.507800000000000196e-02 5.507800000000000196e-02 7.505299999999999472e-02 8.039618629724149704e+09 3.599259325685075283e+09 1.002491635055447578e+09 1.002446469976002693e+09
5.507800000000000196e-02 5.507800000000000196e-02 8.005400000000000016e-02 7.941861232893166542e+09 3.501501928854080200e+09 9.423403306811461449e+08 9.425870009364045858e+08
5.507800000000000196e-02 6.006700000000000234e-02 6.006700000000000234e-02 8.164477603856480598e+09 3.724118299817388535e+09 1.099571828110180616e+09 1.099463096215847254e+09
5.507800000000000196e-02 6.006700000000000234e-02 6.505900000000000571e-02 8.086470971762070656e+09 3.646111667722998142e+09 7.474949356982697248e+08 7.474464108711587191e+08
5.507800000000000196e-02 6.006700000000000234e-02 7.005400000000000515e-02 7.983552464283300400e+09 3.543193160244227409e+09 7.227703733353520632e+08 7.224926351306921244e+08
5.507800000000000196e-02 6.006700000000000234e-02 7.505299999999999472e-02 7.938927009180128098e+09 3.498567705141048908e+09 6.904635716758711338e+08 6.896284865872734785e+08
5.507800000000000196e-02 6.006700000000000234e-02 8.005400000000000016e-02 7.859448433799788475e+09 3.419089129760710716e+09 6.626890449541170597e+08 6.623399392864514589e+08
5.507800000000000196e-02 6.505900000000000571e-02 6.505900000000000571e-02 8.047167719409618378e+09 3.606808415370546818e+09 9.429423634427251816e+08 9.422445676092443466e+08
5.507800000000000196e-02 6.505900000000000571e-02 7.005400000000000515e-02 7.921681553033011436e+09 3.481322248993934631e+09 6.774853187216242552e+08 6.777188552372859716e+08
5.507800000000000196e-02 6.505900000000000571e-02 7.505299999999999472e-02 7.859144720628766060e+09 3.418785416589687824e+09 6.457015010819156170e+08 6.455462497004200220e+08
5.507800000000000196e-02 6.505900000000000571e-02 8.005400000000000016e-02 7.766564298164599419e+09 3.326204994125505447e+09 6.334465487532299757e+08 6.329964724704190493e+08
5.507800000000000196e-02 7.005400000000000515e-02 7.005400000000000515e-02 7.829225115315166473e+09 3.388865811276096344e+09 9.206324476246664524e+08 9.204768335944544077e+08
5.507800000000000196e-02 7.005400000000000515e-02 7.505299999999999472e-02 7.774827541494222641e+09 3.334468237455145359e+09 6.298586486443592310e+08 6.295156222742452621e+08
5.507800000000000196e-02 7.005400000000000515e-02 8.005400000000000016e-02 7.653642768490294456e+09 3.213283464451215267e+09 6.026599050269566774e+08 6.023933231101307869e+08
5.507800000000000196e-02 7.505299999999999472e-02 7.505299999999999472e-02 7.655935806951872826e+09 3.215576502912795067e+09 8.508157264177533388e+08 8.507378730632308722e+08
5.507800000000000196e-02 7.505299999999999472e-02 8.005400000000000016e-02 7.573976816047874451e+09 3.133617512008808136e+09 5.889493123467160463e+08 5.886210395635914803e+08
5.507800000000000196e-02 8.005400000000000016e-02 8.005400000000000016e-02 7.414015578019255638e+09 2.973656273980172634e+09 7.718288024750310183e+08 7.718216295181100368e+08
6.006700000000000234e-02 6.006700000000000234e-02 6.006700000000000234e-02 8.151426471112815857e+09 3.711067167073722839e+09 1.704645698499388456e+09 1.704512401011701584e+09
6.006700000000000234e-02 6.006700000000000234e-02 6.505900000000000571e-02 7.973308540715775490e+09 3.532949236676702499e+09 9.583925074088742733e+08 9.583731853220987320e+08
6.006700000000000234e-02 6.006700000000000234e-02 7.005400000000000515e-02 7.874079201980312347e+09 3.433719897941234589e+09 9.435144143600127697e+08 9.435413861151314974e+08
6.006700000000000234e-02 6.006700000000000234e-02 7.505299999999999472e-02 7.825695754569518089e+09 3.385336450530438423e+09 8.908069645032551289e+08 8.907026183277643919e+08
6.006700000000000234e-02 6.006700000000000234e-02 8.005400000000000016e-02 7.784236712586756706e+09 3.343877408547681808e+09 8.717916479305132627e+08 8.721366287144891024e+08
6.006700000000000234e-02 6.505900000000000571e-02 6.505900000000000571e-02 7.881994080963929176e+09 3.441634776924857616e+09 9.259233674579955339e+08 9.255322365179922581e+08
6.006700000000000234e-02 6.505900000000000571e-02 7.005400000000000515e-02 7.830357942448719978e+09 3.389998638409638405e+09 6.594187147295846939e+08 6.588797367918004990e+08
6.006700000000000234e-02 6.505900000000000571e-02 7.505299999999999472e-02 7.733502639151239395e+09 3.293143335112165928e+09 6.157740593711771965e+08 6.153980409589291811e+08
6.006700000000000234e-02 6.505900000000000571e-02 8.005400000000000016e-02 7.649849093983064651e+09 3.209489789943988323e+09 6.003690101805390120e+08 6.004453153796300888e+08
6.006700000000000234e-02 7.005400000000000515e-02 7.005400000000000515e-02 7.742484503668481827e+09 3.302125199629408360e+09 8.459149427187311649e+08 8.452765068962881565e+08
6.006700000000000234e-02 7.005400000000000515e-02 7.505299999999999472e-02 7.683196980015848160e+09 3.242837675976772785e+09 6.058150572307912111e+08 6.055422296174420118e+08
6.006700000000000234e-02 7.005400000000000515e-02 8.005400000000000016e-02 7.568367328427664757e+09 3.128008024388566494e+09 5.474038692293970585e+08 5.467826615980424881e+08
6.006700000000000234e-02 7.505299999999999472e-02 7.505299999999999472e-02 7.532485324910089493e+09 3.092126020871008396e+09 7.770420384144995213e+08 7.769890264535818100e+08
6.006700000000000234e-02 7.505299999999999472e-02 8.005400000000000016e-02 7.483313147006443024e+09 3.042953842967362404e+09 5.252439553061360717e+08 5.253250930760354996e+08
6.006700000000000234e-02 8.005400000000000016e-02 8.005400000000000016e-02 7.370179060235336304e+09 2.929819756196255684e+09 7.290271034477928877e+08 7.289169933399600983e+08
6.505900000000000571e-02 6.505900000000000571e-02 6.505900000000000571e-02 7.796821703680113792e+09 3.356462399641046524e+09 1.533710112660351276e+09 1.533457578728937864e+09
6.505900000000000571e-02 6.505900000000000571e-02 7.005400000000000515e-02 7.714679113191767693e+09 3.274319809152678013e+09 8.541230498913513422e+08 8.538072602508002520e+08
6.505900000000000571e-02 6.505900000000000571e-02 7.505299999999999472e-02 7.673336276819016457e+09 3.232976972779934406e+09 7.894111456402677298e+08 7.891197590919487476e+08
6.505900000000000571e-02 6.505900000000000571e-02 8.005400000000000016e-02 7.563887699048670769e+09 3.123528395009600639e+09 8.056922980048621893e+08 8.048748273027865887e+08
6.505900000000000571e-02 7.005400000000000515e-02 7.005400000000000515e-02 7.661017534984630585e+09 3.220658230945551395e+09 8.375320643101140261e+08 8.371406510037291050e+08
6.505900000000000571e-02 7.005400000000000515e-02 7.505299999999999472e-02 7.568848562198566437e+09 3.128489258159486294e+09 5.459452720124295950e+08 5.460498143310476542e+08
6.505900000000000571e-02 7.005400000000000515e-02 8.005400000000000016e-02 7.470094411512053490e+09 3.029735107472969055e+09 5.297452881931200624e+08 5.291911674741277099e+08
6.505900000000000571e-02 7.505299999999999472e-02 7.505299999999999472e-02 7.480974459247701645e+09 3.040615155208626747e+09 7.654686588174308538e+08 7.654539738945707083e+08
6.505900000000000571e-02 7.505299999999999472e-02 8.005400000000000016e-02 7.392396830179267883e+09 2.952037526140194416e+09 5.305683344282415509e+08 5.299964209173222780e+08
6.505900000000000571e-02 8.005400000000000016e-02 8.005400000000000016e-02 7.279954556486086845e+09 2.839595252446992397e+09 6.787260768164917231e+08 6.784389367547978163e+08
7.005400000000000515e-02 7.005400000000000515e-02 7.005400000000000515e-02 7.549880961863337517e+09 3.109521657824263573e+09 1.385739108569215775e+09 1.385503712603227854e+09
7.005400000000000515e-02 7.005400000000000515e-02 7.505299999999999472e-02 7.448787093165307045e+09 3.008427789126212597e+09 7.914119577618858814e+08 7.912912615300954580e+08
7.005400000000000515e-02 7.005400000000000515e-02 8.005400000000000016e-02 7.360810942313328743e+09 2.920451638274238110e+09 7.202185891296619177e+08 7.198856336027362347e+08
7.005400000000000515e-02 7.505299999999999472e-02 7.505299999999999472e-02 7.382895859544714928e+09 2.942536555505639553e+09 7.545265363907439709e+08 7.545193079420957565e+08
7.005400000000000515e-02 7.505299999999999472e-02 8.005400000000000016e-02 7.279478004547254562e+09 2.839118700508174896e+09 5.064688531660293341e+08 5.059331712775420547e+08
7.005400000000000515e-02 8.005400000000000016e-02 8.005400000000000016e-02 7.207504388420391083e+09 2.767145084381309509e+09 6.787862276004655361e+08 6.784613017093977928e+08
7.505299999999999472e-02 7.505299999999999472e-02 7.505299999999999472e-02 7.264292576299138069e+09 2.823933272260053635e+09 1.183734965726248741e+09 1.183669041501445293e+09
7.505299999999999472e-02 7.505299999999999472e-02 8.005400000000000016e-02 7.159243535058300018e+09 2.718884231019220829e+09 6.694752053014303446e+08 6.691580512173025608e+08
7.505299999999999472e-02 8.005400000000000016e-02 8.005400000000000016e-02 7.724232065476454735e+09 3.317443397812366486e+09 4.406788667664088249e+09 6.983830031992040634e+09
8.005400000000000016e-02 8.005400000000000016e-02 8.005400000000000016e-02 7.723146709881692886e+09 3.316358042217604637e+09 4.406788667664088249e+09 7.453654103994709015e+09