# Bispectrum monopole for NGC EZmock_shuffled, rebinned to s=2*kf 
# Subtracted SN: kindep 
# k1-eff k2-eff k3-eff B0 B0-BSN BSN N_tr
8.398341564699219816e-03 9.675989347270021190e-03 1.006495016666919540e-02 1.286324916853296852e+10 8.364670296980950356e+09 4.498578871552018166e+09 2.519241599999905378e+07
9.660816001471190378e-03 1.035486758812938397e-02 1.706745366152690596e-02 1.280701006671502113e+10 8.308431195163002968e+09 4.498578871552018166e+09 4.380962199999980628e+07
9.007772119436810096e-03 1.748944601386441186e-02 1.892607400560244318e-02 1.369320488165704727e+10 9.194626010105030060e+09 4.498578871552018166e+09 1.891255199999869764e+08
1.705150801613055170e-02 1.840421476683739427e-02 1.942570676309797462e-02 1.444876298144816780e+10 9.950184109896148682e+09 4.498578871552018166e+09 3.176460239999594688e+08
1.037300000000000028e-02 1.037300000000000028e-02 2.516699999999999840e-02 1.434910891484627151e+10 9.850530043294254303e+09 4.498578871552018166e+09 9.196640000000000000e+05
9.769466448900455957e-03 1.927894589043359364e-02 2.658851437906784715e-02 1.438339278006811523e+10 9.884813908516098022e+09 4.498578871552018166e+09 1.705401939999844134e+08
1.753799181603130086e-02 1.924126451164290957e-02 2.771166263083434111e-02 1.478092453809569168e+10 1.028234566654367447e+10 4.498578871552018166e+09 6.884498459998869896e+08
9.010971687876262459e-03 2.721676800270491844e-02 2.868675685440364234e-02 1.302984651487444115e+10 8.531267643322422981e+09 4.498578871552018166e+09 4.639415299999613166e+08
1.807293265473559549e-02 2.711679262636211563e-02 2.875705549350546578e-02 1.349571391060500336e+10 8.997135039052986145e+09 4.498578871552018166e+09 1.155257352000113010e+09
2.674763747754897378e-02 2.807730597274577661e-02 2.919598274312169145e-02 1.303043106383870125e+10 8.531852192286683083e+09 4.498578871552018166e+09 1.215319223999924898e+09
1.037300000000000028e-02 2.019699999999999968e-02 3.511100000000000332e-02 1.515216046721574020e+10 1.065358159566372299e+10 4.498578871552018166e+09 2.479974000000966247e+06
1.913500356436552419e-02 2.016242681516488069e-02 3.664189709052645405e-02 1.509501451747717094e+10 1.059643564592515182e+10 4.498578871552018166e+09 4.071720179999631643e+08
9.772877285543822221e-03 2.912123895628882658e-02 3.647074903253251510e-02 1.316669398996345139e+10 8.668115118411434174e+09 4.498578871552018166e+09 3.591965560000259876e+08
1.822672198381799363e-02 2.801471471023281659e-02 3.763700367554294324e-02 1.354515403293358421e+10 9.046575161381565094e+09 4.498578871552018166e+09 1.977407243999763012e+09
2.711676035383970423e-02 2.875704790598174534e-02 3.776642144568349152e-02 1.255767315867860222e+10 8.059094287126584053e+09 4.498578871552018166e+09 2.473249391999893665e+09
9.012075274429445781e-03 3.709151422881353660e-02 3.857191632274036691e-02 1.143156444114121246e+10 6.932985569589194298e+09 4.498578871552018166e+09 8.611336980001258850e+08
1.807294225032121324e-02 3.699437271235454794e-02 3.864657612089376915e-02 1.225570392303910828e+10 7.757125051487090111e+09 4.498578871552018166e+09 2.145163512000166655e+09
2.786623562463268547e-02 3.699435452042212913e-02 3.864660570237683779e-02 1.159723405814835739e+10 7.098655186596339226e+09 4.498578871552018166e+09 3.368413728000030041e+09
3.661163047499783885e-02 3.792802131429769130e-02 3.908288250127824048e-02 1.083824051482987976e+10 6.339661643277861595e+09 4.498578871552018166e+09 3.070398744000339031e+09
2.019699999999999968e-02 2.019699999999999968e-02 4.509299999999999420e-02 1.583719166521384239e+10 1.133861279366182327e+10 4.498578871552018166e+09 6.102269999995147809e+06
1.037300000000000028e-02 3.013699999999999712e-02 4.509300000000000114e-02 1.425223237063351822e+10 9.753653499081501007e+09 4.498578871552018166e+09 4.731566000000000000e+06
1.932819369106517429e-02 2.917018583858475150e-02 4.634888460612580918e-02 1.377890572457301521e+10 9.280326853020996094e+09 4.498578871552018166e+09 9.557950660002288818e+08
2.727701673116906395e-02 2.903445806522206296e-02 4.753683441137734889e-02 1.263269054184820366e+10 8.134111670296185493e+09 4.498578871552018166e+09 2.901448181999773502e+09
9.774238265697234376e-03 3.904017987234259524e-02 4.640957192072723420e-02 1.178906697241259193e+10 7.290488100860573769e+09 4.498578871552018166e+09 6.166410260000486374e+08
1.823018289924571711e-02 3.791602596736583924e-02 4.758342700741843151e-02 1.228586031728359222e+10 7.787281445731574059e+09 4.498578871552018166e+09 3.417948955999862671e+09
2.786621561751959422e-02 3.776647999135785555e-02 4.771836661248517186e-02 1.125879542970789719e+10 6.760216558155879021e+09 4.498578871552018166e+09 5.693742263999706268e+09
3.699435683659038632e-02 3.864657759467895332e-02 4.771836190375907533e-02 1.046818639314738083e+10 5.969607521595362663e+09 4.498578871552018166e+09 5.830351151999110222e+09
9.013294123073150449e-03 4.702517105204426229e-02 4.851262417833394902e-02 1.040156706397181511e+10 5.902988192419796944e+09 4.498578871552018166e+09 1.386376272000214100e+09
1.807292522275598043e-02 4.692946564494820949e-02 4.859052737281779194e-02 1.127428484219933701e+10 6.775705970647318840e+09 4.498578871552018166e+09 3.455409719999726295e+09
2.786622830174681487e-02 4.692947691749028982e-02 4.859057121612455482e-02 1.062845034756840134e+10 6.129871476016383171e+09 4.498578871552018166e+09 5.425851240000186920e+09
3.776646439997238813e-02 4.692947541024147101e-02 4.859055284720832646e-02 9.884225378998929977e+09 5.385646507446911812e+09 4.498578871552018166e+09 7.397584679999892235e+09
4.653700936533062410e-02 4.784310940035505638e-02 4.902446718121982600e-02 9.382912516514156342e+09 4.884333644962138176e+09 4.498578871552018166e+09 6.271515336000101089e+09
2.019699999999999968e-02 3.013700000000000059e-02 5.507799999999999502e-02 1.344258849002858543e+10 8.944009618476566315e+09 4.498578871552018166e+09 1.074212600000114739e+07
2.897141308722350761e-02 3.009607270733323167e-02 5.652618949539398724e-02 1.251093039043647575e+10 8.012351518884457588e+09 4.498578871552018166e+09 1.435418317999940634e+09
1.037300000000000201e-02 4.009599999999999970e-02 5.507800000000000196e-02 1.338779196113131332e+10 8.889213089579296112e+09 4.498578871552018166e+09 7.492951999984947033e+06
1.933486113636370685e-02 3.909660055872501289e-02 5.631321842830692287e-02 1.238911852675650978e+10 7.890539655204491615e+09 4.498578871552018166e+09 1.555364714000072956e+09
2.802761869719408439e-02 3.792542611328370006e-02 5.753945240450314413e-02 1.147692599298989868e+10 6.978347121437880516e+09 4.498578871552018166e+09 6.454788572000087738e+09
3.699437780055986336e-02 3.864657502525823546e-02 5.768335257959456008e-02 1.030269059381374359e+10 5.804111722261725426e+09 4.498578871552018166e+09 7.037663928001433372e+09
9.774775000470420014e-03 4.900749515951727947e-02 5.638112906783479539e-02 1.090085419821201515e+10 6.402275326659996986e+09 4.498578871552018166e+09 9.430813220003142357e+08
1.823103143468384271e-02 4.786748334003219918e-02 5.754724826620482431e-02 1.128829224804667664e+10 6.789713376494658470e+09 4.498578871552018166e+09 5.236199179999620438e+09
2.786622894390155050e-02 4.771836383406631577e-02 5.768335810992099300e-02 1.048876971903050423e+10 5.990190847478486061e+09 4.498578871552018166e+09 8.725208256000194550e+09
3.776645954310601377e-02 4.771836707318449777e-02 5.768334785581134133e-02 9.643342523469247818e+09 5.144763651917229652e+09 4.498578871552018166e+09 1.189582401599917793e+10
4.692945603807774368e-02 4.859055517599110419e-02 5.768336469327486893e-02 9.109702596808013916e+09 4.611123725255995750e+09 4.498578871552018166e+09 1.133615340000019836e+10
9.012572448048554799e-03 5.698453108367366321e-02 5.847100787512296560e-02 9.817529409360170364e+09 5.318950537808152199e+09 4.498578871552018166e+09 2.020378265999703646e+09
1.807293081509465937e-02 5.689091039031309721e-02 5.854952619525703728e-02 1.060114044622311592e+10 6.102561574671097755e+09 4.498578871552018166e+09 5.033640624000537872e+09
2.786623240345638408e-02 5.689089196159881345e-02 5.854951871692279375e-02 9.985935613890085220e+09 5.487356742338067055e+09 4.498578871552018166e+09 7.904096040000282288e+09
3.776645680021260831e-02 5.689089901918542580e-02 5.854952810412170777e-02 9.292931761531078339e+09 4.794352889979060173e+09 4.498578871552018166e+09 1.077636722399867630e+10
4.771837656328652838e-02 5.689088831616549713e-02 5.854950428419727904e-02 8.803041070886541367e+09 4.304462199334523201e+09 4.498578871552018166e+09 1.368109473600340271e+10
5.649623339234694647e-02 5.779377503475290750e-02 5.898090588246621829e-02 8.524386924579521179e+09 4.025808053027503014e+09 4.498578871552018166e+09 1.102377266399968719e+10
3.013700000000000059e-02 3.013700000000000059e-02 6.505900000000000571e-02 1.206448080633915710e+10 7.565901934787138939e+09 4.498578871552018166e+09 1.889304599998866394e+07
2.019699999999999968e-02 4.009599999999999970e-02 6.505900000000000571e-02 1.230210100664657402e+10 7.803522135094555855e+09 4.498578871552018166e+09 1.698025399999034405e+07
2.919131725795807639e-02 3.911096740258993010e-02 6.626078120357706269e-02 1.140184745007905197e+10 6.903268578527033806e+09 4.498578871552018166e+09 2.788518772000057220e+09
3.715718049369746284e-02 3.893400854725139609e-02 6.745825485089372575e-02 1.050839393257069969e+10 6.009815061018681526e+09 4.498578871552018166e+09 7.610347164000539780e+09
1.037300000000000028e-02 5.009300000000000558e-02 6.505900000000000571e-02 1.134302253582448959e+10 6.844443664272471428e+09 4.498578871552018166e+09 1.142022199999808148e+07
1.933340078342539112e-02 4.906293838686714287e-02 6.628005554992688619e-02 1.141345281231222153e+10 6.914873940760203362e+09 4.498578871552018166e+09 2.315852702000510216e+09
2.802895577286029435e-02 4.787732722120262990e-02 6.750493088654761775e-02 1.062093496819095230e+10 6.122356096638934135e+09 4.498578871552018166e+09 9.622390844000360489e+09
3.776645820770746509e-02 4.771836357059209416e-02 6.765120140326687237e-02 9.602058987681341171e+09 5.103480116129323006e+09 4.498578871552018166e+09 1.397596536000044441e+10
4.692948775838578362e-02 4.859055730803477080e-02 6.765120753113164354e-02 9.019500341923652649e+09 4.520921470371634483e+09 4.498578871552018166e+09 1.331852090400264168e+10
9.775043468324437143e-03 5.896851563035509364e-02 6.634493878427427660e-02 1.014352460942171860e+10 5.644945737869700432e+09 4.498578871552018166e+09 1.337085404000212193e+09
1.823094050409425695e-02 5.783092715496899322e-02 6.751411161013425033e-02 1.066870340568860245e+10 6.170124534136584282e+09 4.498578871552018166e+09 7.426391827999759674e+09
2.786622085063100371e-02 5.768335860321664038e-02 6.765119186219975544e-02 9.918544166871105194e+09 5.419965295319087029e+09 4.498578871552018166e+09 1.237353059999881935e+10
3.776646115584233326e-02 5.768335222359245035e-02 6.765120624464049381e-02 9.145744598251935959e+09 4.647165726699917793e+09 4.498578871552018166e+09 1.686991581600135803e+10
4.771836371206816113e-02 5.768335278651379183e-02 6.765120402324088789e-02 8.614128837458889008e+09 4.115549965906870842e+09 4.498578871552018166e+09 2.141709523200159454e+10
5.689090162343233420e-02 5.854953176252433028e-02 6.765120073483504859e-02 8.326147644538091660e+09 3.827568772986073494e+09 4.498578871552018166e+09 1.940158500000196075e+10
9.013022946157222756e-03 6.694474886557071069e-02 6.843361671529216150e-02 9.358133000398887634e+09 4.859554128846869469e+09 4.498578871552018166e+09 2.787670674000238895e+09
1.807293642313794954e-02 6.685180309967493628e-02 6.851361922650417435e-02 1.014299606645931816e+10 5.644417194907299995e+09 4.498578871552018166e+09 6.946702728000071526e+09
2.786623186404482352e-02 6.685181535123256580e-02 6.851362208173762680e-02 9.606338658528390884e+09 5.107759786976372719e+09 4.498578871552018166e+09 1.090813430400011826e+10
3.776646733677255230e-02 6.685180312101923761e-02 6.851360846322916698e-02 8.906043979321561813e+09 4.407465107769543648e+09 4.498578871552018166e+09 1.487201589599840164e+10
4.771836657957951450e-02 6.685180546787740374e-02 6.851362060138936616e-02 8.421041903708501816e+09 3.922463032156483650e+09 4.498578871552018166e+09 1.888061800799886322e+10
5.768334303821216064e-02 6.685180200077710244e-02 6.851362065032066961e-02 8.141654927864540100e+09 3.643076056312521935e+09 4.498578871552018166e+09 2.279017821600083542e+10
6.645326330637520151e-02 6.774563529496797909e-02 6.894357582077086100e-02 7.913042501637395859e+09 3.414463630085377693e+09 4.498578871552018166e+09 1.786738464000071716e+10
3.013700000000000059e-02 4.009599999999999970e-02 7.505300000000000860e-02 1.095337914635573006e+10 6.454800274803711891e+09 4.498578871552018166e+09 2.882988599993127957e+07
3.888997177447325176e-02 4.005342174840749447e-02 7.645749901707461771e-02 1.022556294557598877e+10 5.726984074023970604e+09 4.498578871552018166e+09 3.492602334000365257e+09
2.019699999999999968e-02 5.009299999999999864e-02 7.505299999999999472e-02 1.137959335797317123e+10 6.881014486421153069e+09 4.498578871552018166e+09 2.498352199997841939e+07
2.919190358134882146e-02 4.908006738761425819e-02 7.624113995356579521e-02 1.053237802240034294e+10 6.033799150848324776e+09 4.498578871552018166e+09 4.049160249999983788e+09
3.793165808232015768e-02 4.788220292340825135e-02 7.748309195872016275e-02 9.694778902297985077e+09 5.196200030745966911e+09 4.498578871552018166e+09 1.504774021199899864e+10
4.692946817582795832e-02 4.859055703014088234e-02 7.763486144426497149e-02 8.954927610023727417e+09 4.456348738471709251e+09 4.498578871552018166e+09 1.530657443999542046e+10
1.037300000000000028e-02 6.006700000000000234e-02 7.505299999999998084e-02 1.024277557123763275e+10 5.744196699685614586e+09 4.498578871552018166e+09 1.560097399997570179e+07
1.933578202652998929e-02 5.902694947875414266e-02 7.625787883384381460e-02 1.081867961552386856e+10 6.320100743971850395e+09 4.498578871552018166e+09 3.202007018000857830e+09
2.802975916873207823e-02 5.784155130968569869e-02 7.748689626396917940e-02 1.006537730031463814e+10 5.566798428762619972e+09 4.498578871552018166e+09 1.334507572400167084e+10
3.776646394375002963e-02 5.768335587954808580e-02 7.763487258935215796e-02 9.103560901275548935e+09 4.604982029723530769e+09 4.498578871552018166e+09 1.938820557600022125e+10
4.771836415744134391e-02 5.768335675103189453e-02 7.763486706143622740e-02 8.498824955945590973e+09 4.000246084393572807e+09 4.498578871552018166e+09 2.461411190399800110e+10
5.689089465803887774e-02 5.854951288383115210e-02 7.763486957457126081e-02 8.177444628145892143e+09 3.678865756593873978e+09 4.498578871552018166e+09 2.229787571999283218e+10
9.775381103274683597e-03 6.894277574613433268e-02 7.632465884886796559e-02 9.733076308015790939e+09 5.234497436463772774e+09 4.498578871552018166e+09 1.800602450000099182e+09
1.823214754076746616e-02 6.779934425408876142e-02 7.749577574117307022e-02 1.019578836223496437e+10 5.697209490682946205e+09 4.498578871552018166e+09 1.002222347600006485e+10
2.786621940080810308e-02 6.765120286458464749e-02 7.763487205767513610e-02 9.488147053943367004e+09 4.989568182391348839e+09 4.498578871552018166e+09 1.670725756799716568e+10
3.776645950324753614e-02 6.765120672652111256e-02 7.763486456655319112e-02 8.738876134826709747e+09 4.240297263274691582e+09 4.498578871552018166e+09 2.277845942399774933e+10
4.771837079925116826e-02 6.765120243927386090e-02 7.763486877720487955e-02 8.239466630282575607e+09 3.740887758730557442e+09 4.498578871552018166e+09 2.891827843200293732e+10
5.768335628604509546e-02 6.765120182170146490e-02 7.763486977126914101e-02 7.932659378745952606e+09 3.434080507193934441e+09 4.498578871552018166e+09 3.490617048000218201e+10
6.685180461926983064e-02 6.851362097709205734e-02 7.763487460459764233e-02 7.723366679745851517e+09 3.224787808193833351e+09 4.498578871552018166e+09 3.077226916800073624e+10
9.013437450486321001e-03 7.692208600468623814e-02 7.841310964730165145e-02 8.979329897797496796e+09 4.480751026245478630e+09 4.498578871552018166e+09 3.680892216000398636e+09
1.807294131382202254e-02 7.682964079014552305e-02 7.849427021255228620e-02 9.653170623422216415e+09 5.154591751870198250e+09 4.498578871552018166e+09 9.174316367998867035e+09
2.786622767250879901e-02 7.682962633551444764e-02 7.849427904437084047e-02 9.156353117861959457e+09 4.657774246309941292e+09 4.498578871552018166e+09 1.440601936799793816e+10
3.776645604056524941e-02 7.682962682475254212e-02 7.849427926353005902e-02 8.515057727886876106e+09 4.016478856334857941e+09 4.498578871552018166e+09 1.964097012000203323e+10
4.771835905836659814e-02 7.682963350654455070e-02 7.849427780423390288e-02 8.020995395902801514e+09 3.522416524350783348e+09 4.498578871552018166e+09 2.493506301600653839e+10
5.768334541020567197e-02 7.682962198304946200e-02 7.849427505333506083e-02 7.732125659075478554e+09 3.233546787523460388e+09 4.498578871552018166e+09 3.009827028000777435e+10
6.765120600066411305e-02 7.682963165339867784e-02 7.849427534250555394e-02 7.540422876984798431e+09 3.041844005432780266e+09 4.498578871552018166e+09 3.536135294399609375e+10
7.505300000000000860e-02 7.505300000000000860e-02 7.763488959492009789e-02 7.468164456651480675e+09 2.969585585099462509e+09 4.498578871552018166e+09 1.267489094400319290e+10
