# Bispectrum monopole for NGC data, rebinned to s=2*kf 
# Subtracted SN: kindep 
# k1-eff k2-eff k3-eff B0 B0-BSN BSN N_tr
8.398341564699709008e-03 9.675989347270114865e-03 1.006495016666915897e-02 1.485038655461154747e+10 1.044359788694746017e+10 4.406788667664088249e+09 2.519241599999599904e+07
9.660816001471058539e-03 1.035486758812938397e-02 1.706745366152665269e-02 2.504017731259412766e+10 2.063338864493003845e+10 4.406788667664088249e+09 4.380962199999800324e+07
9.007772119436976629e-03 1.748944601386462350e-02 1.892607400560235298e-02 1.052642126919639015e+10 6.119632601532301903e+09 4.406788667664088249e+09 1.891255199999909997e+08
1.705150801613052394e-02 1.840421476683709243e-02 1.942570676309836666e-02 1.230659558747972107e+10 7.899806919815632820e+09 4.406788667664088249e+09 3.176460240001639724e+08
1.037300000000000028e-02 1.037300000000000028e-02 2.516699999999999840e-02 -1.874448456032595825e+10 -2.315127322799004745e+10 4.406788667664088249e+09 9.196639999979999848e+05
9.769466448901000660e-03 1.927894589043287199e-02 2.658851437906803103e-02 6.860599986679986954e+09 2.453811319015898705e+09 4.406788667664088249e+09 1.705401940000199974e+08
1.753799181603146046e-02 1.924126451164320101e-02 2.771166263083398029e-02 1.759848908532583618e+10 1.319170041766174698e+10 4.406788667664088249e+09 6.884498459997820854e+08
9.010971687876187866e-03 2.721676800270448823e-02 2.868675685440293457e-02 1.253595453998108292e+10 8.129165872316994667e+09 4.406788667664088249e+09 4.639415299999450445e+08
1.807293265473472119e-02 2.711679262636154317e-02 2.875705549350536169e-02 1.376170456935853195e+10 9.354915901694442749e+09 4.406788667664088249e+09 1.155257351999475002e+09
2.674763747754883153e-02 2.807730597274563783e-02 2.919598274312141042e-02 9.506858059366224289e+09 5.100069391702136040e+09 4.406788667664088249e+09 1.215319223999819994e+09
1.037300000000000028e-02 2.019699999999999968e-02 3.511100000000000332e-02 1.728982536421807480e+10 1.288303669655398560e+10 4.406788667664088249e+09 2.479973999997000210e+06
1.913500356436590236e-02 2.016242681516495008e-02 3.664189709052624588e-02 1.139001561918594360e+10 6.983226951521855354e+09 4.406788667664088249e+09 4.071720179999829531e+08
9.772877285543780587e-03 2.912123895628971129e-02 3.647074903253253592e-02 7.526572607155308723e+09 3.119783939491220474e+09 4.406788667664088249e+09 3.591965560000560284e+08
1.822672198381795200e-02 2.801471471023301782e-02 3.763700367554387305e-02 1.290887195672724915e+10 8.502083289063160896e+09 4.406788667664088249e+09 1.977407243999825954e+09
2.711676035383993669e-02 2.875704790598182514e-02 3.776642144568346376e-02 1.048681905003379822e+10 6.080030382369709969e+09 4.406788667664088249e+09 2.473249392000177860e+09
9.012075274430094568e-03 3.709151422881420967e-02 3.857191632274038773e-02 1.253907575283650589e+10 8.132287085172417641e+09 4.406788667664088249e+09 8.611336979999209642e+08
1.807294225032100507e-02 3.699437271235446467e-02 3.864657612089328342e-02 1.278582549557490921e+10 8.379036827910820961e+09 4.406788667664088249e+09 2.145163511999900818e+09
2.786623562463307405e-02 3.699435452042207362e-02 3.864660570237610226e-02 9.452114296966291428e+09 5.045325629302203178e+09 4.406788667664088249e+09 3.368413728000577927e+09
3.661163047499746415e-02 3.792802131429758028e-02 3.908288250127854579e-02 8.795698434586259842e+09 4.388909766922171593e+09 4.406788667664088249e+09 3.070398743999766350e+09
2.019699999999999968e-02 2.019699999999999968e-02 4.509300000000000808e-02 4.032268526066206360e+10 3.591589659299797821e+10 4.406788667664088249e+09 6.102269999995999970e+06
1.037300000000000028e-02 3.013699999999999712e-02 4.509300000000000114e-02 2.756672863075609589e+10 2.315993996309200668e+10 4.406788667664088249e+09 4.731566000004000030e+06
1.932819369106507368e-02 2.917018583858432129e-02 4.634888460612558714e-02 1.359313408751165962e+10 9.186345419847572327e+09 4.406788667664088249e+09 9.557950659999589920e+08
2.727701673116875170e-02 2.903445806522166744e-02 4.753683441137757093e-02 1.255879291653805161e+10 8.152004248873963356e+09 4.406788667664088249e+09 2.901448182000266075e+09
9.774238265697444278e-03 3.904017987234264381e-02 4.640957192072686643e-02 1.189836134063906479e+10 7.491572672974976540e+09 4.406788667664088249e+09 6.166410259998629093e+08
1.823018289924600160e-02 3.791602596736555475e-02 4.758342700741841763e-02 1.393545231513392639e+10 9.528663647469837189e+09 4.406788667664088249e+09 3.417948956000230789e+09
2.786621561751961157e-02 3.776647999135759187e-02 4.771836661248489431e-02 1.020105322910059547e+10 5.794264561436507225e+09 4.406788667664088249e+09 5.693742264001055717e+09
3.699435683659018509e-02 3.864657759467934189e-02 4.771836190375947778e-02 9.726152887272274017e+09 5.319364219608185768e+09 4.406788667664088249e+09 5.830351152002368927e+09
9.013294123073584130e-03 4.702517105204404024e-02 4.851262417833394208e-02 8.947624679306138992e+09 4.540836011642050743e+09 4.406788667664088249e+09 1.386376271999896765e+09
1.807292522275616431e-02 4.692946564494847317e-02 4.859052737281770173e-02 1.003420246639319611e+10 5.627413798729107857e+09 4.406788667664088249e+09 3.455409720000634193e+09
2.786622830174832408e-02 4.692947691749033146e-02 4.859057121612437441e-02 1.006143612244224167e+10 5.654647454778153419e+09 4.406788667664088249e+09 5.425851239999817848e+09
3.776646439997232568e-02 4.692947541024210245e-02 4.859055284720859014e-02 9.711293478851211548e+09 5.304504811187123299e+09 4.406788667664088249e+09 7.397584679998954773e+09
4.653700936533086002e-02 4.784310940035465393e-02 4.902446718122012437e-02 8.069466427154237747e+09 3.662677759490149498e+09 4.406788667664088249e+09 6.271515336000639915e+09
2.019699999999999968e-02 3.013699999999999712e-02 5.507800000000000196e-02 2.160380517832886505e+10 1.719701651066477585e+10 4.406788667664088249e+09 1.074212599999500066e+07
2.897141308722381986e-02 3.009607270733324902e-02 5.652618949539427173e-02 1.260818398958638573e+10 8.201395321922297478e+09 4.406788667664088249e+09 1.435418318000092030e+09
1.037300000000000028e-02 4.009599999999999970e-02 5.507800000000000196e-02 -4.465549266029139519e+09 -8.872337933693227768e+09 4.406788667664088249e+09 7.492952000021999702e+06
1.933486113636385603e-02 3.909660055872538759e-02 5.631321842830606939e-02 1.173250452402519417e+10 7.325715856361105919e+09 4.406788667664088249e+09 1.555364713999823809e+09
2.802761869719466725e-02 3.792542611328346414e-02 5.753945240450286658e-02 1.123808046823048782e+10 6.831291800566399574e+09 4.406788667664088249e+09 6.454788571999610901e+09
3.699437780056064745e-02 3.864657502525863098e-02 5.768335257959535112e-02 9.789747234204216003e+09 5.382958566540127754e+09 4.406788667664088249e+09 7.037663927998706818e+09
9.774775000470050518e-03 4.900749515951687008e-02 5.638112906783427497e-02 1.243320415908218575e+10 8.026415491418097496e+09 4.406788667664088249e+09 9.430813220000209808e+08
1.823103143468338128e-02 4.786748334003215755e-02 5.754724826620476880e-02 1.024813651620856857e+10 5.841347848544480324e+09 4.406788667664088249e+09 5.236199180000187874e+09
2.786622894390124519e-02 4.771836383406621168e-02 5.768335810992172852e-02 1.077006360286036301e+10 6.363274935196274757e+09 4.406788667664088249e+09 8.725208255999029160e+09
3.776645954310565295e-02 4.771836707318369980e-02 5.768334785581091112e-02 9.016903272753282547e+09 4.610114605089194298e+09 4.406788667664088249e+09 1.189582401599816513e+10
4.692945603807699428e-02 4.859055517599111113e-02 5.768336469327350197e-02 8.146765987064525604e+09 3.739977319400437355e+09 4.406788667664088249e+09 1.133615340000055695e+10
9.012572448048730006e-03 5.698453108367357300e-02 5.847100787512319459e-02 1.179482854695316887e+10 7.388039879289080620e+09 4.406788667664088249e+09 2.020378265999973059e+09
1.807293081509449978e-02 5.689091039031331926e-02 5.854952619525800178e-02 9.583808733743293762e+09 5.177020066079205513e+09 4.406788667664088249e+09 5.033640624001888275e+09
2.786623240345549937e-02 5.689089196159964612e-02 5.854951871692298804e-02 9.552882877474781036e+09 5.146094209810692787e+09 4.406788667664088249e+09 7.904096039998716354e+09
3.776645680021253199e-02 5.689089901918483599e-02 5.854952810412067388e-02 8.676664224867603302e+09 4.269875557203515053e+09 4.406788667664088249e+09 1.077636722399880600e+10
4.771837656328718064e-02 5.689088831616520570e-02 5.854950428419800068e-02 8.805778505807859421e+09 4.398989838143771172e+09 4.406788667664088249e+09 1.368109473600038910e+10
5.649623339234555175e-02 5.779377503475139483e-02 5.898090588246513583e-02 9.127852334122512817e+09 4.721063666458424568e+09 4.406788667664088249e+09 1.102377266399637413e+10
3.013700000000000059e-02 3.013700000000000059e-02 6.505900000000000571e-02 9.659890618345411301e+09 5.253101950681323051e+09 4.406788667664088249e+09 1.889304599998199940e+07
2.019699999999999968e-02 4.009599999999999970e-02 6.505900000000000571e-02 1.160877515280734253e+10 7.201986485143254280e+09 4.406788667664088249e+09 1.698025399996599928e+07
2.919131725795870783e-02 3.911096740258980520e-02 6.626078120357543899e-02 1.156153731386843872e+10 7.154748646204350471e+09 4.406788667664088249e+09 2.788518772000984192e+09
3.715718049369731019e-02 3.893400854725156957e-02 6.745825485089348983e-02 7.838783363326466560e+09 3.431994695662378311e+09 4.406788667664088249e+09 7.610347163998291016e+09
1.037300000000000028e-02 5.009299999999999864e-02 6.505900000000000571e-02 2.477379683945766830e+10 2.036700817179357910e+10 4.406788667664088249e+09 1.142022200000399910e+07
1.933340078342451335e-02 4.906293838686787839e-02 6.628005554992787152e-02 1.004581566509067726e+10 5.639026997426589012e+09 4.406788667664088249e+09 2.315852701999106884e+09
2.802895577286010353e-02 4.787732722120256745e-02 6.750493088654771490e-02 1.051414722876587296e+10 6.107358561101784706e+09 4.406788667664088249e+09 9.622390844000846863e+09
3.776645820770654915e-02 4.771836357059259376e-02 6.765120140326720544e-02 9.442858944427927017e+09 5.036070276763838768e+09 4.406788667664088249e+09 1.397596536000046158e+10
4.692948775838572117e-02 4.859055730803468059e-02 6.765120753113071372e-02 9.309241194450603485e+09 4.902452526786515236e+09 4.406788667664088249e+09 1.331852090400091743e+10
9.775043468323859480e-03 5.896851563035502425e-02 6.634493878427329128e-02 8.534404895005864143e+09 4.127616227341775894e+09 4.406788667664088249e+09 1.337085404000108957e+09
1.823094050409437492e-02 5.783092715496881281e-02 6.751411161013431972e-02 1.031789877374350929e+10 5.911110106079421043e+09 4.406788667664088249e+09 7.426391828000502586e+09
2.786622085063071227e-02 5.768335860321666120e-02 6.765119186219988034e-02 9.639336413915363312e+09 5.232547746251275063e+09 4.406788667664088249e+09 1.237353060000009155e+10
3.776646115584203489e-02 5.768335222359225606e-02 6.765120624464010524e-02 8.851111289097620010e+09 4.444322621433531761e+09 4.406788667664088249e+09 1.686991581600171471e+10
4.771836371206846644e-02 5.768335278651363224e-02 6.765120402324124871e-02 9.145601565523536682e+09 4.738812897859448433e+09 4.406788667664088249e+09 2.141709523200159073e+10
5.689090162343098805e-02 5.854953176252351843e-02 6.765120073483532614e-02 8.532237972757710457e+09 4.125449305093622208e+09 4.406788667664088249e+09 1.940158499999925995e+10
9.013022946157597456e-03 6.694474886557040538e-02 6.843361671529248069e-02 1.240371242581955719e+10 7.996923758155468941e+09 4.406788667664088249e+09 2.787670674000002861e+09
1.807293642313740484e-02 6.685180309967517220e-02 6.851361922650436864e-02 9.284550882358264923e+09 4.877762214694176674e+09 4.406788667664088249e+09 6.946702728000325203e+09
2.786623186404537517e-02 6.685181535123330132e-02 6.851362208173764068e-02 9.978730381604667664e+09 5.571941713940579414e+09 4.406788667664088249e+09 1.090813430400104332e+10
3.776646733677322537e-02 6.685180312101898781e-02 6.851360846322913922e-02 9.430610135308717728e+09 5.023821467644629478e+09 4.406788667664088249e+09 1.487201589600112343e+10
4.771836657957893857e-02 6.685180546787708455e-02 6.851362060138972698e-02 9.068138290818241119e+09 4.661349623154152870e+09 4.406788667664088249e+09 1.888061800799887848e+10
5.768334303821143899e-02 6.685180200077829593e-02 6.851362065032154391e-02 8.042077468368351936e+09 3.635288800704263687e+09 4.406788667664088249e+09 2.279017821600375366e+10
6.645326330637543744e-02 6.774563529496867298e-02 6.894357582077233204e-02 8.073505678656350136e+09 3.666717010992261887e+09 4.406788667664088249e+09 1.786738463999634552e+10
3.013700000000000059e-02 4.009599999999999970e-02 7.505299999999999472e-02 1.232786407575542259e+10 7.921075408091334343e+09 4.406788667664088249e+09 2.882988599988099933e+07
3.888997177447123255e-02 4.005342174840736957e-02 7.645749901707402096e-02 9.486460650108636856e+09 5.079671982444548607e+09 4.406788667664088249e+09 3.492602333998811722e+09
2.019699999999999968e-02 5.009299999999999864e-02 7.505299999999999472e-02 1.001656669404965782e+10 5.609778026385569572e+09 4.406788667664088249e+09 2.498352199994299933e+07
2.919190358134910249e-02 4.908006738761432758e-02 7.624113995356616991e-02 1.027304341114449120e+10 5.866254743480402946e+09 4.406788667664088249e+09 4.049160250001582146e+09
3.793165808231983849e-02 4.788220292340828604e-02 7.748309195872074562e-02 9.474073311303462982e+09 5.067284643639374733e+09 4.406788667664088249e+09 1.504774021199679947e+10
4.692946817582813179e-02 4.859055703014113214e-02 7.763486144426530455e-02 9.769456439947286606e+09 5.362667772283198357e+09 4.406788667664088249e+09 1.530657444000208473e+10
1.037300000000000028e-02 6.006700000000000234e-02 7.505299999999999472e-02 2.320614435675739670e+10 1.879935568909330750e+10 4.406788667664088249e+09 1.560097399994600005e+07
1.933578202652963193e-02 5.902694947875333081e-02 7.625787883384395338e-02 9.568131761751913071e+09 5.161343094087824821e+09 4.406788667664088249e+09 3.202007017998804092e+09
2.802975916873163068e-02 5.784155130968540726e-02 7.748689626396869368e-02 9.724086140894233704e+09 5.317297473230145454e+09 4.406788667664088249e+09 1.334507572400049019e+10
3.776646394374942595e-02 5.768335587954789151e-02 7.763487258935238000e-02 9.244603871715034485e+09 4.837815204050946236e+09 4.406788667664088249e+09 1.938820557600136566e+10
4.771836415744058757e-02 5.768335675103133942e-02 7.763486706143613025e-02 8.357482674251892090e+09 3.950694006587803841e+09 4.406788667664088249e+09 2.461411190399519348e+10
5.689089465803850998e-02 5.854951288383111047e-02 7.763486957457078896e-02 8.793528605134872437e+09 4.386739937470784187e+09 4.406788667664088249e+09 2.229787572000315094e+10
9.775381103274532676e-03 6.894277574613436044e-02 7.632465884886800722e-02 1.153566473152648926e+10 7.128876063862401009e+09 4.406788667664088249e+09 1.800602449999585152e+09
1.823214754076743840e-02 6.779934425408840060e-02 7.749577574117316736e-02 9.535481533588943481e+09 5.128692865924855232e+09 4.406788667664088249e+09 1.002222347600330544e+10
2.786621940080739879e-02 6.765120286458405074e-02 7.763487205767517774e-02 9.526705429025957108e+09 5.119916761361868858e+09 4.406788667664088249e+09 1.670725756800215721e+10
3.776645950324813289e-02 6.765120672652177869e-02 7.763486456655278867e-02 8.896647931128730774e+09 4.489859263464642525e+09 4.406788667664088249e+09 2.277845942399983978e+10
4.771837079925175806e-02 6.765120243927422172e-02 7.763486877720580936e-02 8.094386640341173172e+09 3.687597972677084923e+09 4.406788667664088249e+09 2.891827843199701309e+10
5.768335628604568527e-02 6.765120182170132612e-02 7.763486977126878019e-02 8.212423189632050514e+09 3.805634521967962265e+09 4.406788667664088249e+09 3.490617048000193024e+10
6.685180461926949758e-02 6.851362097709090548e-02 7.763487460459730927e-02 7.647664037366899490e+09 3.240875369702811241e+09 4.406788667664088249e+09 3.077226916800134659e+10
9.013437450486777233e-03 7.692208600468605773e-02 7.841310964730140165e-02 1.275977099953191566e+10 8.352982331867827415e+09 4.406788667664088249e+09 3.680892215999971390e+09
1.807294131382195662e-02 7.682964079014534264e-02 7.849427021255173109e-02 1.002824161239490509e+10 5.621452944730816841e+09 4.406788667664088249e+09 9.174316368000207901e+09
2.786622767250802185e-02 7.682962633551478071e-02 7.849427904437104864e-02 9.177235937173721313e+09 4.770447269509633064e+09 4.406788667664088249e+09 1.440601936800286484e+10
3.776645604056583921e-02 7.682962682475261151e-02 7.849427926353101659e-02 7.924709106883481026e+09 3.517920439219392776e+09 4.406788667664088249e+09 1.964097011999891281e+10
4.771835905836645242e-02 7.682963350654474499e-02 7.849427780423390288e-02 7.414622882584959984e+09 3.007834214920871735e+09 4.406788667664088249e+09 2.493506301599027252e+10
5.768334541020550543e-02 7.682962198305026691e-02 7.849427505333535227e-02 8.268753392824971199e+09 3.861964725160882950e+09 4.406788667664088249e+09 3.009827027999397278e+10
6.765120600066354406e-02 7.682963165339926070e-02 7.849427534250602578e-02 8.106080221397180557e+09 3.699291553733092308e+09 4.406788667664088249e+09 3.536135294398780823e+10
7.642786015386353327e-02 7.771605913631904339e-02 7.892307877028809093e-02 7.995500549188322067e+09 3.588711881524233818e+09 4.406788667664088249e+09 2.711237507998762131e+10
