# Bispectrum RIC correction for sample SGC and SN subtraction False 
#  k1_eff k2_eff k3_eff Wk_ric
5.785000000000000211e-03 5.785000000000000211e-03 5.785000000000000211e-03 -1.898760249509043874e+00
5.785000000000000211e-03 5.785000000000000211e-03 1.042599999999999950e-02 7.149367068227839572e-02
5.785000000000000211e-03 5.785000000000000211e-03 1.528299999999999971e-02 4.953364085863277144e-01
5.785000000000000211e-03 1.042599999999999950e-02 1.042599999999999950e-02 -2.659988804014338792e-01
5.785000000000000211e-03 1.042599999999999950e-02 1.528299999999999971e-02 6.319249417830126447e-02
5.785000000000000211e-03 1.042599999999999950e-02 2.021500000000000033e-02 2.064470307091553214e-01
5.785000000000000211e-03 1.528299999999999971e-02 1.528299999999999971e-02 -1.435319276174465142e-01
5.785000000000000211e-03 1.528299999999999971e-02 2.021500000000000033e-02 3.684617914362215557e-02
5.785000000000000211e-03 1.528299999999999971e-02 2.516799999999999940e-02 1.462813998892862899e-01
5.785000000000000211e-03 2.021500000000000033e-02 2.021500000000000033e-02 -1.641063297317085778e-01
5.785000000000000211e-03 2.021500000000000033e-02 2.516799999999999940e-02 1.917256995219342522e-02
5.785000000000000211e-03 2.021500000000000033e-02 3.012099999999999847e-02 1.418580134383086999e-01
5.785000000000000211e-03 2.516799999999999940e-02 2.516799999999999940e-02 -1.819151575884730143e-01
5.785000000000000211e-03 2.516799999999999940e-02 3.012099999999999847e-02 5.115985270683136993e-02
5.785000000000000211e-03 2.516799999999999940e-02 3.511199999999999738e-02 1.731886760626835386e-01
5.785000000000000211e-03 3.012099999999999847e-02 3.012099999999999847e-02 -1.155372052711108877e-01
5.785000000000000211e-03 3.012099999999999847e-02 3.511199999999999738e-02 9.038105405780992585e-02
5.785000000000000211e-03 3.012099999999999847e-02 4.010899999999999882e-02 1.584517727109599483e-01
5.785000000000000211e-03 3.511199999999999738e-02 3.511199999999999738e-02 -1.416395120544428898e-01
5.785000000000000211e-03 3.511199999999999738e-02 4.010899999999999882e-02 7.411267959976937381e-02
5.785000000000000211e-03 3.511199999999999738e-02 4.509300000000000114e-02 1.746346295271330729e-01
5.785000000000000211e-03 4.010899999999999882e-02 4.010899999999999882e-02 -1.605564823607795732e-01
5.785000000000000211e-03 4.010899999999999882e-02 4.509300000000000114e-02 8.009549170721792788e-02
5.785000000000000211e-03 4.010899999999999882e-02 5.008300000000000252e-02 1.343065186106716102e-01
5.785000000000000211e-03 4.509300000000000114e-02 4.509300000000000114e-02 -1.413163609917092722e-01
5.785000000000000211e-03 4.509300000000000114e-02 5.008300000000000252e-02 5.703762320835287919e-02
5.785000000000000211e-03 4.509300000000000114e-02 5.508300000000000002e-02 1.388257641222646055e-01
5.785000000000000211e-03 5.008300000000000252e-02 5.008300000000000252e-02 -1.350238107628768947e-01
5.785000000000000211e-03 5.008300000000000252e-02 5.508300000000000002e-02 7.225494385267974828e-02
5.785000000000000211e-03 5.008300000000000252e-02 6.007599999999999746e-02 1.506487758075369665e-01
5.785000000000000211e-03 5.508300000000000002e-02 5.508300000000000002e-02 -1.416933113957609125e-01
5.785000000000000211e-03 5.508300000000000002e-02 6.007599999999999746e-02 8.958536501975480904e-02
5.785000000000000211e-03 5.508300000000000002e-02 6.506599999999999884e-02 1.761048068323434745e-01
5.785000000000000211e-03 6.007599999999999746e-02 6.007599999999999746e-02 -1.447478423208579390e-01
5.785000000000000211e-03 6.007599999999999746e-02 6.506599999999999884e-02 8.478013115354125773e-02
5.785000000000000211e-03 6.007599999999999746e-02 7.006400000000000128e-02 1.760842547876048936e-01
5.785000000000000211e-03 6.506599999999999884e-02 6.506599999999999884e-02 -1.374529470393033304e-01
5.785000000000000211e-03 6.506599999999999884e-02 7.006400000000000128e-02 8.469533020802082202e-02
5.785000000000000211e-03 6.506599999999999884e-02 7.506100000000000272e-02 1.789409288382430019e-01
5.785000000000000211e-03 7.006400000000000128e-02 7.006400000000000128e-02 -1.380135719238902714e-01
5.785000000000000211e-03 7.006400000000000128e-02 7.506100000000000272e-02 7.685085994672773146e-02
5.785000000000000211e-03 7.006400000000000128e-02 8.005600000000000216e-02 1.446689493652507652e-01
5.785000000000000211e-03 7.506100000000000272e-02 7.506100000000000272e-02 -1.417189362592186086e-01
5.785000000000000211e-03 7.506100000000000272e-02 8.005600000000000216e-02 8.300115251224617074e-02
5.785000000000000211e-03 8.005600000000000216e-02 8.005600000000000216e-02 -1.411962670101572503e-01
1.042599999999999950e-02 1.042599999999999950e-02 1.042599999999999950e-02 6.014764212568324969e-02
1.042599999999999950e-02 1.042599999999999950e-02 1.528299999999999971e-02 -1.305002170989035502e-02
1.042599999999999950e-02 1.042599999999999950e-02 2.021500000000000033e-02 -4.549362438157334679e-04
1.042599999999999950e-02 1.042599999999999950e-02 2.516799999999999940e-02 7.210007559458392334e-02
1.042599999999999950e-02 1.528299999999999971e-02 1.528299999999999971e-02 -5.311143870061253887e-03
1.042599999999999950e-02 1.528299999999999971e-02 2.021500000000000033e-02 -1.561513380061038247e-03
1.042599999999999950e-02 1.528299999999999971e-02 2.516799999999999940e-02 1.814327248619486410e-02
1.042599999999999950e-02 1.528299999999999971e-02 3.012099999999999847e-02 4.528378837557498621e-02
1.042599999999999950e-02 2.021500000000000033e-02 2.021500000000000033e-02 2.547883742625387752e-03
1.042599999999999950e-02 2.021500000000000033e-02 2.516799999999999940e-02 -1.480269374192956511e-02
1.042599999999999950e-02 2.021500000000000033e-02 3.012099999999999847e-02 2.150987546506651429e-02
1.042599999999999950e-02 2.021500000000000033e-02 3.511199999999999738e-02 4.712946394823842172e-02
1.042599999999999950e-02 2.516799999999999940e-02 2.516799999999999940e-02 -2.022968933753279894e-02
1.042599999999999950e-02 2.516799999999999940e-02 3.012099999999999847e-02 -1.670748012113530559e-03
1.042599999999999950e-02 2.516799999999999940e-02 3.511199999999999738e-02 8.432355573797721895e-03
1.042599999999999950e-02 2.516799999999999940e-02 4.010899999999999882e-02 6.236629650596703378e-02
1.042599999999999950e-02 3.012099999999999847e-02 3.012099999999999847e-02 -1.258950205327992629e-02
1.042599999999999950e-02 3.012099999999999847e-02 3.511199999999999738e-02 -5.172033258095527081e-03
1.042599999999999950e-02 3.012099999999999847e-02 4.010899999999999882e-02 6.583551738956322334e-03
1.042599999999999950e-02 3.012099999999999847e-02 4.509300000000000114e-02 4.470640737204145676e-02
1.042599999999999950e-02 3.511199999999999738e-02 3.511199999999999738e-02 -3.777881649954852386e-03
1.042599999999999950e-02 3.511199999999999738e-02 4.010899999999999882e-02 -7.945843458469322579e-03
1.042599999999999950e-02 3.511199999999999738e-02 4.509300000000000114e-02 1.822610442201188369e-02
1.042599999999999950e-02 3.511199999999999738e-02 5.008300000000000252e-02 5.619065650821353231e-02
1.042599999999999950e-02 4.010899999999999882e-02 4.010899999999999882e-02 -2.161812004823990274e-02
1.042599999999999950e-02 4.010899999999999882e-02 4.509300000000000114e-02 -1.211149646314546276e-03
1.042599999999999950e-02 4.010899999999999882e-02 5.008300000000000252e-02 1.608791457520313689e-02
1.042599999999999950e-02 4.010899999999999882e-02 5.508300000000000002e-02 3.458218392157663690e-02
1.042599999999999950e-02 4.509300000000000114e-02 4.509300000000000114e-02 2.926987510759443238e-03
1.042599999999999950e-02 4.509300000000000114e-02 5.008300000000000252e-02 -9.239659653994298713e-03
1.042599999999999950e-02 4.509300000000000114e-02 5.508300000000000002e-02 6.865554750991069086e-03
1.042599999999999950e-02 4.509300000000000114e-02 6.007599999999999746e-02 4.558441475853515501e-02
1.042599999999999950e-02 5.008300000000000252e-02 5.008300000000000252e-02 -1.303992199388284701e-02
1.042599999999999950e-02 5.008300000000000252e-02 5.508300000000000002e-02 -1.003667765211414126e-02
1.042599999999999950e-02 5.008300000000000252e-02 6.007599999999999746e-02 1.162444171370362496e-02
1.042599999999999950e-02 5.008300000000000252e-02 6.506599999999999884e-02 6.952307853292014062e-02
1.042599999999999950e-02 5.508300000000000002e-02 5.508300000000000002e-02 -1.220740611173425430e-02
1.042599999999999950e-02 5.508300000000000002e-02 6.007599999999999746e-02 -2.792209205111940810e-03
1.042599999999999950e-02 5.508300000000000002e-02 6.506599999999999884e-02 1.676645908420841199e-02
1.042599999999999950e-02 5.508300000000000002e-02 7.006400000000000128e-02 6.847174211909724806e-02
1.042599999999999950e-02 6.007599999999999746e-02 6.007599999999999746e-02 -1.106610441871784534e-02
1.042599999999999950e-02 6.007599999999999746e-02 6.506599999999999884e-02 -9.320148088835069830e-03
1.042599999999999950e-02 6.007599999999999746e-02 7.006400000000000128e-02 1.047933914830648239e-02
1.042599999999999950e-02 6.007599999999999746e-02 7.506100000000000272e-02 4.102857034974480982e-02
1.042599999999999950e-02 6.506599999999999884e-02 6.506599999999999884e-02 -2.088671920187239878e-02
1.042599999999999950e-02 6.506599999999999884e-02 7.006400000000000128e-02 -1.391883189989410151e-02
1.042599999999999950e-02 6.506599999999999884e-02 7.506100000000000272e-02 6.905159931871011902e-03
1.042599999999999950e-02 6.506599999999999884e-02 8.005600000000000216e-02 4.936850079010918213e-02
1.042599999999999950e-02 7.006400000000000128e-02 7.006400000000000128e-02 -1.170258995242531158e-02
1.042599999999999950e-02 7.006400000000000128e-02 7.506100000000000272e-02 -9.536868983647518033e-03
1.042599999999999950e-02 7.006400000000000128e-02 8.005600000000000216e-02 1.915955726970006330e-03
1.042599999999999950e-02 7.506100000000000272e-02 7.506100000000000272e-02 -6.747996502821700104e-03
1.042599999999999950e-02 7.506100000000000272e-02 8.005600000000000216e-02 -1.542155335368613350e-02
1.042599999999999950e-02 8.005600000000000216e-02 8.005600000000000216e-02 -9.489229310499969552e-03
1.528299999999999971e-02 1.528299999999999971e-02 1.528299999999999971e-02 3.006294069485002801e-02
1.528299999999999971e-02 1.528299999999999971e-02 2.021500000000000033e-02 3.730958175843312324e-02
1.528299999999999971e-02 1.528299999999999971e-02 2.516799999999999940e-02 1.343175116159858393e-02
1.528299999999999971e-02 1.528299999999999971e-02 3.012099999999999847e-02 1.029599424904149851e-02
1.528299999999999971e-02 1.528299999999999971e-02 3.511199999999999738e-02 8.614302135611961661e-03
1.528299999999999971e-02 2.021500000000000033e-02 2.021500000000000033e-02 2.413725045115468551e-02
1.528299999999999971e-02 2.021500000000000033e-02 2.516799999999999940e-02 1.134598632427064047e-02
1.528299999999999971e-02 2.021500000000000033e-02 3.012099999999999847e-02 3.460552648946498954e-03
1.528299999999999971e-02 2.021500000000000033e-02 3.511199999999999738e-02 3.140980543703661768e-03
1.528299999999999971e-02 2.021500000000000033e-02 4.010899999999999882e-02 -8.774419546242378035e-03
1.528299999999999971e-02 2.516799999999999940e-02 2.516799999999999940e-02 4.998449852252952533e-03
1.528299999999999971e-02 2.516799999999999940e-02 3.012099999999999847e-02 3.827993474719283435e-03
1.528299999999999971e-02 2.516799999999999940e-02 3.511199999999999738e-02 3.536146497430745460e-03
1.528299999999999971e-02 2.516799999999999940e-02 4.010899999999999882e-02 1.018835369884096148e-02
1.528299999999999971e-02 2.516799999999999940e-02 4.509300000000000114e-02 2.130506533412882333e-02
1.528299999999999971e-02 3.012099999999999847e-02 3.012099999999999847e-02 -2.078653033190120975e-03
1.528299999999999971e-02 3.012099999999999847e-02 3.511199999999999738e-02 1.150224387686598140e-02
1.528299999999999971e-02 3.012099999999999847e-02 4.010899999999999882e-02 1.037181914701382733e-02
1.528299999999999971e-02 3.012099999999999847e-02 4.509300000000000114e-02 1.347608196621948549e-02
1.528299999999999971e-02 3.012099999999999847e-02 5.008300000000000252e-02 1.953890200250143691e-02
1.528299999999999971e-02 3.511199999999999738e-02 3.511199999999999738e-02 -1.822637244895183774e-03
1.528299999999999971e-02 3.511199999999999738e-02 4.010899999999999882e-02 6.231418080064780179e-03
1.528299999999999971e-02 3.511199999999999738e-02 4.509300000000000114e-02 1.115502513261384249e-02
1.528299999999999971e-02 3.511199999999999738e-02 5.008300000000000252e-02 1.856730286569335114e-02
1.528299999999999971e-02 3.511199999999999738e-02 5.508300000000000002e-02 7.733540981309411887e-03
1.528299999999999971e-02 4.010899999999999882e-02 4.010899999999999882e-02 8.281241884556093252e-03
1.528299999999999971e-02 4.010899999999999882e-02 4.509300000000000114e-02 5.949467705631729213e-03
1.528299999999999971e-02 4.010899999999999882e-02 5.008300000000000252e-02 1.145567223641443325e-02
1.528299999999999971e-02 4.010899999999999882e-02 5.508300000000000002e-02 7.226831751311372024e-03
1.528299999999999971e-02 4.010899999999999882e-02 6.007599999999999746e-02 6.309276791556282273e-03
1.528299999999999971e-02 4.509300000000000114e-02 4.509300000000000114e-02 1.134026469598438218e-02
1.528299999999999971e-02 4.509300000000000114e-02 5.008300000000000252e-02 9.085381894179176895e-03
1.528299999999999971e-02 4.509300000000000114e-02 5.508300000000000002e-02 7.989835229069864458e-03
1.528299999999999971e-02 4.509300000000000114e-02 6.007599999999999746e-02 1.648597267847831324e-02
1.528299999999999971e-02 4.509300000000000114e-02 6.506599999999999884e-02 1.028513691176158665e-02
1.528299999999999971e-02 5.008300000000000252e-02 5.008300000000000252e-02 -4.070820441701944285e-03
1.528299999999999971e-02 5.008300000000000252e-02 5.508300000000000002e-02 7.214012204201310924e-03
1.528299999999999971e-02 5.008300000000000252e-02 6.007599999999999746e-02 1.315889367616875777e-02
1.528299999999999971e-02 5.008300000000000252e-02 6.506599999999999884e-02 1.744958861019221819e-02
1.528299999999999971e-02 5.008300000000000252e-02 7.006400000000000128e-02 8.823845590121670579e-03
1.528299999999999971e-02 5.508300000000000002e-02 5.508300000000000002e-02 4.860657667413596610e-03
1.528299999999999971e-02 5.508300000000000002e-02 6.007599999999999746e-02 9.306987808779376009e-03
1.528299999999999971e-02 5.508300000000000002e-02 6.506599999999999884e-02 9.234614466417755477e-03
1.528299999999999971e-02 5.508300000000000002e-02 7.006400000000000128e-02 5.137698224018403224e-03
1.528299999999999971e-02 5.508300000000000002e-02 7.506100000000000272e-02 4.158227873501865041e-03
1.528299999999999971e-02 6.007599999999999746e-02 6.007599999999999746e-02 4.065925775555227425e-03
1.528299999999999971e-02 6.007599999999999746e-02 6.506599999999999884e-02 1.818578507133562306e-03
1.528299999999999971e-02 6.007599999999999746e-02 7.006400000000000128e-02 6.297540095624859502e-03
1.528299999999999971e-02 6.007599999999999746e-02 7.506100000000000272e-02 9.447484298979571052e-03
1.528299999999999971e-02 6.007599999999999746e-02 8.005600000000000216e-02 1.759136410256531211e-02
1.528299999999999971e-02 6.506599999999999884e-02 6.506599999999999884e-02 1.299614565859905308e-03
1.528299999999999971e-02 6.506599999999999884e-02 7.006400000000000128e-02 3.261368590897162963e-03
1.528299999999999971e-02 6.506599999999999884e-02 7.506100000000000272e-02 5.367143060180368068e-03
1.528299999999999971e-02 6.506599999999999884e-02 8.005600000000000216e-02 7.774694347146688528e-03
1.528299999999999971e-02 7.006400000000000128e-02 7.006400000000000128e-02 6.572790491029215781e-03
1.528299999999999971e-02 7.006400000000000128e-02 7.506100000000000272e-02 8.464051455217277281e-03
1.528299999999999971e-02 7.006400000000000128e-02 8.005600000000000216e-02 5.799117529004044029e-03
1.528299999999999971e-02 7.506100000000000272e-02 7.506100000000000272e-02 8.228864721039907265e-03
1.528299999999999971e-02 7.506100000000000272e-02 8.005600000000000216e-02 7.921488189957080414e-03
1.528299999999999971e-02 8.005600000000000216e-02 8.005600000000000216e-02 8.618225359042747113e-03
2.021500000000000033e-02 2.021500000000000033e-02 2.021500000000000033e-02 3.097776898318447408e-03
2.021500000000000033e-02 2.021500000000000033e-02 2.516799999999999940e-02 1.727823790390256922e-02
2.021500000000000033e-02 2.021500000000000033e-02 3.012099999999999847e-02 8.341479193095840267e-03
2.021500000000000033e-02 2.021500000000000033e-02 3.511199999999999738e-02 1.796387234968360377e-02
2.021500000000000033e-02 2.021500000000000033e-02 4.010899999999999882e-02 9.395689199975876607e-03
2.021500000000000033e-02 2.021500000000000033e-02 4.509300000000000114e-02 -8.353852469177004691e-03
2.021500000000000033e-02 2.516799999999999940e-02 2.516799999999999940e-02 -2.401400583232994167e-03
2.021500000000000033e-02 2.516799999999999940e-02 3.012099999999999847e-02 1.517490186332513119e-02
2.021500000000000033e-02 2.516799999999999940e-02 3.511199999999999738e-02 4.619738468581191179e-03
2.021500000000000033e-02 2.516799999999999940e-02 4.010899999999999882e-02 5.925935351207977861e-03
2.021500000000000033e-02 2.516799999999999940e-02 4.509300000000000114e-02 5.305804340976246272e-03
2.021500000000000033e-02 2.516799999999999940e-02 5.008300000000000252e-02 1.071581910117520246e-03
2.021500000000000033e-02 3.012099999999999847e-02 3.012099999999999847e-02 1.319862808775137258e-02
2.021500000000000033e-02 3.012099999999999847e-02 3.511199999999999738e-02 8.011819200258955137e-03
2.021500000000000033e-02 3.012099999999999847e-02 4.010899999999999882e-02 9.534999616084952750e-03
2.021500000000000033e-02 3.012099999999999847e-02 4.509300000000000114e-02 1.405380084633492226e-02
2.021500000000000033e-02 3.012099999999999847e-02 5.008300000000000252e-02 1.443157840276830702e-02
2.021500000000000033e-02 3.012099999999999847e-02 5.508300000000000002e-02 7.649344746570757234e-03
2.021500000000000033e-02 3.511199999999999738e-02 3.511199999999999738e-02 4.731975287966073973e-03
2.021500000000000033e-02 3.511199999999999738e-02 4.010899999999999882e-02 3.916431526837312223e-03
2.021500000000000033e-02 3.511199999999999738e-02 4.509300000000000114e-02 1.128443658979698741e-02
2.021500000000000033e-02 3.511199999999999738e-02 5.008300000000000252e-02 7.771868761960299028e-03
2.021500000000000033e-02 3.511199999999999738e-02 5.508300000000000002e-02 -7.886500109452173951e-04
2.021500000000000033e-02 3.511199999999999738e-02 6.007599999999999746e-02 -2.437898526802563526e-02
2.021500000000000033e-02 4.010899999999999882e-02 4.010899999999999882e-02 7.624270467790558725e-03
2.021500000000000033e-02 4.010899999999999882e-02 4.509300000000000114e-02 6.964626960039390670e-03
2.021500000000000033e-02 4.010899999999999882e-02 5.008300000000000252e-02 8.493033489667132022e-03
2.021500000000000033e-02 4.010899999999999882e-02 5.508300000000000002e-02 2.616659486736667810e-03
2.021500000000000033e-02 4.010899999999999882e-02 6.007599999999999746e-02 4.453447271407622206e-03
2.021500000000000033e-02 4.010899999999999882e-02 6.506599999999999884e-02 -1.246098498991610529e-02
2.021500000000000033e-02 4.509300000000000114e-02 4.509300000000000114e-02 3.325277761390213645e-03
2.021500000000000033e-02 4.509300000000000114e-02 5.008300000000000252e-02 1.095822812749535323e-02
2.021500000000000033e-02 4.509300000000000114e-02 5.508300000000000002e-02 4.988034647317931593e-03
2.021500000000000033e-02 4.509300000000000114e-02 6.007599999999999746e-02 9.501558012920446189e-03
2.021500000000000033e-02 4.509300000000000114e-02 6.506599999999999884e-02 4.932328314102156323e-03
2.021500000000000033e-02 4.509300000000000114e-02 7.006400000000000128e-02 -5.067670635636993375e-03
2.021500000000000033e-02 5.008300000000000252e-02 5.008300000000000252e-02 8.076914669110526676e-03
2.021500000000000033e-02 5.008300000000000252e-02 5.508300000000000002e-02 9.224831732846001942e-03
2.021500000000000033e-02 5.008300000000000252e-02 6.007599999999999746e-02 3.676837456781157244e-03
2.021500000000000033e-02 5.008300000000000252e-02 6.506599999999999884e-02 7.647502340441985832e-03
2.021500000000000033e-02 5.008300000000000252e-02 7.006400000000000128e-02 2.810048467623171842e-03
2.021500000000000033e-02 5.008300000000000252e-02 7.506100000000000272e-02 -3.972769640096012779e-03
2.021500000000000033e-02 5.508300000000000002e-02 5.508300000000000002e-02 3.149331043636175841e-03
2.021500000000000033e-02 5.508300000000000002e-02 6.007599999999999746e-02 6.563051219008460106e-03
2.021500000000000033e-02 5.508300000000000002e-02 6.506599999999999884e-02 4.206771725551149317e-03
2.021500000000000033e-02 5.508300000000000002e-02 7.006400000000000128e-02 5.468854985717733555e-03
2.021500000000000033e-02 5.508300000000000002e-02 7.506100000000000272e-02 6.233064372078998654e-03
2.021500000000000033e-02 5.508300000000000002e-02 8.005600000000000216e-02 1.545824725291203815e-02
2.021500000000000033e-02 6.007599999999999746e-02 6.007599999999999746e-02 3.535975248740209648e-03
2.021500000000000033e-02 6.007599999999999746e-02 6.506599999999999884e-02 4.746703311875364630e-03
2.021500000000000033e-02 6.007599999999999746e-02 7.006400000000000128e-02 5.652507216137235904e-03
2.021500000000000033e-02 6.007599999999999746e-02 7.506100000000000272e-02 5.986051114765888678e-03
2.021500000000000033e-02 6.007599999999999746e-02 8.005600000000000216e-02 7.745326991530303686e-04
2.021500000000000033e-02 6.506599999999999884e-02 6.506599999999999884e-02 2.825897443970867839e-03
2.021500000000000033e-02 6.506599999999999884e-02 7.006400000000000128e-02 8.386121473227418910e-03
2.021500000000000033e-02 6.506599999999999884e-02 7.506100000000000272e-02 7.723715240432970329e-03
2.021500000000000033e-02 6.506599999999999884e-02 8.005600000000000216e-02 6.509653087088059648e-03
2.021500000000000033e-02 7.006400000000000128e-02 7.006400000000000128e-02 2.776764866450118826e-03
2.021500000000000033e-02 7.006400000000000128e-02 7.506100000000000272e-02 6.530046852874620174e-03
2.021500000000000033e-02 7.006400000000000128e-02 8.005600000000000216e-02 8.376577312776575107e-03
2.021500000000000033e-02 7.506100000000000272e-02 7.506100000000000272e-02 9.583844328279566074e-03
2.021500000000000033e-02 7.506100000000000272e-02 8.005600000000000216e-02 9.054573409216946575e-03
2.021500000000000033e-02 8.005600000000000216e-02 8.005600000000000216e-02 4.139329466829135863e-03
2.516799999999999940e-02 2.516799999999999940e-02 2.516799999999999940e-02 1.199837786599442305e-02
2.516799999999999940e-02 2.516799999999999940e-02 3.012099999999999847e-02 1.057555215929266955e-02
2.516799999999999940e-02 2.516799999999999940e-02 3.511199999999999738e-02 -1.648483379118572323e-03
2.516799999999999940e-02 2.516799999999999940e-02 4.010899999999999882e-02 5.649337996307978761e-03
2.516799999999999940e-02 2.516799999999999940e-02 4.509300000000000114e-02 -1.023213000841738602e-03
2.516799999999999940e-02 2.516799999999999940e-02 5.008300000000000252e-02 -3.366597487045213007e-03
2.516799999999999940e-02 2.516799999999999940e-02 5.508300000000000002e-02 1.059780471029837801e-02
2.516799999999999940e-02 3.012099999999999847e-02 3.012099999999999847e-02 5.228501822742054155e-03
2.516799999999999940e-02 3.012099999999999847e-02 3.511199999999999738e-02 3.407437478069573651e-03
2.516799999999999940e-02 3.012099999999999847e-02 4.010899999999999882e-02 2.868352621566485142e-03
2.516799999999999940e-02 3.012099999999999847e-02 4.509300000000000114e-02 1.436740710108229098e-03
2.516799999999999940e-02 3.012099999999999847e-02 5.008300000000000252e-02 -4.614939462115341413e-04
2.516799999999999940e-02 3.012099999999999847e-02 5.508300000000000002e-02 3.062607986523572211e-03
2.516799999999999940e-02 3.012099999999999847e-02 6.007599999999999746e-02 3.989506326284712225e-03
2.516799999999999940e-02 3.511199999999999738e-02 3.511199999999999738e-02 -3.080974882460286481e-03
2.516799999999999940e-02 3.511199999999999738e-02 4.010899999999999882e-02 -6.079819796769368560e-03
2.516799999999999940e-02 3.511199999999999738e-02 4.509300000000000114e-02 2.102750210117309854e-03
2.516799999999999940e-02 3.511199999999999738e-02 5.008300000000000252e-02 -4.260896898562449402e-03
2.516799999999999940e-02 3.511199999999999738e-02 5.508300000000000002e-02 8.874994014986168321e-04
2.516799999999999940e-02 3.511199999999999738e-02 6.007599999999999746e-02 7.317594216843719378e-03
2.516799999999999940e-02 3.511199999999999738e-02 6.506599999999999884e-02 5.100043808432490507e-03
2.516799999999999940e-02 4.010899999999999882e-02 4.010899999999999882e-02 8.013022794226024807e-05
2.516799999999999940e-02 4.010899999999999882e-02 4.509300000000000114e-02 -1.006349190810745375e-03
2.516799999999999940e-02 4.010899999999999882e-02 5.008300000000000252e-02 6.208928222176599010e-04
2.516799999999999940e-02 4.010899999999999882e-02 5.508300000000000002e-02 4.180748810232250839e-03
2.516799999999999940e-02 4.010899999999999882e-02 6.007599999999999746e-02 4.168835796140505159e-03
2.516799999999999940e-02 4.010899999999999882e-02 6.506599999999999884e-02 2.974662314463357576e-03
2.516799999999999940e-02 4.010899999999999882e-02 7.006400000000000128e-02 6.575578607450300456e-03
2.516799999999999940e-02 4.509300000000000114e-02 4.509300000000000114e-02 3.352429622952474847e-03
2.516799999999999940e-02 4.509300000000000114e-02 5.008300000000000252e-02 3.603885062014282412e-03
2.516799999999999940e-02 4.509300000000000114e-02 5.508300000000000002e-02 -2.595627702034953481e-04
2.516799999999999940e-02 4.509300000000000114e-02 6.007599999999999746e-02 3.292964206894382056e-03
2.516799999999999940e-02 4.509300000000000114e-02 6.506599999999999884e-02 5.708743019244891768e-04
2.516799999999999940e-02 4.509300000000000114e-02 7.006400000000000128e-02 -1.081455396583973607e-03
2.516799999999999940e-02 4.509300000000000114e-02 7.506100000000000272e-02 1.375089704862035578e-02
2.516799999999999940e-02 5.008300000000000252e-02 5.008300000000000252e-02 4.812580894140613443e-03
2.516799999999999940e-02 5.008300000000000252e-02 5.508300000000000002e-02 9.734034030756764239e-04
2.516799999999999940e-02 5.008300000000000252e-02 6.007599999999999746e-02 -7.647940099828688708e-04
2.516799999999999940e-02 5.008300000000000252e-02 6.506599999999999884e-02 -1.049385294347578547e-03
2.516799999999999940e-02 5.008300000000000252e-02 7.006400000000000128e-02 3.447275895552654682e-03
2.516799999999999940e-02 5.008300000000000252e-02 7.506100000000000272e-02 6.513730542566842710e-03
2.516799999999999940e-02 5.008300000000000252e-02 8.005600000000000216e-02 -2.003734045752780541e-03
2.516799999999999940e-02 5.508300000000000002e-02 5.508300000000000002e-02 4.233584446290446744e-03
2.516799999999999940e-02 5.508300000000000002e-02 6.007599999999999746e-02 2.180454898139585346e-03
2.516799999999999940e-02 5.508300000000000002e-02 6.506599999999999884e-02 -3.152205158062174398e-03
2.516799999999999940e-02 5.508300000000000002e-02 7.006400000000000128e-02 -3.111723799399486977e-03
2.516799999999999940e-02 5.508300000000000002e-02 7.506100000000000272e-02 -8.748914943972740249e-04
2.516799999999999940e-02 5.508300000000000002e-02 8.005600000000000216e-02 4.302516685006634034e-03
2.516799999999999940e-02 6.007599999999999746e-02 6.007599999999999746e-02 3.393708125723275595e-03
2.516799999999999940e-02 6.007599999999999746e-02 6.506599999999999884e-02 -1.529368888197413538e-03
2.516799999999999940e-02 6.007599999999999746e-02 7.006400000000000128e-02 4.211569788307908393e-04
2.516799999999999940e-02 6.007599999999999746e-02 7.506100000000000272e-02 3.970409062799801214e-03
2.516799999999999940e-02 6.007599999999999746e-02 8.005600000000000216e-02 1.789288909910725315e-03
2.516799999999999940e-02 6.506599999999999884e-02 6.506599999999999884e-02 3.950924083872436529e-03
2.516799999999999940e-02 6.506599999999999884e-02 7.006400000000000128e-02 -1.292487738268117362e-03
2.516799999999999940e-02 6.506599999999999884e-02 7.506100000000000272e-02 2.121488215699492055e-03
2.516799999999999940e-02 6.506599999999999884e-02 8.005600000000000216e-02 4.759314699008948546e-04
2.516799999999999940e-02 7.006400000000000128e-02 7.006400000000000128e-02 1.686365721875863989e-03
2.516799999999999940e-02 7.006400000000000128e-02 7.506100000000000272e-02 -2.848531015521463088e-03
2.516799999999999940e-02 7.006400000000000128e-02 8.005600000000000216e-02 7.745662605244957180e-04
2.516799999999999940e-02 7.506100000000000272e-02 7.506100000000000272e-02 -2.397510755875642292e-03
2.516799999999999940e-02 7.506100000000000272e-02 8.005600000000000216e-02 1.151223933550929749e-03
2.516799999999999940e-02 8.005600000000000216e-02 8.005600000000000216e-02 -3.330887779595777514e-03
3.012099999999999847e-02 3.012099999999999847e-02 3.012099999999999847e-02 1.603148184615778640e-02
3.012099999999999847e-02 3.012099999999999847e-02 3.511199999999999738e-02 1.125742336938757165e-02
3.012099999999999847e-02 3.012099999999999847e-02 4.010899999999999882e-02 3.933038541609625884e-03
3.012099999999999847e-02 3.012099999999999847e-02 4.509300000000000114e-02 5.732483540479583854e-03
3.012099999999999847e-02 3.012099999999999847e-02 5.008300000000000252e-02 2.994737146689410972e-03
3.012099999999999847e-02 3.012099999999999847e-02 5.508300000000000002e-02 9.186382590963918307e-03
3.012099999999999847e-02 3.012099999999999847e-02 6.007599999999999746e-02 4.583946588550461172e-03
3.012099999999999847e-02 3.012099999999999847e-02 6.506599999999999884e-02 1.425427540944786999e-02
3.012099999999999847e-02 3.511199999999999738e-02 3.511199999999999738e-02 1.491754711103465691e-03
3.012099999999999847e-02 3.511199999999999738e-02 4.010899999999999882e-02 -2.125887902956277806e-03
3.012099999999999847e-02 3.511199999999999738e-02 4.509300000000000114e-02 6.771053874482317256e-03
3.012099999999999847e-02 3.511199999999999738e-02 5.008300000000000252e-02 4.079170041128364621e-03
3.012099999999999847e-02 3.511199999999999738e-02 5.508300000000000002e-02 3.161308290910867271e-03
3.012099999999999847e-02 3.511199999999999738e-02 6.007599999999999746e-02 1.776014717724928773e-03
3.012099999999999847e-02 3.511199999999999738e-02 6.506599999999999884e-02 -1.193936887995875658e-03
3.012099999999999847e-02 3.511199999999999738e-02 7.006400000000000128e-02 -4.884296183347665819e-03
3.012099999999999847e-02 4.010899999999999882e-02 4.010899999999999882e-02 -1.519905522206372326e-04
3.012099999999999847e-02 4.010899999999999882e-02 4.509300000000000114e-02 3.371371977568121681e-03
3.012099999999999847e-02 4.010899999999999882e-02 5.008300000000000252e-02 9.692548449070788850e-04
3.012099999999999847e-02 4.010899999999999882e-02 5.508300000000000002e-02 1.715306938565522440e-04
3.012099999999999847e-02 4.010899999999999882e-02 6.007599999999999746e-02 2.821846537333028149e-03
3.012099999999999847e-02 4.010899999999999882e-02 6.506599999999999884e-02 2.069997199778042703e-03
3.012099999999999847e-02 4.010899999999999882e-02 7.006400000000000128e-02 3.062892708942552234e-04
3.012099999999999847e-02 4.010899999999999882e-02 7.506100000000000272e-02 2.244764528543382893e-03
3.012099999999999847e-02 4.509300000000000114e-02 4.509300000000000114e-02 8.068636291309359138e-03
3.012099999999999847e-02 4.509300000000000114e-02 5.008300000000000252e-02 2.452191481218047447e-03
3.012099999999999847e-02 4.509300000000000114e-02 5.508300000000000002e-02 3.542825796254632856e-03
3.012099999999999847e-02 4.509300000000000114e-02 6.007599999999999746e-02 5.050831098744424513e-03
3.012099999999999847e-02 4.509300000000000114e-02 6.506599999999999884e-02 3.467289284736763382e-04
3.012099999999999847e-02 4.509300000000000114e-02 7.006400000000000128e-02 4.134813149554787378e-04
3.012099999999999847e-02 4.509300000000000114e-02 7.506100000000000272e-02 7.731260925140614722e-04
3.012099999999999847e-02 4.509300000000000114e-02 8.005600000000000216e-02 3.014728380591650582e-03
3.012099999999999847e-02 5.008300000000000252e-02 5.008300000000000252e-02 -1.747877532584522385e-03
3.012099999999999847e-02 5.008300000000000252e-02 5.508300000000000002e-02 3.869488634880357408e-03
3.012099999999999847e-02 5.008300000000000252e-02 6.007599999999999746e-02 2.572352728230063463e-03
3.012099999999999847e-02 5.008300000000000252e-02 6.506599999999999884e-02 2.370817976953204856e-03
3.012099999999999847e-02 5.008300000000000252e-02 7.006400000000000128e-02 4.320950906904735822e-03
3.012099999999999847e-02 5.008300000000000252e-02 7.506100000000000272e-02 2.805428913569724646e-03
3.012099999999999847e-02 5.008300000000000252e-02 8.005600000000000216e-02 3.739263472880885973e-03
3.012099999999999847e-02 5.508300000000000002e-02 5.508300000000000002e-02 2.378407310414131382e-03
3.012099999999999847e-02 5.508300000000000002e-02 6.007599999999999746e-02 4.087311389213664492e-03
3.012099999999999847e-02 5.508300000000000002e-02 6.506599999999999884e-02 4.172929196738393506e-03
3.012099999999999847e-02 5.508300000000000002e-02 7.006400000000000128e-02 3.105859747731573584e-03
3.012099999999999847e-02 5.508300000000000002e-02 7.506100000000000272e-02 7.551226225417307291e-04
3.012099999999999847e-02 5.508300000000000002e-02 8.005600000000000216e-02 1.631124511706387621e-03
3.012099999999999847e-02 6.007599999999999746e-02 6.007599999999999746e-02 4.501787681019021707e-03
3.012099999999999847e-02 6.007599999999999746e-02 6.506599999999999884e-02 3.263281621070027692e-03
3.012099999999999847e-02 6.007599999999999746e-02 7.006400000000000128e-02 2.955498284812342093e-03
3.012099999999999847e-02 6.007599999999999746e-02 7.506100000000000272e-02 7.536326975508637720e-03
3.012099999999999847e-02 6.007599999999999746e-02 8.005600000000000216e-02 6.086565649857706220e-03
3.012099999999999847e-02 6.506599999999999884e-02 6.506599999999999884e-02 5.525696311307406149e-03
3.012099999999999847e-02 6.506599999999999884e-02 7.006400000000000128e-02 2.763929048152947380e-03
3.012099999999999847e-02 6.506599999999999884e-02 7.506100000000000272e-02 2.568343553894589324e-03
3.012099999999999847e-02 6.506599999999999884e-02 8.005600000000000216e-02 2.221371025870022033e-03
3.012099999999999847e-02 7.006400000000000128e-02 7.006400000000000128e-02 7.870649904082515844e-04
3.012099999999999847e-02 7.006400000000000128e-02 7.506100000000000272e-02 3.608558615316785362e-03
3.012099999999999847e-02 7.006400000000000128e-02 8.005600000000000216e-02 2.999873866212953918e-03
3.012099999999999847e-02 7.506100000000000272e-02 7.506100000000000272e-02 -1.124568523849129708e-03
3.012099999999999847e-02 7.506100000000000272e-02 8.005600000000000216e-02 4.134980594068137470e-03
3.012099999999999847e-02 8.005600000000000216e-02 8.005600000000000216e-02 9.664352764966353468e-04
3.511199999999999738e-02 3.511199999999999738e-02 3.511199999999999738e-02 -5.171747934993412531e-03
3.511199999999999738e-02 3.511199999999999738e-02 4.010899999999999882e-02 3.037833667419286270e-03
3.511199999999999738e-02 3.511199999999999738e-02 4.509300000000000114e-02 -3.855494692845766978e-03
3.511199999999999738e-02 3.511199999999999738e-02 5.008300000000000252e-02 1.489471100179186151e-03
3.511199999999999738e-02 3.511199999999999738e-02 5.508300000000000002e-02 9.781493614866663272e-04
3.511199999999999738e-02 3.511199999999999738e-02 6.007599999999999746e-02 3.303062440144157938e-03
3.511199999999999738e-02 3.511199999999999738e-02 6.506599999999999884e-02 -1.997495933459206372e-03
3.511199999999999738e-02 3.511199999999999738e-02 7.006400000000000128e-02 -7.159682763473401365e-03
3.511199999999999738e-02 3.511199999999999738e-02 7.506100000000000272e-02 4.973855030564922237e-03
3.511199999999999738e-02 4.010899999999999882e-02 4.010899999999999882e-02 2.216508712457997962e-05
3.511199999999999738e-02 4.010899999999999882e-02 4.509300000000000114e-02 -2.254365266525021273e-04
3.511199999999999738e-02 4.010899999999999882e-02 5.008300000000000252e-02 2.609110572994694649e-03
3.511199999999999738e-02 4.010899999999999882e-02 5.508300000000000002e-02 2.647864678210873953e-03
3.511199999999999738e-02 4.010899999999999882e-02 6.007599999999999746e-02 -1.135279774815445199e-03
3.511199999999999738e-02 4.010899999999999882e-02 6.506599999999999884e-02 -4.539887341660490852e-04
3.511199999999999738e-02 4.010899999999999882e-02 7.006400000000000128e-02 -2.164088811947809110e-03
3.511199999999999738e-02 4.010899999999999882e-02 7.506100000000000272e-02 -8.832654849811478462e-04
3.511199999999999738e-02 4.010899999999999882e-02 8.005600000000000216e-02 1.304494838162283295e-02
3.511199999999999738e-02 4.509300000000000114e-02 4.509300000000000114e-02 1.553319904639677024e-03
3.511199999999999738e-02 4.509300000000000114e-02 5.008300000000000252e-02 8.185575503031479157e-04
3.511199999999999738e-02 4.509300000000000114e-02 5.508300000000000002e-02 2.950023572890171468e-03
3.511199999999999738e-02 4.509300000000000114e-02 6.007599999999999746e-02 3.588045763287619951e-03
3.511199999999999738e-02 4.509300000000000114e-02 6.506599999999999884e-02 -2.579685252681757426e-03
3.511199999999999738e-02 4.509300000000000114e-02 7.006400000000000128e-02 1.088889713631395516e-03
3.511199999999999738e-02 4.509300000000000114e-02 7.506100000000000272e-02 5.314813546453679011e-03
3.511199999999999738e-02 4.509300000000000114e-02 8.005600000000000216e-02 2.469130124995928908e-03
3.511199999999999738e-02 5.008300000000000252e-02 5.008300000000000252e-02 -9.483781115456854953e-04
3.511199999999999738e-02 5.008300000000000252e-02 5.508300000000000002e-02 3.403781555773425366e-03
3.511199999999999738e-02 5.008300000000000252e-02 6.007599999999999746e-02 1.837370137936388502e-03
3.511199999999999738e-02 5.008300000000000252e-02 6.506599999999999884e-02 -2.930976888510438360e-04
3.511199999999999738e-02 5.008300000000000252e-02 7.006400000000000128e-02 -7.554509944484520375e-04
3.511199999999999738e-02 5.008300000000000252e-02 7.506100000000000272e-02 3.725398223820151206e-03
3.511199999999999738e-02 5.008300000000000252e-02 8.005600000000000216e-02 2.743603313269656150e-03
3.511199999999999738e-02 5.508300000000000002e-02 5.508300000000000002e-02 7.787254738462093089e-03
3.511199999999999738e-02 5.508300000000000002e-02 6.007599999999999746e-02 8.799917562122788837e-04
3.511199999999999738e-02 5.508300000000000002e-02 6.506599999999999884e-02 1.864147947763533696e-03
3.511199999999999738e-02 5.508300000000000002e-02 7.006400000000000128e-02 -1.030077895269539178e-03
3.511199999999999738e-02 5.508300000000000002e-02 7.506100000000000272e-02 1.478622704336991908e-03
3.511199999999999738e-02 5.508300000000000002e-02 8.005600000000000216e-02 -2.236310901963600196e-03
3.511199999999999738e-02 6.007599999999999746e-02 6.007599999999999746e-02 -2.958136214992250989e-04
3.511199999999999738e-02 6.007599999999999746e-02 6.506599999999999884e-02 2.172353349364615060e-03
3.511199999999999738e-02 6.007599999999999746e-02 7.006400000000000128e-02 3.498837233962683296e-03
3.511199999999999738e-02 6.007599999999999746e-02 7.506100000000000272e-02 1.216676687621694262e-03
3.511199999999999738e-02 6.007599999999999746e-02 8.005600000000000216e-02 2.880740230638865335e-03
3.511199999999999738e-02 6.506599999999999884e-02 6.506599999999999884e-02 1.041205617794880943e-04
3.511199999999999738e-02 6.506599999999999884e-02 7.006400000000000128e-02 7.806074374494836486e-04
3.511199999999999738e-02 6.506599999999999884e-02 7.506100000000000272e-02 1.095723334127520193e-03
3.511199999999999738e-02 6.506599999999999884e-02 8.005600000000000216e-02 1.807968626675296800e-03
3.511199999999999738e-02 7.006400000000000128e-02 7.006400000000000128e-02 -4.362765861870033894e-03
3.511199999999999738e-02 7.006400000000000128e-02 7.506100000000000272e-02 -8.673599716755209157e-04
3.511199999999999738e-02 7.006400000000000128e-02 8.005600000000000216e-02 2.277514419277984741e-03
3.511199999999999738e-02 7.506100000000000272e-02 7.506100000000000272e-02 -2.007220375972276413e-03
3.511199999999999738e-02 7.506100000000000272e-02 8.005600000000000216e-02 -1.784145476794028306e-03
3.511199999999999738e-02 8.005600000000000216e-02 8.005600000000000216e-02 -3.010329736418162084e-03
4.010899999999999882e-02 4.010899999999999882e-02 4.010899999999999882e-02 3.190457547938833037e-03
4.010899999999999882e-02 4.010899999999999882e-02 4.509300000000000114e-02 4.328685260462688394e-03
4.010899999999999882e-02 4.010899999999999882e-02 5.008300000000000252e-02 3.080736449323456198e-03
4.010899999999999882e-02 4.010899999999999882e-02 5.508300000000000002e-02 2.183223903516263303e-03
4.010899999999999882e-02 4.010899999999999882e-02 6.007599999999999746e-02 4.064402710327858978e-03
4.010899999999999882e-02 4.010899999999999882e-02 6.506599999999999884e-02 2.835930644102219530e-06
4.010899999999999882e-02 4.010899999999999882e-02 7.006400000000000128e-02 -1.134948679267006781e-03
4.010899999999999882e-02 4.010899999999999882e-02 7.506100000000000272e-02 1.027875936108917738e-03
4.010899999999999882e-02 4.010899999999999882e-02 8.005600000000000216e-02 2.962694437186194767e-05
4.010899999999999882e-02 4.509300000000000114e-02 4.509300000000000114e-02 -1.701936804375640344e-03
4.010899999999999882e-02 4.509300000000000114e-02 5.008300000000000252e-02 1.847892498262254440e-03
4.010899999999999882e-02 4.509300000000000114e-02 5.508300000000000002e-02 5.507255675764440896e-03
4.010899999999999882e-02 4.509300000000000114e-02 6.007599999999999746e-02 4.611779957604512058e-03
4.010899999999999882e-02 4.509300000000000114e-02 6.506599999999999884e-02 2.628187436352271734e-03
4.010899999999999882e-02 4.509300000000000114e-02 7.006400000000000128e-02 2.113139234769199730e-03
4.010899999999999882e-02 4.509300000000000114e-02 7.506100000000000272e-02 6.255381890669619617e-03
4.010899999999999882e-02 4.509300000000000114e-02 8.005600000000000216e-02 1.813965236831641603e-03
4.010899999999999882e-02 5.008300000000000252e-02 5.008300000000000252e-02 3.661640538648732249e-03
4.010899999999999882e-02 5.008300000000000252e-02 5.508300000000000002e-02 9.715876760057127722e-04
4.010899999999999882e-02 5.008300000000000252e-02 6.007599999999999746e-02 -2.000510700917006775e-03
4.010899999999999882e-02 5.008300000000000252e-02 6.506599999999999884e-02 1.557553390673026630e-03
4.010899999999999882e-02 5.008300000000000252e-02 7.006400000000000128e-02 -1.591863581494622421e-03
4.010899999999999882e-02 5.008300000000000252e-02 7.506100000000000272e-02 4.233726840387495860e-03
4.010899999999999882e-02 5.008300000000000252e-02 8.005600000000000216e-02 1.842111667407242545e-03
4.010899999999999882e-02 5.508300000000000002e-02 5.508300000000000002e-02 -5.635533128566113346e-04
4.010899999999999882e-02 5.508300000000000002e-02 6.007599999999999746e-02 9.377681518638757065e-04
4.010899999999999882e-02 5.508300000000000002e-02 6.506599999999999884e-02 -2.382856819975325956e-03
4.010899999999999882e-02 5.508300000000000002e-02 7.006400000000000128e-02 -3.150169967278751968e-04
4.010899999999999882e-02 5.508300000000000002e-02 7.506100000000000272e-02 1.791705294557679670e-03
4.010899999999999882e-02 5.508300000000000002e-02 8.005600000000000216e-02 5.409211304493525939e-05
4.010899999999999882e-02 6.007599999999999746e-02 6.007599999999999746e-02 -2.242679681861641829e-03
4.010899999999999882e-02 6.007599999999999746e-02 6.506599999999999884e-02 3.264822573041796863e-03
4.010899999999999882e-02 6.007599999999999746e-02 7.006400000000000128e-02 8.758103861287177367e-04
4.010899999999999882e-02 6.007599999999999746e-02 7.506100000000000272e-02 1.655766033385396149e-03
4.010899999999999882e-02 6.007599999999999746e-02 8.005600000000000216e-02 1.542848511486072339e-03
4.010899999999999882e-02 6.506599999999999884e-02 6.506599999999999884e-02 4.313411159067141905e-03
4.010899999999999882e-02 6.506599999999999884e-02 7.006400000000000128e-02 -4.054666571931255133e-03
4.010899999999999882e-02 6.506599999999999884e-02 7.506100000000000272e-02 -5.905788270896948378e-05
4.010899999999999882e-02 6.506599999999999884e-02 8.005600000000000216e-02 7.940681868576737442e-04
4.010899999999999882e-02 7.006400000000000128e-02 7.006400000000000128e-02 2.551713475741346649e-03
4.010899999999999882e-02 7.006400000000000128e-02 7.506100000000000272e-02 -3.518821820932052907e-04
4.010899999999999882e-02 7.006400000000000128e-02 8.005600000000000216e-02 1.167190077115181236e-03
4.010899999999999882e-02 7.506100000000000272e-02 7.506100000000000272e-02 -1.831225992303012673e-03
4.010899999999999882e-02 7.506100000000000272e-02 8.005600000000000216e-02 -3.458993082653394596e-03
4.010899999999999882e-02 8.005600000000000216e-02 8.005600000000000216e-02 1.439997342796020888e-03
4.509300000000000114e-02 4.509300000000000114e-02 4.509300000000000114e-02 6.042363326182322936e-04
4.509300000000000114e-02 4.509300000000000114e-02 5.008300000000000252e-02 2.273061263148253453e-03
4.509300000000000114e-02 4.509300000000000114e-02 5.508300000000000002e-02 4.232885185477289376e-03
4.509300000000000114e-02 4.509300000000000114e-02 6.007599999999999746e-02 5.596217372954871531e-03
4.509300000000000114e-02 4.509300000000000114e-02 6.506599999999999884e-02 5.285303887610792034e-03
4.509300000000000114e-02 4.509300000000000114e-02 7.006400000000000128e-02 6.509458807217149978e-03
4.509300000000000114e-02 4.509300000000000114e-02 7.506100000000000272e-02 5.997713416549757363e-03
4.509300000000000114e-02 4.509300000000000114e-02 8.005600000000000216e-02 4.908556104725439809e-03
4.509300000000000114e-02 5.008300000000000252e-02 5.008300000000000252e-02 3.815466818842038442e-03
4.509300000000000114e-02 5.008300000000000252e-02 5.508300000000000002e-02 3.482734913916948546e-03
4.509300000000000114e-02 5.008300000000000252e-02 6.007599999999999746e-02 -2.069703990217292651e-04
4.509300000000000114e-02 5.008300000000000252e-02 6.506599999999999884e-02 3.312152941483129803e-03
4.509300000000000114e-02 5.008300000000000252e-02 7.006400000000000128e-02 4.591141806848567097e-03
4.509300000000000114e-02 5.008300000000000252e-02 7.506100000000000272e-02 4.453541223059291621e-03
4.509300000000000114e-02 5.008300000000000252e-02 8.005600000000000216e-02 2.282855527127041536e-03
4.509300000000000114e-02 5.508300000000000002e-02 5.508300000000000002e-02 1.384513923808647828e-03
4.509300000000000114e-02 5.508300000000000002e-02 6.007599999999999746e-02 4.068983378641649259e-03
4.509300000000000114e-02 5.508300000000000002e-02 6.506599999999999884e-02 3.532873319343463742e-03
4.509300000000000114e-02 5.508300000000000002e-02 7.006400000000000128e-02 2.786378033221389126e-03
4.509300000000000114e-02 5.508300000000000002e-02 7.506100000000000272e-02 2.718032832458171406e-03
4.509300000000000114e-02 5.508300000000000002e-02 8.005600000000000216e-02 -4.475723895359855838e-04
4.509300000000000114e-02 6.007599999999999746e-02 6.007599999999999746e-02 3.330846343843427843e-03
4.509300000000000114e-02 6.007599999999999746e-02 6.506599999999999884e-02 3.764375563965770711e-03
4.509300000000000114e-02 6.007599999999999746e-02 7.006400000000000128e-02 1.622212154338922548e-03
4.509300000000000114e-02 6.007599999999999746e-02 7.506100000000000272e-02 2.348118798915466501e-03
4.509300000000000114e-02 6.007599999999999746e-02 8.005600000000000216e-02 2.481810151860746293e-03
4.509300000000000114e-02 6.506599999999999884e-02 6.506599999999999884e-02 -1.670690827149271885e-03
4.509300000000000114e-02 6.506599999999999884e-02 7.006400000000000128e-02 1.495118889432340637e-03
4.509300000000000114e-02 6.506599999999999884e-02 7.506100000000000272e-02 3.343654081693825039e-03
4.509300000000000114e-02 6.506599999999999884e-02 8.005600000000000216e-02 3.531526675054401376e-03
4.509300000000000114e-02 7.006400000000000128e-02 7.006400000000000128e-02 2.380795727966136376e-03
4.509300000000000114e-02 7.006400000000000128e-02 7.506100000000000272e-02 3.991993914983713899e-03
4.509300000000000114e-02 7.006400000000000128e-02 8.005600000000000216e-02 9.587046199518925579e-04
4.509300000000000114e-02 7.506100000000000272e-02 7.506100000000000272e-02 1.530722145732042305e-03
4.509300000000000114e-02 7.506100000000000272e-02 8.005600000000000216e-02 1.335033096186389375e-03
4.509300000000000114e-02 8.005600000000000216e-02 8.005600000000000216e-02 2.157119407966495966e-03
5.008300000000000252e-02 5.008300000000000252e-02 5.008300000000000252e-02 4.878659490790568376e-03
5.008300000000000252e-02 5.008300000000000252e-02 5.508300000000000002e-02 3.094884157802552278e-03
5.008300000000000252e-02 5.008300000000000252e-02 6.007599999999999746e-02 1.835351600308245427e-03
5.008300000000000252e-02 5.008300000000000252e-02 6.506599999999999884e-02 1.515265081455897814e-03
5.008300000000000252e-02 5.008300000000000252e-02 7.006400000000000128e-02 1.295164646955871378e-03
5.008300000000000252e-02 5.008300000000000252e-02 7.506100000000000272e-02 3.421084013600321841e-03
5.008300000000000252e-02 5.008300000000000252e-02 8.005600000000000216e-02 1.448680335229966115e-03
5.008300000000000252e-02 5.508300000000000002e-02 5.508300000000000002e-02 4.540373605077684463e-03
5.008300000000000252e-02 5.508300000000000002e-02 6.007599999999999746e-02 1.725215550214448217e-03
5.008300000000000252e-02 5.508300000000000002e-02 6.506599999999999884e-02 2.465765577134543902e-04
5.008300000000000252e-02 5.508300000000000002e-02 7.006400000000000128e-02 7.103449141661733032e-05
5.008300000000000252e-02 5.508300000000000002e-02 7.506100000000000272e-02 -5.967227992980232189e-04
5.008300000000000252e-02 5.508300000000000002e-02 8.005600000000000216e-02 2.237473801171000441e-03
5.008300000000000252e-02 6.007599999999999746e-02 6.007599999999999746e-02 3.532335780921081001e-03
5.008300000000000252e-02 6.007599999999999746e-02 6.506599999999999884e-02 -2.198721549077818584e-04
5.008300000000000252e-02 6.007599999999999746e-02 7.006400000000000128e-02 1.273937179537269380e-04
5.008300000000000252e-02 6.007599999999999746e-02 7.506100000000000272e-02 1.072903203735151197e-03
5.008300000000000252e-02 6.007599999999999746e-02 8.005600000000000216e-02 1.329498199836152321e-03
5.008300000000000252e-02 6.506599999999999884e-02 6.506599999999999884e-02 -1.200256492845561693e-03
5.008300000000000252e-02 6.506599999999999884e-02 7.006400000000000128e-02 2.827350518929488531e-03
5.008300000000000252e-02 6.506599999999999884e-02 7.506100000000000272e-02 2.105673526235402222e-03
5.008300000000000252e-02 6.506599999999999884e-02 8.005600000000000216e-02 -2.359378613224666008e-03
5.008300000000000252e-02 7.006400000000000128e-02 7.006400000000000128e-02 2.701308850164793954e-03
5.008300000000000252e-02 7.006400000000000128e-02 7.506100000000000272e-02 1.513959478754893636e-03
5.008300000000000252e-02 7.006400000000000128e-02 8.005600000000000216e-02 2.316706131743241723e-03
5.008300000000000252e-02 7.506100000000000272e-02 7.506100000000000272e-02 6.404717608743683809e-04
5.008300000000000252e-02 7.506100000000000272e-02 8.005600000000000216e-02 1.781182779790520428e-03
5.008300000000000252e-02 8.005600000000000216e-02 8.005600000000000216e-02 2.719099487598965106e-03
5.508300000000000002e-02 5.508300000000000002e-02 5.508300000000000002e-02 3.386897368418319114e-03
5.508300000000000002e-02 5.508300000000000002e-02 6.007599999999999746e-02 -2.288916037669550853e-03
5.508300000000000002e-02 5.508300000000000002e-02 6.506599999999999884e-02 4.866846854431636313e-04
5.508300000000000002e-02 5.508300000000000002e-02 7.006400000000000128e-02 1.820668728988059700e-03
5.508300000000000002e-02 5.508300000000000002e-02 7.506100000000000272e-02 3.187101926982106436e-03
5.508300000000000002e-02 5.508300000000000002e-02 8.005600000000000216e-02 -5.689846274975990468e-04
5.508300000000000002e-02 6.007599999999999746e-02 6.007599999999999746e-02 3.340795560549946440e-03
5.508300000000000002e-02 6.007599999999999746e-02 6.506599999999999884e-02 -1.718787198027164377e-03
5.508300000000000002e-02 6.007599999999999746e-02 7.006400000000000128e-02 1.657540217015423308e-03
5.508300000000000002e-02 6.007599999999999746e-02 7.506100000000000272e-02 1.524364502948528585e-03
5.508300000000000002e-02 6.007599999999999746e-02 8.005600000000000216e-02 -6.181932766278120826e-04
5.508300000000000002e-02 6.506599999999999884e-02 6.506599999999999884e-02 2.829310847082096552e-03
5.508300000000000002e-02 6.506599999999999884e-02 7.006400000000000128e-02 2.900436884471055041e-04
5.508300000000000002e-02 6.506599999999999884e-02 7.506100000000000272e-02 1.910547453322725565e-03
5.508300000000000002e-02 6.506599999999999884e-02 8.005600000000000216e-02 -4.926017255485728909e-04
5.508300000000000002e-02 7.006400000000000128e-02 7.006400000000000128e-02 3.722304519995464286e-03
5.508300000000000002e-02 7.006400000000000128e-02 7.506100000000000272e-02 3.028555215407357365e-03
5.508300000000000002e-02 7.006400000000000128e-02 8.005600000000000216e-02 1.695900606244082247e-03
5.508300000000000002e-02 7.506100000000000272e-02 7.506100000000000272e-02 1.346823421850566012e-03
5.508300000000000002e-02 7.506100000000000272e-02 8.005600000000000216e-02 3.639545755694803281e-03
5.508300000000000002e-02 8.005600000000000216e-02 8.005600000000000216e-02 -3.202358373162621013e-04
6.007599999999999746e-02 6.007599999999999746e-02 6.007599999999999746e-02 2.484046850823593607e-03
6.007599999999999746e-02 6.007599999999999746e-02 6.506599999999999884e-02 5.783198096710471039e-04
6.007599999999999746e-02 6.007599999999999746e-02 7.006400000000000128e-02 2.139808875460116281e-03
6.007599999999999746e-02 6.007599999999999746e-02 7.506100000000000272e-02 -1.529170065374469995e-03
6.007599999999999746e-02 6.007599999999999746e-02 8.005600000000000216e-02 1.175173574067750210e-03
6.007599999999999746e-02 6.506599999999999884e-02 6.506599999999999884e-02 -2.788516522549090368e-03
6.007599999999999746e-02 6.506599999999999884e-02 7.006400000000000128e-02 -9.424014881431364184e-04
6.007599999999999746e-02 6.506599999999999884e-02 7.506100000000000272e-02 3.099194275485495521e-03
6.007599999999999746e-02 6.506599999999999884e-02 8.005600000000000216e-02 2.002345942968520535e-03
6.007599999999999746e-02 7.006400000000000128e-02 7.006400000000000128e-02 -4.967275490896709512e-04
6.007599999999999746e-02 7.006400000000000128e-02 7.506100000000000272e-02 1.660524466258841460e-03
6.007599999999999746e-02 7.006400000000000128e-02 8.005600000000000216e-02 2.168529063855867411e-03
6.007599999999999746e-02 7.506100000000000272e-02 7.506100000000000272e-02 -1.422884227591910290e-03
6.007599999999999746e-02 7.506100000000000272e-02 8.005600000000000216e-02 1.814591687621907711e-03
6.007599999999999746e-02 8.005600000000000216e-02 8.005600000000000216e-02 3.013961832626965102e-03
6.506599999999999884e-02 6.506599999999999884e-02 6.506599999999999884e-02 -1.300318904171430612e-03
6.506599999999999884e-02 6.506599999999999884e-02 7.006400000000000128e-02 1.653729251971105705e-03
6.506599999999999884e-02 6.506599999999999884e-02 7.506100000000000272e-02 3.473928032674087653e-03
6.506599999999999884e-02 6.506599999999999884e-02 8.005600000000000216e-02 2.658351755754890730e-03
6.506599999999999884e-02 7.006400000000000128e-02 7.006400000000000128e-02 1.708551641930696093e-03
6.506599999999999884e-02 7.006400000000000128e-02 7.506100000000000272e-02 -9.669658217159257402e-04
6.506599999999999884e-02 7.006400000000000128e-02 8.005600000000000216e-02 2.275890487158160197e-03
6.506599999999999884e-02 7.506100000000000272e-02 7.506100000000000272e-02 8.093255749909940614e-05
6.506599999999999884e-02 7.506100000000000272e-02 8.005600000000000216e-02 -8.873489650893011610e-05
6.506599999999999884e-02 8.005600000000000216e-02 8.005600000000000216e-02 5.306207658795627710e-03
7.006400000000000128e-02 7.006400000000000128e-02 7.006400000000000128e-02 1.804198741734499851e-04
7.006400000000000128e-02 7.006400000000000128e-02 7.506100000000000272e-02 -7.576982586683022811e-04
7.006400000000000128e-02 7.006400000000000128e-02 8.005600000000000216e-02 2.008519217610459876e-03
7.006400000000000128e-02 7.506100000000000272e-02 7.506100000000000272e-02 -1.618462177365799981e-03
7.006400000000000128e-02 7.506100000000000272e-02 8.005600000000000216e-02 -3.248593481643320419e-04
7.006400000000000128e-02 8.005600000000000216e-02 8.005600000000000216e-02 2.411154866683927738e-03
7.506100000000000272e-02 7.506100000000000272e-02 7.506100000000000272e-02 -3.447573981376292080e-03
7.506100000000000272e-02 7.506100000000000272e-02 8.005600000000000216e-02 -9.289266364961919643e-04
7.506100000000000272e-02 8.005600000000000216e-02 8.005600000000000216e-02 -2.307196938428542846e-03
8.005600000000000216e-02 8.005600000000000216e-02 8.005600000000000216e-02 -4.428680891298089964e-03
