# Bispectrum RIC correction for sample SGC and SN subtraction True 
#  k1_eff k2_eff k3_eff Wk_ric
5.785000000000000211e-03 5.785000000000000211e-03 5.785000000000000211e-03 5.866313998255418660e+00
5.785000000000000211e-03 5.785000000000000211e-03 1.042599999999999950e-02 1.487323254071039325e-01
5.785000000000000211e-03 5.785000000000000211e-03 1.528299999999999971e-02 8.575024971320870382e-01
5.785000000000000211e-03 1.042599999999999950e-02 1.042599999999999950e-02 -8.959690513922272670e-01
5.785000000000000211e-03 1.042599999999999950e-02 1.528299999999999971e-02 1.072493736867977387e-01
5.785000000000000211e-03 1.042599999999999950e-02 2.021500000000000033e-02 3.098415609551102290e-01
5.785000000000000211e-03 1.528299999999999971e-02 1.528299999999999971e-02 -2.979131705522056195e-01
5.785000000000000211e-03 1.528299999999999971e-02 2.021500000000000033e-02 6.081145728802316019e-02
5.785000000000000211e-03 1.528299999999999971e-02 2.516799999999999940e-02 2.099721174068199525e-01
5.785000000000000211e-03 2.021500000000000033e-02 2.021500000000000033e-02 -3.400696100026578961e-01
5.785000000000000211e-03 2.021500000000000033e-02 2.516799999999999940e-02 3.217434634218662576e-02
5.785000000000000211e-03 2.021500000000000033e-02 3.012099999999999847e-02 2.254394098913926614e-01
5.785000000000000211e-03 2.516799999999999940e-02 2.516799999999999940e-02 -3.942666058144685404e-01
5.785000000000000211e-03 2.516799999999999940e-02 3.012099999999999847e-02 9.262486901152440499e-02
5.785000000000000211e-03 2.516799999999999940e-02 3.511199999999999738e-02 2.780730046118529142e-01
5.785000000000000211e-03 3.012099999999999847e-02 3.012099999999999847e-02 -2.885657802081160739e-01
5.785000000000000211e-03 3.012099999999999847e-02 3.511199999999999738e-02 1.701555044885833257e-01
5.785000000000000211e-03 3.012099999999999847e-02 4.010899999999999882e-02 2.772187708163932340e-01
5.785000000000000211e-03 3.511199999999999738e-02 3.511199999999999738e-02 -4.078961891428927178e-01
5.785000000000000211e-03 3.511199999999999738e-02 4.010899999999999882e-02 1.470996469037466614e-01
5.785000000000000211e-03 3.511199999999999738e-02 4.509300000000000114e-02 2.969155352857044128e-01
5.785000000000000211e-03 4.010899999999999882e-02 4.010899999999999882e-02 -4.773700122636607701e-01
5.785000000000000211e-03 4.010899999999999882e-02 4.509300000000000114e-02 1.671491690572072808e-01
5.785000000000000211e-03 4.010899999999999882e-02 5.008300000000000252e-02 2.391789700893686144e-01
5.785000000000000211e-03 4.509300000000000114e-02 4.509300000000000114e-02 -4.241641440577019195e-01
5.785000000000000211e-03 4.509300000000000114e-02 5.008300000000000252e-02 1.183874902094400050e-01
5.785000000000000211e-03 4.509300000000000114e-02 5.508300000000000002e-02 2.655686913225722701e-01
5.785000000000000211e-03 5.008300000000000252e-02 5.008300000000000252e-02 -4.093783611137764011e-01
5.785000000000000211e-03 5.008300000000000252e-02 5.508300000000000002e-02 1.571516946381282254e-01
5.785000000000000211e-03 5.008300000000000252e-02 6.007599999999999746e-02 2.857654277738636006e-01
5.785000000000000211e-03 5.508300000000000002e-02 5.508300000000000002e-02 -5.134102552679895570e-01
5.785000000000000211e-03 5.508300000000000002e-02 6.007599999999999746e-02 2.084685018452982763e-01
5.785000000000000211e-03 5.508300000000000002e-02 6.506599999999999884e-02 3.536256691230583171e-01
5.785000000000000211e-03 6.007599999999999746e-02 6.007599999999999746e-02 -6.252688244101789472e-01
5.785000000000000211e-03 6.007599999999999746e-02 6.506599999999999884e-02 2.043609694065157967e-01
5.785000000000000211e-03 6.007599999999999746e-02 7.006400000000000128e-02 3.590939924469394584e-01
5.785000000000000211e-03 6.506599999999999884e-02 6.506599999999999884e-02 -6.042880795440872532e-01
5.785000000000000211e-03 6.506599999999999884e-02 7.006400000000000128e-02 2.083670254210168993e-01
5.785000000000000211e-03 6.506599999999999884e-02 7.506100000000000272e-02 3.670725229208862128e-01
5.785000000000000211e-03 7.006400000000000128e-02 7.006400000000000128e-02 -6.324736580204041170e-01
5.785000000000000211e-03 7.006400000000000128e-02 7.506100000000000272e-02 1.895790147613884979e-01
5.785000000000000211e-03 7.006400000000000128e-02 8.005600000000000216e-02 2.836700581490338435e-01
5.785000000000000211e-03 7.506100000000000272e-02 7.506100000000000272e-02 -6.817133868842022437e-01
5.785000000000000211e-03 7.506100000000000272e-02 8.005600000000000216e-02 2.204958728237352283e-01
5.785000000000000211e-03 8.005600000000000216e-02 8.005600000000000216e-02 -8.722357340848466700e-01
1.042599999999999950e-02 1.042599999999999950e-02 1.042599999999999950e-02 1.001579870976734010e-01
1.042599999999999950e-02 1.042599999999999950e-02 1.528299999999999971e-02 -2.036757427831892980e-02
1.042599999999999950e-02 1.042599999999999950e-02 2.021500000000000033e-02 -7.088240449027567941e-04
1.042599999999999950e-02 1.042599999999999950e-02 2.516799999999999940e-02 1.035984184931756508e-01
1.042599999999999950e-02 1.528299999999999971e-02 1.528299999999999971e-02 -8.124002742626316304e-03
1.042599999999999950e-02 1.528299999999999971e-02 2.021500000000000033e-02 -2.398811686359053619e-03
1.042599999999999950e-02 1.528299999999999971e-02 2.516799999999999940e-02 2.659370510056862855e-02
1.042599999999999950e-02 1.528299999999999971e-02 3.012099999999999847e-02 6.701161550779090315e-02
1.042599999999999950e-02 2.021500000000000033e-02 2.021500000000000033e-02 3.850176497476066710e-03
1.042599999999999950e-02 2.021500000000000033e-02 2.516799999999999940e-02 -2.259509919592576563e-02
1.042599999999999950e-02 2.021500000000000033e-02 3.012099999999999847e-02 3.274053323751904138e-02
1.042599999999999950e-02 2.021500000000000033e-02 3.511199999999999738e-02 7.116544141296095305e-02
1.042599999999999950e-02 2.516799999999999940e-02 2.516799999999999940e-02 -3.152354852960081999e-02
1.042599999999999950e-02 2.516799999999999940e-02 3.012099999999999847e-02 -2.637287960463657703e-03
1.042599999999999950e-02 2.516799999999999940e-02 3.511199999999999738e-02 1.287281816462321725e-02
1.042599999999999950e-02 2.516799999999999940e-02 4.010899999999999882e-02 9.764757362916526295e-02
1.042599999999999950e-02 3.012099999999999847e-02 3.012099999999999847e-02 -2.021987819658163307e-02
1.042599999999999950e-02 3.012099999999999847e-02 3.511199999999999738e-02 -8.340901648451417086e-03
1.042599999999999950e-02 3.012099999999999847e-02 4.010899999999999882e-02 1.042798348972861708e-02
1.042599999999999950e-02 3.012099999999999847e-02 4.509300000000000114e-02 7.153791215539130610e-02
1.042599999999999950e-02 3.511199999999999738e-02 3.511199999999999738e-02 -6.366214969885831618e-03
1.042599999999999950e-02 3.511199999999999738e-02 4.010899999999999882e-02 -1.331569894981602005e-02
1.042599999999999950e-02 3.511199999999999738e-02 4.509300000000000114e-02 3.021453123155073972e-02
1.042599999999999950e-02 3.511199999999999738e-02 5.008300000000000252e-02 8.975988524024118564e-02
1.042599999999999950e-02 4.010899999999999882e-02 4.010899999999999882e-02 -3.770080109589981493e-02
1.042599999999999950e-02 4.010899999999999882e-02 4.509300000000000114e-02 -2.095743583292043744e-03
1.042599999999999950e-02 4.010899999999999882e-02 5.008300000000000252e-02 2.720816498394226443e-02
1.042599999999999950e-02 4.010899999999999882e-02 5.508300000000000002e-02 5.685466810775769569e-02
1.042599999999999950e-02 4.509300000000000114e-02 4.509300000000000114e-02 5.229859000889501910e-03
1.042599999999999950e-02 4.509300000000000114e-02 5.008300000000000252e-02 -1.620276216085376683e-02
1.042599999999999950e-02 4.509300000000000114e-02 5.508300000000000002e-02 1.185809734226474579e-02
1.042599999999999950e-02 4.509300000000000114e-02 6.007599999999999746e-02 7.785146711384563489e-02
1.042599999999999950e-02 5.008300000000000252e-02 5.008300000000000252e-02 -2.336708911735593114e-02
1.042599999999999950e-02 5.008300000000000252e-02 5.508300000000000002e-02 -1.819881403987241505e-02
1.042599999999999950e-02 5.008300000000000252e-02 6.007599999999999746e-02 2.081419406910136466e-02
1.042599999999999950e-02 5.008300000000000252e-02 6.506599999999999884e-02 1.219126159074732513e-01
1.042599999999999950e-02 5.508300000000000002e-02 5.508300000000000002e-02 -2.295866863704068908e-02
1.042599999999999950e-02 5.508300000000000002e-02 6.007599999999999746e-02 -5.241610329286768705e-03
1.042599999999999950e-02 5.508300000000000002e-02 6.506599999999999884e-02 3.089368125075003108e-02
1.042599999999999950e-02 5.508300000000000002e-02 7.006400000000000128e-02 1.262844147944791884e-01
1.042599999999999950e-02 6.007599999999999746e-02 6.007599999999999746e-02 -2.101442697412024205e-02
1.042599999999999950e-02 6.007599999999999746e-02 6.506599999999999884e-02 -1.774341907554303002e-02
1.042599999999999950e-02 6.007599999999999746e-02 7.006400000000000128e-02 1.939005150720161247e-02
1.042599999999999950e-02 6.007599999999999746e-02 7.506100000000000272e-02 7.415951351632975308e-02
1.042599999999999950e-02 6.506599999999999884e-02 6.506599999999999884e-02 -4.039325408263274436e-02
1.042599999999999950e-02 6.506599999999999884e-02 7.006400000000000128e-02 -2.692212855867813850e-02
1.042599999999999950e-02 6.506599999999999884e-02 7.506100000000000272e-02 1.289236851013237511e-02
1.042599999999999950e-02 6.506599999999999884e-02 8.005600000000000216e-02 9.215867700848466570e-02
1.042599999999999950e-02 7.006400000000000128e-02 7.006400000000000128e-02 -2.274937258593610553e-02
1.042599999999999950e-02 7.006400000000000128e-02 7.506100000000000272e-02 -1.874987086244421508e-02
1.042599999999999950e-02 7.006400000000000128e-02 8.005600000000000216e-02 3.635735899516195219e-03
1.042599999999999950e-02 7.506100000000000272e-02 7.506100000000000272e-02 -1.360197878331725029e-02
1.042599999999999950e-02 7.506100000000000272e-02 8.005600000000000216e-02 -3.114835016065312101e-02
1.042599999999999950e-02 8.005600000000000216e-02 8.005600000000000216e-02 -1.983549126554359429e-02
1.528299999999999971e-02 1.528299999999999971e-02 1.528299999999999971e-02 4.519085732065335898e-02
1.528299999999999971e-02 1.528299999999999971e-02 2.021500000000000033e-02 5.658090739307022193e-02
1.528299999999999971e-02 1.528299999999999971e-02 2.516799999999999940e-02 1.982564441979331807e-02
1.528299999999999971e-02 1.528299999999999971e-02 3.012099999999999847e-02 1.509392184962337138e-02
1.528299999999999971e-02 1.528299999999999971e-02 3.511199999999999738e-02 1.260025544333158443e-02
1.528299999999999971e-02 2.021500000000000033e-02 2.021500000000000033e-02 3.685104502350576572e-02
1.528299999999999971e-02 2.021500000000000033e-02 2.516799999999999940e-02 1.715007817894152395e-02
1.528299999999999971e-02 2.021500000000000033e-02 3.012099999999999847e-02 5.187041163604257620e-03
1.528299999999999971e-02 2.021500000000000033e-02 3.511199999999999738e-02 4.655387220214347171e-03
1.528299999999999971e-02 2.021500000000000033e-02 4.010899999999999882e-02 -1.300362757300967120e-02
1.528299999999999971e-02 2.516799999999999940e-02 2.516799999999999940e-02 7.694839590504091997e-03
1.528299999999999971e-02 2.516799999999999940e-02 3.012099999999999847e-02 5.980864766928260280e-03
1.528299999999999971e-02 2.516799999999999940e-02 3.511199999999999738e-02 5.498751209847077721e-03
1.528299999999999971e-02 2.516799999999999940e-02 4.010899999999999882e-02 1.559304841472560453e-02
1.528299999999999971e-02 2.516799999999999940e-02 4.509300000000000114e-02 3.213244267074801680e-02
1.528299999999999971e-02 3.012099999999999847e-02 3.012099999999999847e-02 -3.293808457932887422e-03
1.528299999999999971e-02 3.012099999999999847e-02 3.511199999999999738e-02 1.845725848096180927e-02
1.528299999999999971e-02 3.012099999999999847e-02 4.010899999999999882e-02 1.648266967428439062e-02
1.528299999999999971e-02 3.012099999999999847e-02 4.509300000000000114e-02 2.126620700124971092e-02
1.528299999999999971e-02 3.012099999999999847e-02 5.008300000000000252e-02 3.155575046370585196e-02
1.528299999999999971e-02 3.511199999999999738e-02 3.511199999999999738e-02 -3.009719327854247766e-03
1.528299999999999971e-02 3.511199999999999738e-02 4.010899999999999882e-02 1.028197060399588421e-02
1.528299999999999971e-02 3.511199999999999738e-02 4.509300000000000114e-02 1.829902417694332858e-02
1.528299999999999971e-02 3.511199999999999738e-02 5.008300000000000252e-02 3.016195637266167948e-02
1.528299999999999971e-02 3.511199999999999738e-02 5.508300000000000002e-02 1.230555860872751400e-02
1.528299999999999971e-02 4.010899999999999882e-02 4.010899999999999882e-02 1.392901431463737516e-02
1.528299999999999971e-02 4.010899999999999882e-02 4.509300000000000114e-02 1.011591457748306846e-02
1.528299999999999971e-02 4.010899999999999882e-02 5.008300000000000252e-02 1.925696083643391870e-02
1.528299999999999971e-02 4.010899999999999882e-02 5.508300000000000002e-02 1.193860119896735655e-02
1.528299999999999971e-02 4.010899999999999882e-02 6.007599999999999746e-02 1.048864267318495511e-02
1.528299999999999971e-02 4.509300000000000114e-02 4.509300000000000114e-02 1.976483158092007947e-02
1.528299999999999971e-02 4.509300000000000114e-02 5.008300000000000252e-02 1.592937012808204669e-02
1.528299999999999971e-02 4.509300000000000114e-02 5.508300000000000002e-02 1.387473738847393862e-02
1.528299999999999971e-02 4.509300000000000114e-02 6.007599999999999746e-02 2.823508638380528221e-02
1.528299999999999971e-02 4.509300000000000114e-02 6.506599999999999884e-02 1.737775371148437761e-02
1.528299999999999971e-02 5.008300000000000252e-02 5.008300000000000252e-02 -7.268291642368429790e-03
1.528299999999999971e-02 5.008300000000000252e-02 5.508300000000000002e-02 1.294236031144421067e-02
1.528299999999999971e-02 5.008300000000000252e-02 6.007599999999999746e-02 2.337272009537788575e-02
1.528299999999999971e-02 5.008300000000000252e-02 6.506599999999999884e-02 3.055282742072388744e-02
1.528299999999999971e-02 5.008300000000000252e-02 7.006400000000000128e-02 1.518324555072445882e-02
1.528299999999999971e-02 5.508300000000000002e-02 5.508300000000000002e-02 8.890776229204254075e-03
1.528299999999999971e-02 5.508300000000000002e-02 6.007599999999999746e-02 1.698311777432075578e-02
1.528299999999999971e-02 5.508300000000000002e-02 6.506599999999999884e-02 1.676130514173031563e-02
1.528299999999999971e-02 5.508300000000000002e-02 7.006400000000000128e-02 9.142304929618289000e-03
1.528299999999999971e-02 5.508300000000000002e-02 7.506100000000000272e-02 7.509009210577472643e-03
1.528299999999999971e-02 6.007599999999999746e-02 6.007599999999999746e-02 7.606012800092001869e-03
1.528299999999999971e-02 6.007599999999999746e-02 6.506599999999999884e-02 3.391319661869358643e-03
1.528299999999999971e-02 6.007599999999999746e-02 7.006400000000000128e-02 1.161304285525512590e-02
1.528299999999999971e-02 6.007599999999999746e-02 7.506100000000000272e-02 1.721022071611648732e-02
1.528299999999999971e-02 6.007599999999999746e-02 8.005600000000000216e-02 3.165406729732801738e-02
1.528299999999999971e-02 6.506599999999999884e-02 6.506599999999999884e-02 2.467537985027426928e-03
1.528299999999999971e-02 6.506599999999999884e-02 7.006400000000000128e-02 6.180939044246812689e-03
1.528299999999999971e-02 6.506599999999999884e-02 7.506100000000000272e-02 1.014674640349884707e-02
1.528299999999999971e-02 6.506599999999999884e-02 8.005600000000000216e-02 1.440521877393161586e-02
1.528299999999999971e-02 7.006400000000000128e-02 7.006400000000000128e-02 1.275112467635894711e-02
1.528299999999999971e-02 7.006400000000000128e-02 7.506100000000000272e-02 1.649728033548109041e-02
1.528299999999999971e-02 7.006400000000000128e-02 8.005600000000000216e-02 1.111301009207948422e-02
1.528299999999999971e-02 7.506100000000000272e-02 7.506100000000000272e-02 1.611099907925257757e-02
1.528299999999999971e-02 7.506100000000000272e-02 8.005600000000000216e-02 1.559873094356070168e-02
1.528299999999999971e-02 8.005600000000000216e-02 8.005600000000000216e-02 1.747777039013979558e-02
2.021500000000000033e-02 2.021500000000000033e-02 2.021500000000000033e-02 4.661823391216373368e-03
2.021500000000000033e-02 2.021500000000000033e-02 2.516799999999999940e-02 2.660205548822331539e-02
2.021500000000000033e-02 2.021500000000000033e-02 3.012099999999999847e-02 1.270433714963841929e-02
2.021500000000000033e-02 2.021500000000000033e-02 3.511199999999999738e-02 2.730347762571932319e-02
2.021500000000000033e-02 2.021500000000000033e-02 4.010899999999999882e-02 1.418373085206711161e-02
2.021500000000000033e-02 2.021500000000000033e-02 4.509300000000000114e-02 -1.265934864699091306e-02
2.021500000000000033e-02 2.516799999999999940e-02 2.516799999999999940e-02 -3.703717509446496307e-03
2.021500000000000033e-02 2.516799999999999940e-02 3.012099999999999847e-02 2.396813049902545012e-02
2.021500000000000033e-02 2.516799999999999940e-02 3.511199999999999738e-02 7.223848269503796611e-03
2.021500000000000033e-02 2.516799999999999940e-02 4.010899999999999882e-02 9.180193863164579429e-03
2.021500000000000033e-02 2.516799999999999940e-02 4.509300000000000114e-02 8.204046506046596549e-03
2.021500000000000033e-02 2.516799999999999940e-02 5.008300000000000252e-02 1.682596264321259286e-03
2.021500000000000033e-02 3.012099999999999847e-02 3.012099999999999847e-02 2.127209247279321716e-02
2.021500000000000033e-02 3.012099999999999847e-02 3.511199999999999738e-02 1.302055305395445443e-02
2.021500000000000033e-02 3.012099999999999847e-02 4.010899999999999882e-02 1.552218575926016773e-02
2.021500000000000033e-02 3.012099999999999847e-02 4.509300000000000114e-02 2.245130276743169395e-02
2.021500000000000033e-02 3.012099999999999847e-02 5.008300000000000252e-02 2.299947066168158208e-02
2.021500000000000033e-02 3.012099999999999847e-02 5.508300000000000002e-02 1.247049531765747135e-02
2.021500000000000033e-02 3.511199999999999738e-02 3.511199999999999738e-02 7.867113444587120821e-03
2.021500000000000033e-02 3.511199999999999738e-02 4.010899999999999882e-02 6.532458120946669014e-03
2.021500000000000033e-02 3.511199999999999738e-02 4.509300000000000114e-02 1.884858214841954663e-02
2.021500000000000033e-02 3.511199999999999738e-02 5.008300000000000252e-02 1.280062580411669461e-02
2.021500000000000033e-02 3.511199999999999738e-02 5.508300000000000002e-02 -1.291729658279643827e-03
2.021500000000000033e-02 3.511199999999999738e-02 6.007599999999999746e-02 -4.076806994113814364e-02
2.021500000000000033e-02 4.010899999999999882e-02 4.010899999999999882e-02 1.286771743888806031e-02
2.021500000000000033e-02 4.010899999999999882e-02 4.509300000000000114e-02 1.204443223534074764e-02
2.021500000000000033e-02 4.010899999999999882e-02 5.008300000000000252e-02 1.448874397387088855e-02
2.021500000000000033e-02 4.010899999999999882e-02 5.508300000000000002e-02 4.425907645988904487e-03
2.021500000000000033e-02 4.010899999999999882e-02 6.007599999999999746e-02 7.549355838173621436e-03
2.021500000000000033e-02 4.010899999999999882e-02 6.506599999999999884e-02 -2.059998870064659940e-02
2.021500000000000033e-02 4.509300000000000114e-02 4.509300000000000114e-02 5.775837604735216575e-03
2.021500000000000033e-02 4.509300000000000114e-02 5.008300000000000252e-02 1.939603836603826653e-02
2.021500000000000033e-02 4.509300000000000114e-02 5.508300000000000002e-02 8.789347283806980826e-03
2.021500000000000033e-02 4.509300000000000114e-02 6.007599999999999746e-02 1.648901149307439862e-02
2.021500000000000033e-02 4.509300000000000114e-02 6.506599999999999884e-02 8.474553788113389774e-03
2.021500000000000033e-02 4.509300000000000114e-02 7.006400000000000128e-02 -8.902159177985117730e-03
2.021500000000000033e-02 5.008300000000000252e-02 5.008300000000000252e-02 1.462696322214554305e-02
2.021500000000000033e-02 5.008300000000000252e-02 5.508300000000000002e-02 1.685893747594336550e-02
2.021500000000000033e-02 5.008300000000000252e-02 6.007599999999999746e-02 6.635012996967159897e-03
2.021500000000000033e-02 5.008300000000000252e-02 6.506599999999999884e-02 1.363867922014364367e-02
2.021500000000000033e-02 5.008300000000000252e-02 7.006400000000000128e-02 4.957606975296417230e-03
2.021500000000000033e-02 5.008300000000000252e-02 7.506100000000000272e-02 -7.056374246228578999e-03
2.021500000000000033e-02 5.508300000000000002e-02 5.508300000000000002e-02 5.784650389079929421e-03
2.021500000000000033e-02 5.508300000000000002e-02 6.007599999999999746e-02 1.225855261955556379e-02
2.021500000000000033e-02 5.508300000000000002e-02 6.506599999999999884e-02 7.747480233369350919e-03
2.021500000000000033e-02 5.508300000000000002e-02 7.006400000000000128e-02 9.930176727337671622e-03
2.021500000000000033e-02 5.508300000000000002e-02 7.506100000000000272e-02 1.131158336442418880e-02
2.021500000000000033e-02 5.508300000000000002e-02 8.005600000000000216e-02 2.838270619065340686e-02
2.021500000000000033e-02 6.007599999999999746e-02 6.007599999999999746e-02 6.645775056487737698e-03
2.021500000000000033e-02 6.007599999999999746e-02 6.506599999999999884e-02 8.954603098569951028e-03
2.021500000000000033e-02 6.007599999999999746e-02 7.006400000000000128e-02 1.061444542813084861e-02
2.021500000000000033e-02 6.007599999999999746e-02 7.506100000000000272e-02 1.107304249497419006e-02
2.021500000000000033e-02 6.007599999999999746e-02 8.005600000000000216e-02 1.424465887490914068e-03
2.021500000000000033e-02 6.506599999999999884e-02 6.506599999999999884e-02 5.405387834026859940e-03
2.021500000000000033e-02 6.506599999999999884e-02 7.006400000000000128e-02 1.610741861780911818e-02
2.021500000000000033e-02 6.506599999999999884e-02 7.506100000000000272e-02 1.473556709562924040e-02
2.021500000000000033e-02 6.506599999999999884e-02 8.005600000000000216e-02 1.227070499833724480e-02
2.021500000000000033e-02 7.006400000000000128e-02 7.006400000000000128e-02 5.385628694407043095e-03
2.021500000000000033e-02 7.006400000000000128e-02 7.506100000000000272e-02 1.278306170777191060e-02
2.021500000000000033e-02 7.006400000000000128e-02 8.005600000000000216e-02 1.634499610548692874e-02
2.021500000000000033e-02 7.506100000000000272e-02 7.506100000000000272e-02 1.883063788163751376e-02
2.021500000000000033e-02 7.506100000000000272e-02 8.005600000000000216e-02 1.802351079123427555e-02
2.021500000000000033e-02 8.005600000000000216e-02 8.005600000000000216e-02 8.363302931929729109e-03
2.516799999999999940e-02 2.516799999999999940e-02 2.516799999999999940e-02 1.924900291857376683e-02
2.516799999999999940e-02 2.516799999999999940e-02 3.012099999999999847e-02 1.738587645030661988e-02
2.516799999999999940e-02 2.516799999999999940e-02 3.511199999999999738e-02 -2.643703467428825532e-03
2.516799999999999940e-02 2.516799999999999940e-02 4.010899999999999882e-02 9.024978867047169645e-03
2.516799999999999940e-02 2.516799999999999940e-02 4.509300000000000114e-02 -1.630316667473434523e-03
2.516799999999999940e-02 2.516799999999999940e-02 5.008300000000000252e-02 -5.366255661796708910e-03
2.516799999999999940e-02 2.516799999999999940e-02 5.508300000000000002e-02 1.684360385650175013e-02
2.516799999999999940e-02 3.012099999999999847e-02 3.012099999999999847e-02 8.487441806160045052e-03
2.516799999999999940e-02 3.012099999999999847e-02 3.511199999999999738e-02 5.632197229623167080e-03
2.516799999999999940e-02 3.012099999999999847e-02 4.010899999999999882e-02 4.750699070685036537e-03
2.516799999999999940e-02 3.012099999999999847e-02 4.509300000000000114e-02 2.378004694252464947e-03
2.516799999999999940e-02 3.012099999999999847e-02 5.008300000000000252e-02 -7.559110406088284271e-04
2.516799999999999940e-02 3.012099999999999847e-02 5.508300000000000002e-02 4.982404084516865901e-03
2.516799999999999940e-02 3.012099999999999847e-02 6.007599999999999746e-02 6.431219385458417960e-03
2.516799999999999940e-02 3.511199999999999738e-02 3.511199999999999738e-02 -5.198959610888671638e-03
2.516799999999999940e-02 3.511199999999999738e-02 4.010899999999999882e-02 -1.044423578259507518e-02
2.516799999999999940e-02 3.511199999999999738e-02 4.509300000000000114e-02 3.584262575788435112e-03
2.516799999999999940e-02 3.511199999999999738e-02 5.008300000000000252e-02 -7.210704930656170256e-03
2.516799999999999940e-02 3.511199999999999738e-02 5.508300000000000002e-02 1.484773149618018925e-03
2.516799999999999940e-02 3.511199999999999738e-02 6.007599999999999746e-02 1.229282047984780503e-02
2.516799999999999940e-02 3.511199999999999738e-02 6.506599999999999884e-02 8.647293067052507984e-03
2.516799999999999940e-02 4.010899999999999882e-02 4.010899999999999882e-02 1.358069669507668323e-04
2.516799999999999940e-02 4.010899999999999882e-02 4.509300000000000114e-02 -1.771347552461342021e-03
2.516799999999999940e-02 4.010899999999999882e-02 5.008300000000000252e-02 1.096344432248757801e-03
2.516799999999999940e-02 4.010899999999999882e-02 5.508300000000000002e-02 7.370481387685907590e-03
2.516799999999999940e-02 4.010899999999999882e-02 6.007599999999999746e-02 7.188533827469693015e-03
2.516799999999999940e-02 4.010899999999999882e-02 6.506599999999999884e-02 5.173237613803893797e-03
2.516799999999999940e-02 4.010899999999999882e-02 7.006400000000000128e-02 1.148427334582438966e-02
2.516799999999999940e-02 4.509300000000000114e-02 4.509300000000000114e-02 6.033355125539765877e-03
2.516799999999999940e-02 4.509300000000000114e-02 5.008300000000000252e-02 6.502093069311167504e-03
2.516799999999999940e-02 4.509300000000000114e-02 5.508300000000000002e-02 -4.753417375726033635e-04
2.516799999999999940e-02 4.509300000000000114e-02 6.007599999999999746e-02 5.969943176350112589e-03
2.516799999999999940e-02 4.509300000000000114e-02 6.506599999999999884e-02 1.015754400400413785e-03
2.516799999999999940e-02 4.509300000000000114e-02 7.006400000000000128e-02 -1.920131039595556919e-03
2.516799999999999940e-02 4.509300000000000114e-02 7.506100000000000272e-02 2.514125958467499505e-02
2.516799999999999940e-02 5.008300000000000252e-02 5.008300000000000252e-02 8.892775526581568613e-03
2.516799999999999940e-02 5.008300000000000252e-02 5.508300000000000002e-02 1.804088012425259522e-03
2.516799999999999940e-02 5.008300000000000252e-02 6.007599999999999746e-02 -1.434754897221926636e-03
2.516799999999999940e-02 5.008300000000000252e-02 6.506599999999999884e-02 -1.938754709957481040e-03
2.516799999999999940e-02 5.008300000000000252e-02 7.006400000000000128e-02 6.307042911411808554e-03
2.516799999999999940e-02 5.008300000000000252e-02 7.506100000000000272e-02 1.184063533715006174e-02
2.516799999999999940e-02 5.008300000000000252e-02 8.005600000000000216e-02 -3.678092429689833621e-03
2.516799999999999940e-02 5.508300000000000002e-02 5.508300000000000002e-02 8.003957599458856598e-03
2.516799999999999940e-02 5.508300000000000002e-02 6.007599999999999746e-02 4.170621130124315193e-03
2.516799999999999940e-02 5.508300000000000002e-02 6.506599999999999884e-02 -6.046322445855560612e-03
2.516799999999999940e-02 5.508300000000000002e-02 7.006400000000000128e-02 -5.846642415260385958e-03
2.516799999999999940e-02 5.508300000000000002e-02 7.506100000000000272e-02 -1.638132877263625067e-03
2.516799999999999940e-02 5.508300000000000002e-02 8.005600000000000216e-02 8.038938782213005119e-03
2.516799999999999940e-02 6.007599999999999746e-02 6.007599999999999746e-02 6.549671737344971503e-03
2.516799999999999940e-02 6.007599999999999746e-02 6.506599999999999884e-02 -2.975217195143461339e-03
2.516799999999999940e-02 6.007599999999999746e-02 7.006400000000000128e-02 8.106232143712848370e-04
2.516799999999999940e-02 6.007599999999999746e-02 7.506100000000000272e-02 7.622207608904964411e-03
2.516799999999999940e-02 6.007599999999999746e-02 8.005600000000000216e-02 3.405600421132680324e-03
2.516799999999999940e-02 6.506599999999999884e-02 6.506599999999999884e-02 7.737285140292407895e-03
2.516799999999999940e-02 6.506599999999999884e-02 7.006400000000000128e-02 -2.549704972292075704e-03
2.516799999999999940e-02 6.506599999999999884e-02 7.506100000000000272e-02 4.167675167535593063e-03
2.516799999999999940e-02 6.506599999999999884e-02 8.005600000000000216e-02 9.203011931325629988e-04
2.516799999999999940e-02 7.006400000000000128e-02 7.006400000000000128e-02 3.359055845528824587e-03
2.516799999999999940e-02 7.006400000000000128e-02 7.506100000000000272e-02 -5.729501741631070483e-03
2.516799999999999940e-02 7.006400000000000128e-02 8.005600000000000216e-02 1.559660884222118958e-03
2.516799999999999940e-02 7.506100000000000272e-02 7.506100000000000272e-02 -4.880969601942416677e-03
2.516799999999999940e-02 7.506100000000000272e-02 8.005600000000000216e-02 2.375065171112180837e-03
2.516799999999999940e-02 8.005600000000000216e-02 8.005600000000000216e-02 -6.990260340669887142e-03
3.012099999999999847e-02 3.012099999999999847e-02 3.012099999999999847e-02 2.673454994634948817e-02
3.012099999999999847e-02 3.012099999999999847e-02 3.511199999999999738e-02 1.890732143166459420e-02
3.012099999999999847e-02 3.012099999999999847e-02 4.010899999999999882e-02 6.726719173274620274e-03
3.012099999999999847e-02 3.012099999999999847e-02 4.509300000000000114e-02 9.788568936926018635e-03
3.012099999999999847e-02 3.012099999999999847e-02 5.008300000000000252e-02 5.083614952789267810e-03
3.012099999999999847e-02 3.012099999999999847e-02 5.508300000000000002e-02 1.550827643276845615e-02
3.012099999999999847e-02 3.012099999999999847e-02 6.007599999999999746e-02 7.669389827508889951e-03
3.012099999999999847e-02 3.012099999999999847e-02 6.506599999999999884e-02 2.487714282278378694e-02
3.012099999999999847e-02 3.511199999999999738e-02 3.511199999999999738e-02 2.554370238323119737e-03
3.012099999999999847e-02 3.511199999999999738e-02 4.010899999999999882e-02 -3.706067488638043177e-03
3.012099999999999847e-02 3.511199999999999738e-02 4.509300000000000114e-02 1.181481941602741809e-02
3.012099999999999847e-02 3.511199999999999738e-02 5.008300000000000252e-02 7.170427551045363036e-03
3.012099999999999847e-02 3.511199999999999738e-02 5.508300000000000002e-02 5.584042934323655769e-03
3.012099999999999847e-02 3.511199999999999738e-02 6.007599999999999746e-02 3.084445835178258911e-03
3.012099999999999847e-02 3.511199999999999738e-02 6.506599999999999884e-02 -2.081462649062013840e-03
3.012099999999999847e-02 3.511199999999999738e-02 7.006400000000000128e-02 -8.513171544238683566e-03
3.012099999999999847e-02 4.010899999999999882e-02 4.010899999999999882e-02 -2.729290109951002180e-04
3.012099999999999847e-02 4.010899999999999882e-02 4.509300000000000114e-02 6.035462610962150781e-03
3.012099999999999847e-02 4.010899999999999882e-02 5.008300000000000252e-02 1.758196184373091078e-03
3.012099999999999847e-02 4.010899999999999882e-02 5.508300000000000002e-02 3.093862274478402204e-04
3.012099999999999847e-02 4.010899999999999882e-02 6.007599999999999746e-02 5.133455937078446399e-03
3.012099999999999847e-02 4.010899999999999882e-02 6.506599999999999884e-02 3.709784480303202851e-03
3.012099999999999847e-02 4.010899999999999882e-02 7.006400000000000128e-02 5.461190698681239481e-04
3.012099999999999847e-02 4.010899999999999882e-02 7.506100000000000272e-02 4.066750526166976361e-03
3.012099999999999847e-02 4.509300000000000114e-02 4.509300000000000114e-02 1.487535135485470138e-02
3.012099999999999847e-02 4.509300000000000114e-02 5.008300000000000252e-02 4.570853943313912815e-03
3.012099999999999847e-02 4.509300000000000114e-02 5.508300000000000002e-02 6.629405081480807017e-03
3.012099999999999847e-02 4.509300000000000114e-02 6.007599999999999746e-02 9.466502222064104854e-03
3.012099999999999847e-02 4.509300000000000114e-02 6.506599999999999884e-02 6.386769779192588313e-04
3.012099999999999847e-02 4.509300000000000114e-02 7.006400000000000128e-02 7.562590537611877869e-04
3.012099999999999847e-02 4.509300000000000114e-02 7.506100000000000272e-02 1.420805977701242694e-03
3.012099999999999847e-02 4.509300000000000114e-02 8.005600000000000216e-02 5.609183748425510159e-03
3.012099999999999847e-02 5.008300000000000252e-02 5.008300000000000252e-02 -3.323737470863532845e-03
3.012099999999999847e-02 5.008300000000000252e-02 5.508300000000000002e-02 7.436486305017063654e-03
3.012099999999999847e-02 5.008300000000000252e-02 6.007599999999999746e-02 4.957138740172620933e-03
3.012099999999999847e-02 5.008300000000000252e-02 6.506599999999999884e-02 4.549721396894476112e-03
3.012099999999999847e-02 5.008300000000000252e-02 7.006400000000000128e-02 8.306510115799890098e-03
3.012099999999999847e-02 5.008300000000000252e-02 7.506100000000000272e-02 5.291839175514822732e-03
3.012099999999999847e-02 5.008300000000000252e-02 8.005600000000000216e-02 7.053126374663055628e-03
3.012099999999999847e-02 5.508300000000000002e-02 5.508300000000000002e-02 4.633951929816232558e-03
3.012099999999999847e-02 5.508300000000000002e-02 6.007599999999999746e-02 8.005674349849110569e-03
3.012099999999999847e-02 5.508300000000000002e-02 6.506599999999999884e-02 8.262411611054966062e-03
3.012099999999999847e-02 5.508300000000000002e-02 7.006400000000000128e-02 6.111885199930193122e-03
3.012099999999999847e-02 5.508300000000000002e-02 7.506100000000000272e-02 1.475675399270934317e-03
3.012099999999999847e-02 5.508300000000000002e-02 8.005600000000000216e-02 3.154079695732020343e-03
3.012099999999999847e-02 6.007599999999999746e-02 6.007599999999999746e-02 8.886207388191741038e-03
3.012099999999999847e-02 6.007599999999999746e-02 6.506599999999999884e-02 6.521896403753378070e-03
3.012099999999999847e-02 6.007599999999999746e-02 7.006400000000000128e-02 5.927005526420882527e-03
3.012099999999999847e-02 6.007599999999999746e-02 7.506100000000000272e-02 1.523828711014990969e-02
3.012099999999999847e-02 6.007599999999999746e-02 8.005600000000000216e-02 1.223122812329730316e-02
3.012099999999999847e-02 6.506599999999999884e-02 6.506599999999999884e-02 1.130443287974234289e-02
3.012099999999999847e-02 6.506599999999999884e-02 7.006400000000000128e-02 5.606808995475175833e-03
3.012099999999999847e-02 6.506599999999999884e-02 7.506100000000000272e-02 5.280336402244345528e-03
3.012099999999999847e-02 6.506599999999999884e-02 8.005600000000000216e-02 4.559727798579693223e-03
3.012099999999999847e-02 7.006400000000000128e-02 7.006400000000000128e-02 1.617646406551341782e-03
3.012099999999999847e-02 7.006400000000000128e-02 7.506100000000000272e-02 7.552725252185226411e-03
3.012099999999999847e-02 7.006400000000000128e-02 8.005600000000000216e-02 6.271527783094782427e-03
3.012099999999999847e-02 7.506100000000000272e-02 7.506100000000000272e-02 -2.395598933717285432e-03
3.012099999999999847e-02 7.506100000000000272e-02 8.005600000000000216e-02 8.816825448016880895e-03
3.012099999999999847e-02 8.005600000000000216e-02 8.005600000000000216e-02 2.085050971301156443e-03
3.511199999999999738e-02 3.511199999999999738e-02 3.511199999999999738e-02 -9.111646512778723284e-03
3.511199999999999738e-02 3.511199999999999738e-02 4.010899999999999882e-02 5.453090032589195078e-03
3.511199999999999738e-02 3.511199999999999738e-02 4.509300000000000114e-02 -6.951415629036552732e-03
3.511199999999999738e-02 3.511199999999999738e-02 5.008300000000000252e-02 2.700564302058429400e-03
3.511199999999999738e-02 3.511199999999999738e-02 5.508300000000000002e-02 1.789077302886790113e-03
3.511199999999999738e-02 3.511199999999999738e-02 6.007599999999999746e-02 5.987749084569488241e-03
3.511199999999999738e-02 3.511199999999999738e-02 6.506599999999999884e-02 -3.580595651095560064e-03
3.511199999999999738e-02 3.511199999999999738e-02 7.006400000000000128e-02 -1.281089916840890026e-02
3.511199999999999738e-02 3.511199999999999738e-02 7.506100000000000272e-02 9.185364620960603799e-03
3.511199999999999738e-02 4.010899999999999882e-02 4.010899999999999882e-02 3.681535822311036722e-05
3.511199999999999738e-02 4.010899999999999882e-02 4.509300000000000114e-02 -4.220398966706557240e-04
3.511199999999999738e-02 4.010899999999999882e-02 5.008300000000000252e-02 4.876602601555078166e-03
3.511199999999999738e-02 4.010899999999999882e-02 5.508300000000000002e-02 4.987174324929307886e-03
3.511199999999999738e-02 4.010899999999999882e-02 6.007599999999999746e-02 -2.142466268951767529e-03
3.511199999999999738e-02 4.010899999999999882e-02 6.506599999999999884e-02 -8.532517598152871514e-04
3.511199999999999738e-02 4.010899999999999882e-02 7.006400000000000128e-02 -3.995204655944857054e-03
3.511199999999999738e-02 4.010899999999999882e-02 7.506100000000000272e-02 -1.641205499972842388e-03
3.511199999999999738e-02 4.010899999999999882e-02 8.005600000000000216e-02 2.465373045341273661e-02
3.511199999999999738e-02 4.509300000000000114e-02 4.509300000000000114e-02 2.960460202965187453e-03
3.511199999999999738e-02 4.509300000000000114e-02 5.008300000000000252e-02 1.570158826712573065e-03
3.511199999999999738e-02 4.509300000000000114e-02 5.508300000000000002e-02 5.692472534236483681e-03
3.511199999999999738e-02 4.509300000000000114e-02 6.007599999999999746e-02 6.981622785650966855e-03
3.511199999999999738e-02 4.509300000000000114e-02 6.506599999999999884e-02 -5.015805902915646680e-03
3.511199999999999738e-02 4.509300000000000114e-02 7.006400000000000128e-02 2.086128984799995919e-03
3.511199999999999738e-02 4.509300000000000114e-02 7.506100000000000272e-02 1.020104043438636171e-02
3.511199999999999738e-02 4.509300000000000114e-02 8.005600000000000216e-02 4.722529585918993494e-03
3.511199999999999738e-02 5.008300000000000252e-02 5.008300000000000252e-02 -1.859076065757660039e-03
3.511199999999999738e-02 5.008300000000000252e-02 5.508300000000000002e-02 6.759536394241583840e-03
3.511199999999999738e-02 5.008300000000000252e-02 6.007599999999999746e-02 3.679695330006966386e-03
3.511199999999999738e-02 5.008300000000000252e-02 6.506599999999999884e-02 -5.920744850960683999e-04
3.511199999999999738e-02 5.008300000000000252e-02 7.006400000000000128e-02 -1.508443246324286209e-03
3.511199999999999738e-02 5.008300000000000252e-02 7.506100000000000272e-02 7.416016740236877972e-03
3.511199999999999738e-02 5.008300000000000252e-02 8.005600000000000216e-02 5.382220995822245037e-03
3.511199999999999738e-02 5.508300000000000002e-02 5.508300000000000002e-02 1.572486622863824429e-02
3.511199999999999738e-02 5.508300000000000002e-02 6.007599999999999746e-02 1.769543161430253654e-03
3.511199999999999738e-02 5.508300000000000002e-02 6.506599999999999884e-02 3.802997311951613214e-03
3.511199999999999738e-02 5.508300000000000002e-02 7.006400000000000128e-02 -2.115110709115262944e-03
3.511199999999999738e-02 5.508300000000000002e-02 7.506100000000000272e-02 3.024607744092624225e-03
3.511199999999999738e-02 5.508300000000000002e-02 8.005600000000000216e-02 -4.536487450953472118e-03
3.511199999999999738e-02 6.007599999999999746e-02 6.007599999999999746e-02 -6.092268150834171401e-04
3.511199999999999738e-02 6.007599999999999746e-02 6.506599999999999884e-02 4.485143408202523461e-03
3.511199999999999738e-02 6.007599999999999746e-02 7.006400000000000128e-02 7.297020526447922997e-03
3.511199999999999738e-02 6.007599999999999746e-02 7.506100000000000272e-02 2.543182051149102483e-03
3.511199999999999738e-02 6.007599999999999746e-02 8.005600000000000216e-02 6.061882527621288881e-03
3.511199999999999738e-02 6.506599999999999884e-02 6.506599999999999884e-02 2.153272834443985880e-04
3.511199999999999738e-02 6.506599999999999884e-02 7.006400000000000128e-02 1.647895129041453870e-03
3.511199999999999738e-02 6.506599999999999884e-02 7.506100000000000272e-02 2.335698735550454080e-03
3.511199999999999738e-02 6.506599999999999884e-02 8.005600000000000216e-02 3.859076472420109021e-03
3.511199999999999738e-02 7.006400000000000128e-02 7.006400000000000128e-02 -9.337481969610974750e-03
3.511199999999999738e-02 7.006400000000000128e-02 7.506100000000000272e-02 -1.890242028512677990e-03
3.511199999999999738e-02 7.006400000000000128e-02 8.005600000000000216e-02 4.956288159862448466e-03
3.511199999999999738e-02 7.506100000000000272e-02 7.506100000000000272e-02 -4.458728897888240665e-03
3.511199999999999738e-02 7.506100000000000272e-02 8.005600000000000216e-02 -3.966611747438174816e-03
3.511199999999999738e-02 8.005600000000000216e-02 8.005600000000000216e-02 -6.793621465981294037e-03
4.010899999999999882e-02 4.010899999999999882e-02 4.010899999999999882e-02 5.949631232744827247e-03
4.010899999999999882e-02 4.010899999999999882e-02 4.509300000000000114e-02 8.198880038291722627e-03
4.010899999999999882e-02 4.010899999999999882e-02 5.008300000000000252e-02 5.895875145829372090e-03
4.010899999999999882e-02 4.010899999999999882e-02 5.508300000000000002e-02 4.259236635787366776e-03
4.010899999999999882e-02 4.010899999999999882e-02 6.007599999999999746e-02 7.940378968075610666e-03
4.010899999999999882e-02 4.010899999999999882e-02 6.506599999999999884e-02 1.125387303242024476e-06
4.010899999999999882e-02 4.010899999999999882e-02 7.006400000000000128e-02 -2.217179712661635979e-03
4.010899999999999882e-02 4.010899999999999882e-02 7.506100000000000272e-02 1.984796423792025821e-03
4.010899999999999882e-02 4.010899999999999882e-02 8.005600000000000216e-02 5.264341329644643442e-05
4.010899999999999882e-02 4.509300000000000114e-02 4.509300000000000114e-02 -3.332931037660702162e-03
4.010899999999999882e-02 4.509300000000000114e-02 5.008300000000000252e-02 3.662586570858884262e-03
4.010899999999999882e-02 4.509300000000000114e-02 5.508300000000000002e-02 1.099011994286266426e-02
4.010899999999999882e-02 4.509300000000000114e-02 6.007599999999999746e-02 9.307188232019753329e-03
4.010899999999999882e-02 4.509300000000000114e-02 6.506599999999999884e-02 5.303585864154468886e-03
4.010899999999999882e-02 4.509300000000000114e-02 7.006400000000000128e-02 4.235360997087478201e-03
4.010899999999999882e-02 4.509300000000000114e-02 7.506100000000000272e-02 1.258139429682564835e-02
4.010899999999999882e-02 4.509300000000000114e-02 8.005600000000000216e-02 3.598557399368912564e-03
4.010899999999999882e-02 5.008300000000000252e-02 5.008300000000000252e-02 7.399047088131715209e-03
4.010899999999999882e-02 5.008300000000000252e-02 5.508300000000000002e-02 1.980618363069791641e-03
4.010899999999999882e-02 5.008300000000000252e-02 6.007599999999999746e-02 -4.139977647917481365e-03
4.010899999999999882e-02 5.008300000000000252e-02 6.506599999999999884e-02 3.214612235686988093e-03
4.010899999999999882e-02 5.008300000000000252e-02 7.006400000000000128e-02 -3.293362475163197182e-03
4.010899999999999882e-02 5.008300000000000252e-02 7.506100000000000272e-02 8.779471598399165785e-03
4.010899999999999882e-02 5.008300000000000252e-02 8.005600000000000216e-02 3.800670291328206701e-03
4.010899999999999882e-02 5.508300000000000002e-02 5.508300000000000002e-02 -1.175078909768482094e-03
4.010899999999999882e-02 5.508300000000000002e-02 6.007599999999999746e-02 1.956875952252334558e-03
4.010899999999999882e-02 5.508300000000000002e-02 6.506599999999999884e-02 -5.023581994122614143e-03
4.010899999999999882e-02 5.508300000000000002e-02 7.006400000000000128e-02 -6.740995295768426087e-04
4.010899999999999882e-02 5.508300000000000002e-02 7.506100000000000272e-02 3.803995672253998681e-03
4.010899999999999882e-02 5.508300000000000002e-02 8.005600000000000216e-02 1.102390565702567792e-04
4.010899999999999882e-02 6.007599999999999746e-02 6.007599999999999746e-02 -4.706142315360109518e-03
4.010899999999999882e-02 6.007599999999999746e-02 6.506599999999999884e-02 6.987344413954469161e-03
4.010899999999999882e-02 6.007599999999999746e-02 7.006400000000000128e-02 1.890984755128120474e-03
4.010899999999999882e-02 6.007599999999999746e-02 7.506100000000000272e-02 3.592144689347161624e-03
4.010899999999999882e-02 6.007599999999999746e-02 8.005600000000000216e-02 3.365050256419942643e-03
4.010899999999999882e-02 6.506599999999999884e-02 6.506599999999999884e-02 9.339397992158313122e-03
4.010899999999999882e-02 6.506599999999999884e-02 7.006400000000000128e-02 -8.915716663423840782e-03
4.010899999999999882e-02 6.506599999999999884e-02 7.506100000000000272e-02 -1.365244578521355274e-04
4.010899999999999882e-02 6.506599999999999884e-02 8.005600000000000216e-02 1.766871141850031223e-03
4.010899999999999882e-02 7.006400000000000128e-02 7.006400000000000128e-02 5.710889823541408922e-03
4.010899999999999882e-02 7.006400000000000128e-02 7.506100000000000272e-02 -7.985227601846931573e-04
4.010899999999999882e-02 7.006400000000000128e-02 8.005600000000000216e-02 2.654108255992409203e-03
4.010899999999999882e-02 7.506100000000000272e-02 7.506100000000000272e-02 -4.179433113277244115e-03
4.010899999999999882e-02 7.506100000000000272e-02 8.005600000000000216e-02 -8.025723450874329423e-03
4.010899999999999882e-02 8.005600000000000216e-02 8.005600000000000216e-02 3.373238837275668259e-03
4.509300000000000114e-02 4.509300000000000114e-02 4.509300000000000114e-02 1.205056578499179906e-03
4.509300000000000114e-02 4.509300000000000114e-02 5.008300000000000252e-02 4.571355165089683280e-03
4.509300000000000114e-02 4.509300000000000114e-02 5.508300000000000002e-02 8.692188516258660819e-03
4.509300000000000114e-02 4.509300000000000114e-02 6.007599999999999746e-02 1.154423169368584169e-02
4.509300000000000114e-02 4.509300000000000114e-02 6.506599999999999884e-02 1.100072489844285129e-02
4.509300000000000114e-02 4.509300000000000114e-02 7.006400000000000128e-02 1.363716796369120361e-02
4.509300000000000114e-02 4.509300000000000114e-02 7.506100000000000272e-02 1.245497534783873358e-02
4.509300000000000114e-02 4.509300000000000114e-02 8.005600000000000216e-02 1.014914803283991675e-02
4.509300000000000114e-02 5.008300000000000252e-02 5.008300000000000252e-02 7.848478496806305174e-03
4.509300000000000114e-02 5.008300000000000252e-02 5.508300000000000002e-02 7.317990476844648748e-03
4.509300000000000114e-02 5.008300000000000252e-02 6.007599999999999746e-02 -4.438169721537747248e-04
4.509300000000000114e-02 5.008300000000000252e-02 6.506599999999999884e-02 7.094074928793984124e-03
4.509300000000000114e-02 5.008300000000000252e-02 7.006400000000000128e-02 9.908259755929281834e-03
4.509300000000000114e-02 5.008300000000000252e-02 7.506100000000000272e-02 9.564972930887868235e-03
4.509300000000000114e-02 5.008300000000000252e-02 8.005600000000000216e-02 4.921964830014464304e-03
4.509300000000000114e-02 5.508300000000000002e-02 5.508300000000000002e-02 2.952452337871661146e-03
4.509300000000000114e-02 5.508300000000000002e-02 6.007599999999999746e-02 8.761353721946670350e-03
4.509300000000000114e-02 5.508300000000000002e-02 6.506599999999999884e-02 7.700803234048795090e-03
4.509300000000000114e-02 5.508300000000000002e-02 7.006400000000000128e-02 6.093214435385408724e-03
4.509300000000000114e-02 5.508300000000000002e-02 7.506100000000000272e-02 6.010479563272666352e-03
4.509300000000000114e-02 5.508300000000000002e-02 8.005600000000000216e-02 -1.001186597130638602e-03
4.509300000000000114e-02 6.007599999999999746e-02 6.007599999999999746e-02 7.336181795860949838e-03
4.509300000000000114e-02 6.007599999999999746e-02 6.506599999999999884e-02 8.288857340882811731e-03
4.509300000000000114e-02 6.007599999999999746e-02 7.006400000000000128e-02 3.637571733766553628e-03
4.509300000000000114e-02 6.007599999999999746e-02 7.506100000000000272e-02 5.278612181864385765e-03
4.509300000000000114e-02 6.007599999999999746e-02 8.005600000000000216e-02 5.592711677447318938e-03
4.509300000000000114e-02 6.506599999999999884e-02 6.506599999999999884e-02 -3.733514857742461536e-03
4.509300000000000114e-02 6.506599999999999884e-02 7.006400000000000128e-02 3.383437408069204285e-03
4.509300000000000114e-02 6.506599999999999884e-02 7.506100000000000272e-02 7.672092308305256472e-03
4.509300000000000114e-02 6.506599999999999884e-02 8.005600000000000216e-02 8.098754005733848835e-03
4.509300000000000114e-02 7.006400000000000128e-02 7.006400000000000128e-02 5.477525563954487725e-03
4.509300000000000114e-02 7.006400000000000128e-02 7.506100000000000272e-02 9.312362631361295953e-03
4.509300000000000114e-02 7.006400000000000128e-02 8.005600000000000216e-02 2.254684123156260218e-03
4.509300000000000114e-02 7.506100000000000272e-02 7.506100000000000272e-02 3.602171920151444988e-03
4.509300000000000114e-02 7.506100000000000272e-02 8.005600000000000216e-02 3.203094282478329002e-03
4.509300000000000114e-02 8.005600000000000216e-02 8.005600000000000216e-02 5.264510597899937916e-03
5.008300000000000252e-02 5.008300000000000252e-02 5.008300000000000252e-02 1.043482981172291595e-02
5.008300000000000252e-02 5.008300000000000252e-02 5.508300000000000002e-02 6.606921502133595962e-03
5.008300000000000252e-02 5.008300000000000252e-02 6.007599999999999746e-02 3.961159845064211003e-03
5.008300000000000252e-02 5.008300000000000252e-02 6.506599999999999884e-02 3.314743215707139420e-03
5.008300000000000252e-02 5.008300000000000252e-02 7.006400000000000128e-02 2.857966209496778844e-03
5.008300000000000252e-02 5.008300000000000252e-02 7.506100000000000272e-02 7.625486981193767624e-03
5.008300000000000252e-02 5.008300000000000252e-02 8.005600000000000216e-02 3.240926043100971453e-03
5.008300000000000252e-02 5.508300000000000002e-02 5.508300000000000002e-02 9.923964954625753843e-03
5.008300000000000252e-02 5.508300000000000002e-02 6.007599999999999746e-02 3.832056609374647448e-03
5.008300000000000252e-02 5.508300000000000002e-02 6.506599999999999884e-02 5.459765148285746200e-04
5.008300000000000252e-02 5.508300000000000002e-02 7.006400000000000128e-02 1.533235950399580575e-04
5.008300000000000252e-02 5.508300000000000002e-02 7.506100000000000272e-02 -1.364546247866864955e-03
5.008300000000000252e-02 5.508300000000000002e-02 8.005600000000000216e-02 5.100919778354417143e-03
5.008300000000000252e-02 6.007599999999999746e-02 6.007599999999999746e-02 7.941117985024951503e-03
5.008300000000000252e-02 6.007599999999999746e-02 6.506599999999999884e-02 -5.061417527474726353e-04
5.008300000000000252e-02 6.007599999999999746e-02 7.006400000000000128e-02 2.856230400945020858e-04
5.008300000000000252e-02 6.007599999999999746e-02 7.506100000000000272e-02 2.478135156255147076e-03
5.008300000000000252e-02 6.007599999999999746e-02 8.005600000000000216e-02 3.119139107991312880e-03
5.008300000000000252e-02 6.506599999999999884e-02 6.506599999999999884e-02 -2.761326421782617224e-03
5.008300000000000252e-02 6.506599999999999884e-02 7.006400000000000128e-02 6.575541780121262579e-03
5.008300000000000252e-02 6.506599999999999884e-02 7.506100000000000272e-02 4.942147498290846118e-03
5.008300000000000252e-02 6.506599999999999884e-02 8.005600000000000216e-02 -5.625703728318394437e-03
5.008300000000000252e-02 7.006400000000000128e-02 7.006400000000000128e-02 6.405649607987750661e-03
5.008300000000000252e-02 7.006400000000000128e-02 7.506100000000000272e-02 3.622329342618748130e-03
5.008300000000000252e-02 7.006400000000000128e-02 8.005600000000000216e-02 5.646754263336632371e-03
5.008300000000000252e-02 7.506100000000000272e-02 7.506100000000000272e-02 1.546763815654921903e-03
5.008300000000000252e-02 7.506100000000000272e-02 8.005600000000000216e-02 4.425914056041598856e-03
5.008300000000000252e-02 8.005600000000000216e-02 8.005600000000000216e-02 6.934460690851333535e-03
5.508300000000000002e-02 5.508300000000000002e-02 5.508300000000000002e-02 7.544461192793841357e-03
5.508300000000000002e-02 5.508300000000000002e-02 6.007599999999999746e-02 -5.124954227763418510e-03
5.508300000000000002e-02 5.508300000000000002e-02 6.506599999999999884e-02 1.099674151697711171e-03
5.508300000000000002e-02 5.508300000000000002e-02 7.006400000000000128e-02 4.137579957117831775e-03
5.508300000000000002e-02 5.508300000000000002e-02 7.506100000000000272e-02 7.422813102257412934e-03
5.508300000000000002e-02 5.508300000000000002e-02 8.005600000000000216e-02 -1.332974731373230215e-03
5.508300000000000002e-02 6.007599999999999746e-02 6.007599999999999746e-02 7.656064807984599117e-03
5.508300000000000002e-02 6.007599999999999746e-02 6.506599999999999884e-02 -3.982541892700316478e-03
5.508300000000000002e-02 6.007599999999999746e-02 7.006400000000000128e-02 3.882442241173595689e-03
5.508300000000000002e-02 6.007599999999999746e-02 7.506100000000000272e-02 3.613624870630139773e-03
5.508300000000000002e-02 6.007599999999999746e-02 8.005600000000000216e-02 -1.492226718376704836e-03
5.508300000000000002e-02 6.506599999999999884e-02 6.506599999999999884e-02 6.624480661738743094e-03
5.508300000000000002e-02 6.506599999999999884e-02 7.006400000000000128e-02 6.832424638967891754e-04
5.508300000000000002e-02 6.506599999999999884e-02 7.506100000000000272e-02 4.593120146367028755e-03
5.508300000000000002e-02 6.506599999999999884e-02 8.005600000000000216e-02 -1.206030760056788420e-03
5.508300000000000002e-02 7.006400000000000128e-02 7.006400000000000128e-02 8.959214960143993892e-03
5.508300000000000002e-02 7.006400000000000128e-02 7.506100000000000272e-02 7.420631775264590821e-03
5.508300000000000002e-02 7.006400000000000128e-02 8.005600000000000216e-02 4.200783879724240104e-03
5.508300000000000002e-02 7.506100000000000272e-02 7.506100000000000272e-02 3.368788880461735802e-03
5.508300000000000002e-02 7.506100000000000272e-02 8.005600000000000216e-02 9.259927841004943899e-03
5.508300000000000002e-02 8.005600000000000216e-02 8.005600000000000216e-02 -8.371787158633297145e-04
6.007599999999999746e-02 6.007599999999999746e-02 6.007599999999999746e-02 5.760834616029204477e-03
6.007599999999999746e-02 6.007599999999999746e-02 6.506599999999999884e-02 1.349810019808671529e-03
6.007599999999999746e-02 6.007599999999999746e-02 7.006400000000000128e-02 5.070126293804868775e-03
6.007599999999999746e-02 6.007599999999999746e-02 7.506100000000000272e-02 -3.714718384990151837e-03
6.007599999999999746e-02 6.007599999999999746e-02 8.005600000000000216e-02 2.886994553771024628e-03
6.007599999999999746e-02 6.506599999999999884e-02 6.506599999999999884e-02 -6.609730162412152596e-03
6.007599999999999746e-02 6.506599999999999884e-02 7.006400000000000128e-02 -2.270197901180613913e-03
6.007599999999999746e-02 6.506599999999999884e-02 7.506100000000000272e-02 7.643059192117006122e-03
6.007599999999999746e-02 6.506599999999999884e-02 8.005600000000000216e-02 5.006505238503401560e-03
6.007599999999999746e-02 7.006400000000000128e-02 7.006400000000000128e-02 -1.225224996078356967e-03
6.007599999999999746e-02 7.006400000000000128e-02 7.506100000000000272e-02 4.148601620028125221e-03
6.007599999999999746e-02 7.006400000000000128e-02 8.005600000000000216e-02 5.511267018918019310e-03
6.007599999999999746e-02 7.506100000000000272e-02 7.506100000000000272e-02 -3.614293871682743107e-03
6.007599999999999746e-02 7.506100000000000272e-02 8.005600000000000216e-02 4.667808678303514772e-03
6.007599999999999746e-02 8.005600000000000216e-02 8.005600000000000216e-02 7.936393272782287997e-03
6.506599999999999884e-02 6.506599999999999884e-02 6.506599999999999884e-02 -3.166826153497115815e-03
6.506599999999999884e-02 6.506599999999999884e-02 7.006400000000000128e-02 4.067277819099860206e-03
6.506599999999999884e-02 6.506599999999999884e-02 7.506100000000000272e-02 8.706458532017161481e-03
6.506599999999999884e-02 6.506599999999999884e-02 8.005600000000000216e-02 6.822262455197691984e-03
6.506599999999999884e-02 7.006400000000000128e-02 7.006400000000000128e-02 4.239477580275483222e-03
6.506599999999999884e-02 7.006400000000000128e-02 7.506100000000000272e-02 -2.465614763840931131e-03
6.506599999999999884e-02 7.006400000000000128e-02 8.005600000000000216e-02 5.953631190617093318e-03
6.506599999999999884e-02 7.506100000000000272e-02 7.506100000000000272e-02 2.019589759452036597e-04
6.506599999999999884e-02 7.506100000000000272e-02 8.005600000000000216e-02 -2.416358299686798016e-04
6.506599999999999884e-02 8.005600000000000216e-02 8.005600000000000216e-02 1.430065322105414719e-02
7.006400000000000128e-02 7.006400000000000128e-02 7.006400000000000128e-02 4.464420741815086657e-04
7.006400000000000128e-02 7.006400000000000128e-02 7.506100000000000272e-02 -1.978197574633389598e-03
7.006400000000000128e-02 7.006400000000000128e-02 8.005600000000000216e-02 5.348420655772340507e-03
7.006400000000000128e-02 7.506100000000000272e-02 7.506100000000000272e-02 -4.270643051659736567e-03
7.006400000000000128e-02 7.506100000000000272e-02 8.005600000000000216e-02 -8.851862463023258028e-04
7.006400000000000128e-02 8.005600000000000216e-02 8.005600000000000216e-02 6.653513236114637179e-03
7.506100000000000272e-02 7.506100000000000272e-02 7.506100000000000272e-02 -9.364739508954120564e-03
7.506100000000000272e-02 7.506100000000000272e-02 8.005600000000000216e-02 -2.565486808983160911e-03
7.506100000000000272e-02 8.005600000000000216e-02 8.005600000000000216e-02 -6.494726354848793723e-03
8.005600000000000216e-02 8.005600000000000216e-02 8.005600000000000216e-02 -1.289772083496441499e-02
