# B covariance for NGC
# Constant shot noise subtracted
# 
1.225833112356138189e+20 1.220486247859354010e+19 3.309527764019725312e+18 5.556832138577485600e+16 -1.708865140987494912e+18 1.253765877343753984e+18 -2.736015400129056640e+17 1.942547753429744896e+18 -3.314839780467176960e+17 1.218102473699823040e+17 5.212454207470600192e+18 -6.019903828970286080e+17 7.741163306680413440e+17 1.676878697732588160e+17 -1.334577543609160640e+17 1.285504855196288256e+18 -1.273873950766327520e+17 -1.705625001089785920e+17 -6.249980186984766400e+16 -2.541099934881395200e+18 3.444517696955312640e+18 1.339238506633404160e+17 -1.370795727065399200e+17 5.497195551696702720e+17 -2.965210223475532160e+17 1.512917997575204600e+16 3.241505372569487600e+16 1.329238416688582400e+18 -1.721787245699464640e+17 3.607512761849407200e+16 1.194093264917585760e+17 1.401029279146267200e+17
1.220486247859354010e+19 2.810778665063057408e+19 2.967233608590410240e+18 4.394009531250620800e+17 9.439845552248346624e+18 1.634826390918424320e+18 2.825995971685288000e+17 8.257283018186071040e+17 -7.021413896285224000e+16 -4.239207054907603200e+16 1.456314786646234624e+18 2.604006749428641280e+17 8.946401816671518720e+17 2.261278289090864640e+17 -5.106208585369073600e+16 4.330121448230628480e+17 8.398873126107107200e+16 5.119090101479834400e+16 1.366505105482462560e+17 2.498421003776752320e+17 4.649526111043262720e+17 1.489526492381321920e+17 -4.745497890338396000e+16 5.145737202071719680e+17 -1.224826970081942800e+16 4.756597873483660000e+16 2.217082230582121200e+16 5.657053284175223040e+17 7.295248102971217600e+16 -2.308501083405808800e+16 5.005776111274071200e+16 1.490400073268135800e+16
3.309527764019725312e+18 2.967233608590410240e+18 6.457577507506915328e+18 6.191197537587130880e+17 -1.091160066428095488e+18 1.145105300246847744e+18 2.017233742177536000e+17 8.894886414047119360e+17 1.221641969270583840e+17 5.763455472601517600e+16 -2.617694623517835840e+17 4.332796807373998400e+16 4.104175601687493760e+17 2.238425211495815200e+16 -2.031132828147075200e+16 7.739390938511511040e+17 5.676731487366992000e+16 2.483536532073421200e+16 -1.544600391412866600e+16 9.896716862943816960e+17 -3.628991650192241280e+17 1.281837280538412000e+17 2.593917474212128800e+16 2.472674560853464000e+17 1.144284480708079400e+16 1.856447665244541600e+16 -1.102970618785039600e+16 6.735530691140935680e+17 3.977959099119420000e+16 -1.012825098095246400e+16 -4.303732336437551500e+15 1.136712669593617800e+16
5.556832138577485600e+16 4.394009531250620800e+17 6.191197537587130880e+17 6.172358277910080512e+18 3.855580344458633216e+18 3.612635612719380480e+17 2.806979472245732160e+17 -1.240046167597316480e+17 7.233323872470326400e+16 -3.196741129820494800e+16 -1.332678006747682816e+18 5.264333743730754400e+16 -7.847874100072059200e+16 9.715133782106948800e+16 -9.444741140135848000e+15 -1.005287485658408480e+17 1.108290314766030560e+17 4.287227285319418400e+16 -1.378720931443818400e+16 -3.101311222279392640e+17 -1.544699347956073920e+17 1.556086527218625000e+16 -5.663672400168575000e+15 -1.276717244189999800e+16 6.685699406448852800e+16 3.688190363092243000e+15 -4.097020246272077000e+15 -5.820677037257820000e+16 9.747058071885310400e+16 2.168686362276104000e+16 3.376844882012900000e+16 -2.397556329277344400e+16
-1.708865140987494912e+18 9.439845552248346624e+18 -1.091160066428095488e+18 3.855580344458633216e+18 7.009742438459296973e+20 1.898566031616305920e+18 7.927862403724147200e+17 -4.243085353064154240e+17 8.259140386690465280e+17 8.084519974100680960e+17 1.104635117569547264e+19 1.050582088881780480e+18 2.443871718961305088e+18 6.074162871357300480e+17 4.604947764376699520e+17 -5.432266079308033280e+17 3.580204948478740480e+17 3.146153228534913600e+16 -6.400043887972032000e+17 -2.338074001040751680e+17 -3.785775062618594304e+18 -9.057726929892931200e+16 -4.440393331258839200e+16 3.867167494388374400e+17 3.605691297227272320e+17 1.687022453722302080e+17 -5.471028519865212160e+17 4.454861490157284480e+17 1.873596962149008640e+17 -1.002374154392552480e+17 -1.508884558873092800e+17 1.260530309122168960e+17
1.253765877343753984e+18 1.634826390918424320e+18 1.145105300246847744e+18 3.612635612719380480e+17 1.898566031616305920e+18 3.735023286345415168e+18 3.317103817767061120e+17 5.835503349657314560e+17 1.438538569058939840e+17 9.750327813038945600e+16 3.223596408320228480e+17 1.870992031630219840e+17 3.988803118336293760e+17 7.330348256245467200e+16 7.028142168624032000e+16 2.648531630852259200e+17 2.703203117405001200e+16 4.520324864257048800e+16 7.781464617588889600e+16 -1.681015696048406720e+17 2.512562373897260480e+17 8.820889166728379200e+16 4.374796910397668800e+16 3.441930912015730560e+17 9.718104095700419200e+16 3.943221276182208800e+16 -9.377727465387574000e+15 3.195399293995921920e+17 6.248041989626512800e+16 1.125256114584709400e+16 1.195112343380297750e+15 -5.087604717403427200e+16
-2.736015400129056640e+17 2.825995971685288000e+17 2.017233742177536000e+17 2.806979472245732160e+17 7.927862403724147200e+17 3.317103817767061120e+17 1.123648634678400896e+18 -1.036301221918161200e+16 1.171332558236076000e+17 1.155725362900610240e+17 -8.008890116229280000e+16 2.292742252918970240e+17 1.823346883748964400e+16 8.591349846951753600e+16 1.815388674862066400e+16 -6.709496068071944000e+16 6.540241074227436000e+16 8.260628007705860000e+15 8.677648560807651000e+15 -2.427481209172032640e+17 1.196468110258164800e+17 8.786118141406467200e+16 4.501780574525448000e+16 1.837698074814747600e+16 7.991350482453587200e+16 2.119170609343720000e+16 2.649207865163915000e+15 -4.166857419558988000e+15 7.678382619434299200e+16 1.826654958975928800e+16 -1.261327634682272600e+16 -1.619866812416967600e+16
1.942547753429744896e+18 8.257283018186071040e+17 8.894886414047119360e+17 -1.240046167597316480e+17 -4.243085353064154240e+17 5.835503349657314560e+17 -1.036301221918161200e+16 2.326022374887015424e+18 1.126958063728906560e+17 8.799736816650702400e+16 1.230269584618570496e+18 -4.460699855798543200e+16 4.533971220844638080e+17 2.676700370722386000e+16 3.744786979029876000e+16 6.101524818096943360e+17 -1.405360487635751000e+16 1.946002334442148400e+16 -1.673575074849706000e+16 5.691189140558555520e+17 -2.670352402286953280e+17 3.904649956477852800e+16 4.610896336844360000e+16 2.553753939047600640e+17 1.631503330078926000e+15 1.709634614559503200e+16 -1.003612665362489400e+16 5.912537026603041280e+17 6.915956079710704000e+15 1.228649203315956600e+16 -2.342560325257842800e+16 -8.358576180492123000e+15
-3.314839780467176960e+17 -7.021413896285224000e+16 1.221641969270583840e+17 7.233323872470326400e+16 8.259140386690465280e+17 1.438538569058939840e+17 1.171332558236076000e+17 1.126958063728906560e+17 6.354561069267645440e+17 1.879327588382707840e+17 2.594909383171208000e+17 8.366555975201686400e+16 6.465528602814655200e+16 8.449133347301542400e+16 5.146817085134250400e+16 2.882143972362555200e+16 2.628151243364007600e+16 2.449260147625227200e+16 1.294927678274128000e+16 1.208047545720402880e+17 -1.486548602519160000e+17 3.289417165209392400e+16 5.396550120016507200e+16 -1.494427517723775600e+16 4.104738386484877600e+16 3.226508041952672400e+16 3.600196254972391875e+14 1.348658003566176600e+16 2.712949767666445600e+16 3.654041109630490400e+16 -4.864835975338321000e+15 4.707269864399020000e+15
1.218102473699823040e+17 -4.239207054907603200e+16 5.763455472601517600e+16 -3.196741129820494800e+16 8.084519974100680960e+17 9.750327813038945600e+16 1.155725362900610240e+17 8.799736816650702400e+16 1.879327588382707840e+17 1.109374637093338624e+18 4.053700299235215200e+16 -5.528780044559841000e+15 9.697687419996641600e+16 3.674612316866068800e+16 1.114746212195412960e+17 2.082476007383183200e+16 1.052395137131225800e+16 3.905194592098368000e+16 1.134583709179755800e+16 2.051340334276878500e+15 6.571784341417034400e+16 3.866695152799916000e+16 7.624730935507548800e+16 8.590794295589670400e+16 9.849824937415280000e+15 4.986820637110549600e+16 1.018164476931181800e+16 -2.098448601610458250e+15 2.027983163455572400e+16 3.820324868445266400e+16 5.544766420075978000e+15 1.900144699978774800e+16
5.212454207470600192e+18 1.456314786646234624e+18 -2.617694623517835840e+17 -1.332678006747682816e+18 1.104635117569547264e+19 3.223596408320228480e+17 -8.008890116229280000e+16 1.230269584618570496e+18 2.594909383171208000e+17 4.053700299235215200e+16 1.118914256291991388e+20 9.099495855774844160e+17 6.112493143613227520e+17 2.888513720850630400e+17 3.625041904197447680e+17 1.867273737514172160e+17 -5.975413287065670400e+16 -1.523940744819876160e+17 2.676913318638242560e+17 5.735959095258077440e+17 -6.009124882853817600e+17 -2.272600614400477200e+16 -1.880880682809143040e+17 9.279715600819131200e+16 3.827376394201445600e+16 -1.818767950784866240e+17 -1.607709393792617280e+17 4.338815705398913600e+16 -2.515210708792800960e+17 -6.548275598692597600e+16 -1.262131663956147800e+16 -1.677538612021285200e+16
-6.019903828970286080e+17 2.604006749428641280e+17 4.332796807373998400e+16 5.264333743730754400e+16 1.050582088881780480e+18 1.870992031630219840e+17 2.292742252918970240e+17 -4.460699855798543200e+16 8.366555975201686400e+16 -5.528780044559841000e+15 9.099495855774844160e+17 1.958171423004751360e+18 1.020073232824930080e+17 1.730354838370738880e+17 2.251983528172261600e+16 -1.291423997332084600e+16 4.657384798106132000e+16 2.214523038949150800e+16 5.019475673189420000e+16 5.647440432127614080e+17 2.904477043262559500e+15 1.182571665712044160e+17 2.828744549252586800e+16 -3.912640946000214500e+15 6.360346945105229600e+16 2.931661526331928125e+14 -1.010109398729615200e+16 -3.917622410182536875e+14 6.435917373090212800e+16 4.759297730007189000e+15 -2.918548849269406000e+15 -4.380206780000052000e+15
7.741163306680413440e+17 8.946401816671518720e+17 4.104175601687493760e+17 -7.847874100072059200e+16 2.443871718961305088e+18 3.988803118336293760e+17 1.823346883748964400e+16 4.533971220844638080e+17 6.465528602814655200e+16 9.697687419996641600e+16 6.112493143613227520e+17 1.020073232824930080e+17 1.476374816871379200e+18 1.033181278353916960e+17 5.771794847142868800e+16 3.050959448720035200e+17 3.606614265888129600e+16 5.517969525806013600e+16 4.950898370875112800e+16 -1.670235624930614600e+16 6.229849987962702080e+17 4.440555749357912000e+16 2.948835814516092000e+16 2.350683169291569280e+17 2.763242874272964800e+16 3.966603549048209600e+16 7.473810292762610000e+15 2.138976810793247040e+17 1.504529931776170800e+16 6.393687874048672000e+15 5.254170173782961000e+15 4.918540404420218000e+15
1.676878697732588160e+17 2.261278289090864640e+17 2.238425211495815200e+16 9.715133782106948800e+16 6.074162871357300480e+17 7.330348256245467200e+16 8.591349846951753600e+16 2.676700370722386000e+16 8.449133347301542400e+16 3.674612316866068800e+16 2.888513720850630400e+17 1.730354838370738880e+17 1.033181278353916960e+17 2.508401193769116800e+17 4.651731205181380000e+16 2.040569695862060000e+16 5.101219720078389600e+16 3.474484536322885600e+16 2.554145808185789600e+16 7.143625312835120800e+16 1.395803364687136000e+17 6.723917566977057600e+16 3.305568041906967200e+16 2.046546002811509600e+16 3.712156764968245600e+16 2.661367878891865600e+16 1.354995976076824000e+16 -9.542970702985924000e+15 4.451762282286809600e+16 1.455472187251568200e+16 1.082426254402728200e+16 7.837249381081578000e+15
-1.334577543609160640e+17 -5.106208585369073600e+16 -2.031132828147075200e+16 -9.444741140135848000e+15 4.604947764376699520e+17 7.028142168624032000e+16 1.815388674862066400e+16 3.744786979029876000e+16 5.146817085134250400e+16 1.114746212195412960e+17 3.625041904197447680e+17 2.251983528172261600e+16 5.771794847142868800e+16 4.651731205181380000e+16 2.487226564139696320e+17 1.003711038757072000e+16 6.217352630287925000e+15 6.146259099203648000e+16 5.172977895988200000e+16 3.446822691879197600e+16 7.710937828979160000e+16 4.535412709680333600e+16 6.098573982951774400e+16 7.718153481577270000e+15 1.545240504270411800e+16 3.060573689089436000e+16 1.301133615446454000e+16 2.375882267329016000e+16 8.183702869912260000e+15 2.498917411351911600e+16 -2.901240159448980000e+15 9.890261517109424000e+15
1.285504855196288256e+18 4.330121448230628480e+17 7.739390938511511040e+17 -1.005287485658408480e+17 -5.432266079308033280e+17 2.648531630852259200e+17 -6.709496068071944000e+16 6.101524818096943360e+17 2.882143972362555200e+16 2.082476007383183200e+16 1.867273737514172160e+17 -1.291423997332084600e+16 3.050959448720035200e+17 2.040569695862060000e+16 1.003711038757072000e+16 1.308177946525477376e+18 1.436110500152330000e+16 2.560945684324354000e+16 3.731697578374487200e+16 -5.878424099291854080e+17 1.868309001782700480e+17 -1.374232446788891000e+15 6.145821632018654000e+15 2.415099858844612800e+17 1.594144161944810750e+15 1.401278745753220800e+16 3.128134484139277200e+16 5.219921096524528000e+17 1.392404108830117600e+16 3.530539234628519000e+15 5.376354705511116000e+15 5.250685234376422000e+15
-1.273873950766327520e+17 8.398873126107107200e+16 5.676731487366992000e+16 1.108290314766030560e+17 3.580204948478740480e+17 2.703203117405001200e+16 6.540241074227436000e+16 -1.405360487635751000e+16 2.628151243364007600e+16 1.052395137131225800e+16 -5.975413287065670400e+16 4.657384798106132000e+16 3.606614265888129600e+16 5.101219720078389600e+16 6.217352630287925000e+15 1.436110500152330000e+16 2.993783359941660160e+17 3.516821029683432800e+16 4.326537242873014400e+16 -1.254743717935153600e+17 1.430634015501292200e+16 2.733126429581986400e+16 1.016149603303100400e+16 9.650011332060074000e+15 4.411988559101164000e+16 2.081070265582775600e+16 1.479902028322168000e+16 -6.003574301701075000e+15 3.831587717052798400e+16 3.422714539097457500e+15 4.955776123350888000e+15 1.361719618486058000e+16
-1.705625001089785920e+17 5.119090101479834400e+16 2.483536532073421200e+16 4.287227285319418400e+16 3.146153228534913600e+16 4.520324864257048800e+16 8.260628007705860000e+15 1.946002334442148400e+16 2.449260147625227200e+16 3.905194592098368000e+16 -1.523940744819876160e+17 2.214523038949150800e+16 5.517969525806013600e+16 3.474484536322885600e+16 6.146259099203648000e+16 2.560945684324354000e+16 3.516821029683432800e+16 1.708424132118391040e+17 5.847837178872885600e+16 -5.525797283013187200e+16 6.499467898179944800e+16 2.194355531514117200e+16 2.242450604843400400e+16 2.390083129393172000e+16 1.809747420134250400e+16 3.017755189554646000e+16 2.780169421403019200e+16 1.882378679547541200e+16 7.139212612143007000e+15 1.879549096279800400e+16 8.942676414929267000e+15 4.609882032700408000e+15
-6.249980186984766400e+16 1.366505105482462560e+17 -1.544600391412866600e+16 -1.378720931443818400e+16 -6.400043887972032000e+17 7.781464617588889600e+16 8.677648560807651000e+15 -1.673575074849706000e+16 1.294927678274128000e+16 1.134583709179755800e+16 2.676913318638242560e+17 5.019475673189420000e+16 4.950898370875112800e+16 2.554145808185789600e+16 5.172977895988200000e+16 3.731697578374487200e+16 4.326537242873014400e+16 5.847837178872885600e+16 3.643385696765895040e+17 -1.666004986036061440e+17 -1.783971628666333760e+17 3.169179030267949200e+16 3.750744819606592800e+16 1.909316603598706400e+16 1.477098788946476000e+16 2.764184973694527600e+16 3.451536524768583200e+16 1.879235022090590400e+16 9.206300686867890000e+15 1.158985046924866400e+16 7.836601078984253000e+15 6.987511126122089000e+15
-2.541099934881395200e+18 2.498421003776752320e+17 9.896716862943816960e+17 -3.101311222279392640e+17 -2.338074001040751680e+17 -1.681015696048406720e+17 -2.427481209172032640e+17 5.691189140558555520e+17 1.208047545720402880e+17 2.051340334276878500e+15 5.735959095258077440e+17 5.647440432127614080e+17 -1.670235624930614600e+16 7.143625312835120800e+16 3.446822691879197600e+16 -5.878424099291854080e+17 -1.254743717935153600e+17 -5.525797283013187200e+16 -1.666004986036061440e+17 7.331672913347228467e+19 1.316772698162920192e+18 5.297425139530748160e+17 -4.205347689362378400e+16 1.032412553190618000e+16 -5.630192510783880000e+15 -6.509796215910848800e+16 -1.325629622376537760e+17 -3.868736033443077600e+16 1.159863123471145920e+17 -1.566414433615934600e+16 -5.975195799933609000e+15 -8.354141648522187200e+16
3.444517696955312640e+18 4.649526111043262720e+17 -3.628991650192241280e+17 -1.544699347956073920e+17 -3.785775062618594304e+18 2.512562373897260480e+17 1.196468110258164800e+17 -2.670352402286953280e+17 -1.486548602519160000e+17 6.571784341417034400e+16 -6.009124882853817600e+17 2.904477043262559500e+15 6.229849987962702080e+17 1.395803364687136000e+17 7.710937828979160000e+16 1.868309001782700480e+17 1.430634015501292200e+16 6.499467898179944800e+16 -1.783971628666333760e+17 1.316772698162920192e+18 4.972119731199657574e+19 9.442794379671753600e+16 -1.529553336978189440e+17 4.212341740963256960e+17 -4.971035188276479200e+16 4.310200613216423200e+16 -9.203738245461102400e+16 -1.583878421090594240e+17 -1.883167689750875200e+16 -6.387469488309818400e+16 1.204537069614833500e+15 -6.974380748882535200e+16
1.339238506633404160e+17 1.489526492381321920e+17 1.281837280538412000e+17 1.556086527218625000e+16 -9.057726929892931200e+16 8.820889166728379200e+16 8.786118141406467200e+16 3.904649956477852800e+16 3.289417165209392400e+16 3.866695152799916000e+16 -2.272600614400477200e+16 1.182571665712044160e+17 4.440555749357912000e+16 6.723917566977057600e+16 4.535412709680333600e+16 -1.374232446788891000e+15 2.733126429581986400e+16 2.194355531514117200e+16 3.169179030267949200e+16 5.297425139530748160e+17 9.442794379671753600e+16 4.918728115864498560e+17 7.722489548120625600e+16 3.412236555607476400e+16 4.723818512901766400e+16 2.275164581068538400e+16 7.164706626595725000e+15 5.572410817764273600e+16 4.317422318494242400e+16 3.578337757966441600e+16 1.290554135039431000e+16 1.763279315944052800e+16
-1.370795727065399200e+17 -4.745497890338396000e+16 2.593917474212128800e+16 -5.663672400168575000e+15 -4.440393331258839200e+16 4.374796910397668800e+16 4.501780574525448000e+16 4.610896336844360000e+16 5.396550120016507200e+16 7.624730935507548800e+16 -1.880880682809143040e+17 2.828744549252586800e+16 2.948835814516092000e+16 3.305568041906967200e+16 6.098573982951774400e+16 6.145821632018654000e+15 1.016149603303100400e+16 2.242450604843400400e+16 3.750744819606592800e+16 -4.205347689362378400e+16 -1.529553336978189440e+17 7.722489548120625600e+16 2.257121559356037760e+17 -4.873899059632007000e+15 2.568835276880236000e+16 4.359485203938480000e+16 5.937734223157971000e+15 1.661042709422598800e+16 1.447620322293316600e+16 4.047655067949132000e+16 8.051609177806467000e+15 1.508575585399849200e+16
5.497195551696702720e+17 5.145737202071719680e+17 2.472674560853464000e+17 -1.276717244189999800e+16 3.867167494388374400e+17 3.441930912015730560e+17 1.837698074814747600e+16 2.553753939047600640e+17 -1.494427517723775600e+16 8.590794295589670400e+16 9.279715600819131200e+16 -3.912640946000214500e+15 2.350683169291569280e+17 2.046546002811509600e+16 7.718153481577270000e+15 2.415099858844612800e+17 9.650011332060074000e+15 2.390083129393172000e+16 1.909316603598706400e+16 1.032412553190618000e+16 4.212341740963256960e+17 3.412236555607476400e+16 -4.873899059632007000e+15 8.206619259225487360e+17 2.347595410642507600e+16 2.047776618639678400e+16 4.441387172519645000e+15 2.501253897021885760e+17 2.660774281513505600e+16 -4.404876997798156500e+15 7.350003125509747000e+15 7.774024935861235000e+15
-2.965210223475532160e+17 -1.224826970081942800e+16 1.144284480708079400e+16 6.685699406448852800e+16 3.605691297227272320e+17 9.718104095700419200e+16 7.991350482453587200e+16 1.631503330078926000e+15 4.104738386484877600e+16 9.849824937415280000e+15 3.827376394201445600e+16 6.360346945105229600e+16 2.763242874272964800e+16 3.712156764968245600e+16 1.545240504270411800e+16 1.594144161944810750e+15 4.411988559101164000e+16 1.809747420134250400e+16 1.477098788946476000e+16 -5.630192510783880000e+15 -4.971035188276479200e+16 4.723818512901766400e+16 2.568835276880236000e+16 2.347595410642507600e+16 1.331581162528181120e+17 1.728850951487927000e+16 1.392084735900324000e+16 1.225981445909783600e+16 4.782201477628604000e+16 9.395378175527740000e+15 8.503768541279324000e+15 5.007399749480964000e+15
1.512917997575204600e+16 4.756597873483660000e+16 1.856447665244541600e+16 3.688190363092243000e+15 1.687022453722302080e+17 3.943221276182208800e+16 2.119170609343720000e+16 1.709634614559503200e+16 3.226508041952672400e+16 4.986820637110549600e+16 -1.818767950784866240e+17 2.931661526331928125e+14 3.966603549048209600e+16 2.661367878891865600e+16 3.060573689089436000e+16 1.401278745753220800e+16 2.081070265582775600e+16 3.017755189554646000e+16 2.764184973694527600e+16 -6.509796215910848800e+16 4.310200613216423200e+16 2.275164581068538400e+16 4.359485203938480000e+16 2.047776618639678400e+16 1.728850951487927000e+16 6.867915817636638400e+16 1.888772296282467200e+16 2.649350414400326400e+16 1.248776192018517400e+16 2.327818727513576400e+16 1.258834185515250800e+16 1.520029263059574800e+16
3.241505372569487600e+16 2.217082230582121200e+16 -1.102970618785039600e+16 -4.097020246272077000e+15 -5.471028519865212160e+17 -9.377727465387574000e+15 2.649207865163915000e+15 -1.003612665362489400e+16 3.600196254972391875e+14 1.018164476931181800e+16 -1.607709393792617280e+17 -1.010109398729615200e+16 7.473810292762610000e+15 1.354995976076824000e+16 1.301133615446454000e+16 3.128134484139277200e+16 1.479902028322168000e+16 2.780169421403019200e+16 3.451536524768583200e+16 -1.325629622376537760e+17 -9.203738245461102400e+16 7.164706626595725000e+15 5.937734223157971000e+15 4.441387172519645000e+15 1.392084735900324000e+16 1.888772296282467200e+16 8.507196549380164800e+16 1.086987485580505200e+16 9.069694913019102000e+15 1.137888923366153000e+16 2.169816541278570400e+16 1.018802880236970200e+16
1.329238416688582400e+18 5.657053284175223040e+17 6.735530691140935680e+17 -5.820677037257820000e+16 4.454861490157284480e+17 3.195399293995921920e+17 -4.166857419558988000e+15 5.912537026603041280e+17 1.348658003566176600e+16 -2.098448601610458250e+15 4.338815705398913600e+16 -3.917622410182536875e+14 2.138976810793247040e+17 -9.542970702985924000e+15 2.375882267329016000e+16 5.219921096524528000e+17 -6.003574301701075000e+15 1.882378679547541200e+16 1.879235022090590400e+16 -3.868736033443077600e+16 -1.583878421090594240e+17 5.572410817764273600e+16 1.661042709422598800e+16 2.501253897021885760e+17 1.225981445909783600e+16 2.649350414400326400e+16 1.086987485580505200e+16 9.201118233614158080e+17 3.392504109745660800e+16 1.461908321194173000e+15 1.410247145338770250e+15 1.111448964980699000e+16
-1.721787245699464640e+17 7.295248102971217600e+16 3.977959099119420000e+16 9.747058071885310400e+16 1.873596962149008640e+17 6.248041989626512800e+16 7.678382619434299200e+16 6.915956079710704000e+15 2.712949767666445600e+16 2.027983163455572400e+16 -2.515210708792800960e+17 6.435917373090212800e+16 1.504529931776170800e+16 4.451762282286809600e+16 8.183702869912260000e+15 1.392404108830117600e+16 3.831587717052798400e+16 7.139212612143007000e+15 9.206300686867890000e+15 1.159863123471145920e+17 -1.883167689750875200e+16 4.317422318494242400e+16 1.447620322293316600e+16 2.660774281513505600e+16 4.782201477628604000e+16 1.248776192018517400e+16 9.069694913019102000e+15 3.392504109745660800e+16 1.746891505732119680e+17 2.145960232747258400e+16 1.716632279190322200e+16 9.452537579960216000e+15
3.607512761849407200e+16 -2.308501083405808800e+16 -1.012825098095246400e+16 2.168686362276104000e+16 -1.002374154392552480e+17 1.125256114584709400e+16 1.826654958975928800e+16 1.228649203315956600e+16 3.654041109630490400e+16 3.820324868445266400e+16 -6.548275598692597600e+16 4.759297730007189000e+15 6.393687874048672000e+15 1.455472187251568200e+16 2.498917411351911600e+16 3.530539234628519000e+15 3.422714539097457500e+15 1.879549096279800400e+16 1.158985046924866400e+16 -1.566414433615934600e+16 -6.387469488309818400e+16 3.578337757966441600e+16 4.047655067949132000e+16 -4.404876997798156500e+15 9.395378175527740000e+15 2.327818727513576400e+16 1.137888923366153000e+16 1.461908321194173000e+15 2.145960232747258400e+16 9.517320975755752000e+16 1.643859893760992200e+16 1.355234746029595800e+16
1.194093264917585760e+17 5.005776111274071200e+16 -4.303732336437551500e+15 3.376844882012900000e+16 -1.508884558873092800e+17 1.195112343380297750e+15 -1.261327634682272600e+16 -2.342560325257842800e+16 -4.864835975338321000e+15 5.544766420075978000e+15 -1.262131663956147800e+16 -2.918548849269406000e+15 5.254170173782961000e+15 1.082426254402728200e+16 -2.901240159448980000e+15 5.376354705511116000e+15 4.955776123350888000e+15 8.942676414929267000e+15 7.836601078984253000e+15 -5.975195799933609000e+15 1.204537069614833500e+15 1.290554135039431000e+16 8.051609177806467000e+15 7.350003125509747000e+15 8.503768541279324000e+15 1.258834185515250800e+16 2.169816541278570400e+16 1.410247145338770250e+15 1.716632279190322200e+16 1.643859893760992200e+16 6.711237318994985600e+16 2.309445134059532800e+16
1.401029279146267200e+17 1.490400073268135800e+16 1.136712669593617800e+16 -2.397556329277344400e+16 1.260530309122168960e+17 -5.087604717403427200e+16 -1.619866812416967600e+16 -8.358576180492123000e+15 4.707269864399020000e+15 1.900144699978774800e+16 -1.677538612021285200e+16 -4.380206780000052000e+15 4.918540404420218000e+15 7.837249381081578000e+15 9.890261517109424000e+15 5.250685234376422000e+15 1.361719618486058000e+16 4.609882032700408000e+15 6.987511126122089000e+15 -8.354141648522187200e+16 -6.974380748882535200e+16 1.763279315944052800e+16 1.508575585399849200e+16 7.774024935861235000e+15 5.007399749480964000e+15 1.520029263059574800e+16 1.018802880236970200e+16 1.111448964980699000e+16 9.452537579960216000e+15 1.355234746029595800e+16 2.309445134059532800e+16 1.542618853432377600e+17
